# step wm_danger det_logit danger fire dist_t dx dy yaw tbrg offaxis
0 1.5355 1.1614 0 0.0000 6.083 -6.00 0.00 -0.32 0.00 0.32
1 -0.5240 0.4324 0 0.0000 12.042 -0.23 -11.86 1.57 1.57 0.00
2 -0.3469 0.4832 0 0.0000 12.043 -0.24 -11.86 1.57 1.57 0.00
3 -0.1970 0.5748 0 0.0000 12.037 -0.24 -11.86 1.57 1.57 0.00
4 -0.2652 0.4793 0 0.0000 12.019 -0.24 -11.84 1.57 1.57 0.00
5 -0.4713 0.3583 0 0.0000 11.987 -0.24 -11.81 1.57 1.57 0.00
6 -0.5517 0.3014 0 0.0000 11.945 -0.24 -11.76 1.57 1.57 0.00
7 -0.6014 0.2384 0 0.0000 11.891 -0.24 -11.71 1.57 1.57 0.00
8 -0.6226 0.1833 0 0.0000 11.828 -0.23 -11.65 1.57 1.57 0.00
9 -0.6502 0.1331 0 0.0000 11.756 -0.22 -11.58 1.57 1.57 0.00
10 -0.6297 0.0795 0 0.0000 11.678 -0.21 -11.50 1.57 1.57 0.00
11 -0.7492 -0.0430 0 0.0000 11.596 -0.20 -11.42 1.57 1.57 0.00
12 -0.7969 -0.1216 0 0.0000 11.512 -0.18 -11.33 1.57 1.58 0.01
13 -0.8277 -0.2050 0 0.0000 11.427 -0.17 -11.25 1.57 1.58 0.01
14 -0.9031 -0.2987 0 0.0000 11.342 -0.15 -11.16 1.57 1.58 0.01
15 -0.9558 -0.3973 0 0.0000 11.258 -0.13 -11.08 1.57 1.58 0.01
16 -0.9991 -0.4665 0 0.0000 11.172 -0.12 -10.99 1.57 1.58 0.01
17 -0.9838 -0.5205 0 0.0000 11.086 -0.10 -10.90 1.57 1.58 0.01
18 -1.0361 -0.6304 0 0.0000 10.998 -0.09 -10.81 1.57 1.58 0.01
19 -0.9508 -0.6883 0 0.0000 10.910 -0.07 -10.73 1.57 1.59 0.01
20 -0.8524 -0.7323 0 0.0000 10.820 -0.06 -10.63 1.57 1.59 0.01
21 -0.7662 -0.7709 0 0.0000 10.730 -0.05 -10.54 1.57 1.59 0.02
22 -0.6959 -0.8156 0 0.0000 10.640 -0.03 -10.45 1.57 1.59 0.02
23 -0.6122 -0.9038 0 0.0000 10.549 -0.02 -10.36 1.57 1.59 0.02
24 -0.4584 -0.9380 0 0.0000 10.456 -0.01 -10.27 1.57 1.59 0.02
25 -0.3384 -0.9233 0 0.0000 10.362 -0.01 -10.17 1.57 1.59 0.02
26 -0.2529 -0.9255 0 0.0000 10.267 -0.00 -10.08 1.57 1.59 0.02
27 -0.1369 -0.9111 0 0.0000 10.171 0.00 -9.98 1.57 1.59 0.03
28 -0.0344 -0.9278 0 0.0000 10.075 0.00 -9.88 1.57 1.59 0.03
29 0.2043 -0.8402 0 0.0000 9.978 0.01 -9.79 1.57 1.59 0.03
30 0.2596 -0.8857 0 0.0000 9.884 0.01 -9.69 1.57 1.60 0.03
31 0.3104 -0.8902 0 0.0000 9.792 0.01 -9.60 1.57 1.60 0.03
32 0.3169 -0.9253 0 0.0000 9.701 0.01 -9.51 1.56 1.60 0.03
33 0.3794 -0.9132 0 0.0000 9.611 0.01 -9.42 1.57 1.60 0.03
34 0.4821 -0.9018 0 0.0000 9.521 0.01 -9.33 1.57 1.60 0.03
35 0.5319 -0.8814 0 0.0000 9.432 0.01 -9.24 1.56 1.60 0.03
36 0.7315 -0.6649 0 0.0000 9.344 0.01 -9.15 1.56 1.60 0.03
37 0.7342 -0.6554 0 0.0000 9.262 0.01 -9.07 1.56 1.60 0.03
38 0.6669 -0.7182 0 0.0000 9.182 0.01 -8.99 1.56 1.60 0.03
39 0.7580 -0.6197 0 0.0000 9.105 0.00 -8.91 1.56 1.60 0.03
40 0.7448 -0.5905 0 0.0000 9.028 0.00 -8.83 1.56 1.60 0.03
41 0.7564 -0.5543 0 0.0000 8.952 0.00 -8.76 1.56 1.60 0.03
42 0.7994 -0.4956 0 0.0000 8.874 -0.00 -8.68 1.56 1.60 0.03
43 0.8272 -0.4099 0 0.0000 8.794 -0.00 -8.60 1.57 1.60 0.03
44 0.8859 -0.2860 0 0.0000 8.712 -0.01 -8.51 1.57 1.60 0.03
45 0.9207 -0.2023 0 0.0000 8.627 -0.01 -8.43 1.57 1.60 0.03
46 0.9834 -0.0589 0 0.0000 8.540 -0.01 -8.34 1.56 1.60 0.03
47 1.0004 0.0302 0 0.0000 8.453 -0.01 -8.25 1.56 1.60 0.03
48 1.1530 0.2775 0 0.0000 8.366 -0.01 -8.17 1.56 1.60 0.03
49 1.1118 0.3109 0 0.0000 8.282 -0.01 -8.08 1.56 1.60 0.03
50 1.2244 0.5026 0 0.0000 8.200 -0.01 -8.00 1.57 1.60 0.03
51 1.1353 0.4688 0 0.0000 8.121 -0.01 -7.92 1.57 1.60 0.03
52 1.0472 0.4554 0 0.0000 8.041 -0.01 -7.84 1.57 1.60 0.03
53 1.0100 0.4805 1 0.0500 7.960 -0.01 -7.76 1.57 1.60 0.03
54 1.0044 0.5470 1 0.1000 7.876 -0.01 -7.67 1.56 1.60 0.03
55 1.0248 0.6461 1 0.1500 7.789 -0.02 -7.58 1.56 1.60 0.03
56 1.1012 0.7789 1 0.2000 7.700 -0.02 -7.49 1.56 1.60 0.03
57 1.1079 0.8316 1 0.2500 7.609 -0.02 -7.40 1.56 1.60 0.04
58 1.0630 0.8394 1 0.3000 7.516 -0.02 -7.31 1.57 1.60 0.03
59 1.1957 1.0027 1 0.3500 7.422 -0.02 -7.21 1.57 1.60 0.03
60 1.2252 1.0769 1 0.4000 7.328 -0.02 -7.12 1.57 1.60 0.03
61 1.2071 1.0738 1 0.4500 7.234 -0.02 -7.02 1.57 1.60 0.03
62 1.1668 1.0707 1 0.5000 7.142 -0.02 -6.93 1.57 1.60 0.03
63 1.1726 1.0920 1 0.5500 7.052 -0.02 -6.84 1.57 1.60 0.03
64 1.0938 1.0812 1 0.6000 6.966 -0.02 -6.75 1.57 1.60 0.03
65 1.1466 1.1685 1 0.6500 6.881 -0.02 -6.67 1.57 1.60 0.03
66 1.1371 1.1832 1 0.7000 6.796 -0.02 -6.58 1.58 1.60 0.03
67 1.1508 1.2282 1 0.7500 6.710 -0.01 -6.49 1.58 1.60 0.03
68 1.0876 1.2035 1 0.8000 6.621 -0.01 -6.40 1.58 1.60 0.03
69 0.9135 1.0367 1 0.8500 6.531 -0.01 -6.31 1.58 1.61 0.03
70 0.8665 1.0301 1 0.9000 6.441 -0.01 -6.22 1.58 1.61 0.03
71 0.8248 0.9719 1 0.9500 6.353 -0.01 -6.13 1.58 1.61 0.03
72 0.7015 0.8919 0 1.0000 6.269 -0.01 -6.05 1.58 1.61 0.03
73 0.4687 0.7561 0 1.0000 6.180 -0.01 -5.96 1.57 1.61 0.04
74 0.3673 0.7277 0 1.0000 6.080 -0.02 -5.88 1.55 1.61 0.06
75 0.7275 0.9966 0 1.0000 5.976 -0.02 -5.80 1.52 1.61 0.08
76 1.1357 1.3620 0 1.0000 5.872 -0.02 -5.72 1.48 1.61 0.12
77 1.2082 1.3848 0 1.0000 5.779 -0.03 -5.64 1.44 1.61 0.16
78 1.0309 1.1921 0 1.0000 5.709 -0.05 -5.56 1.39 1.60 0.21
79 0.3260 1.2593 0 1.0000 5.682 -0.07 -5.48 1.33 1.60 0.27
80 -0.8245 0.1944 0 1.0000 5.722 -0.09 -5.40 1.27 1.60 0.32
81 -0.6096 0.2725 0 1.0000 5.857 -0.11 -5.32 1.21 1.59 0.38
82 -0.1165 0.2111 0 1.0000 6.112 -0.13 -5.24 1.15 1.59 0.44
83 0.3053 0.4141 0 1.0000 6.507 -0.15 -5.15 1.08 1.59 0.51
84 0.5948 0.6701 0 1.0000 7.055 -0.18 -5.07 1.01 1.58 0.57
85 0.6837 0.8053 0 1.0000 7.759 -0.21 -4.98 0.94 1.58 0.63
86 0.7961 0.9630 0 1.0000 8.618 -0.24 -4.90 0.87 1.57 0.70
87 0.9975 1.1205 0 1.0000 9.623 -0.27 -4.81 0.81 1.56 0.76
