# step wm_danger det_logit danger fire dist_t dx dy yaw tbrg offaxis
0 -0.6169 -0.3944 0 0.0000 19.000 6.00 -6.00 0.55 1.89 1.34
1 -0.1385 0.3054 0 0.0000 12.042 -0.30 12.11 -1.57 -1.57 0.00
2 0.0950 0.4927 0 0.0000 12.043 -0.30 12.11 -1.57 -1.57 0.00
3 0.2237 0.5898 0 0.0000 12.039 -0.30 12.11 -1.57 -1.57 0.00
4 0.1720 0.5561 0 0.0000 12.027 -0.29 12.10 -1.58 -1.57 0.01
5 0.1343 0.5269 0 0.0000 12.004 -0.28 12.07 -1.58 -1.57 0.01
6 -0.0672 0.4265 0 0.0000 11.971 -0.27 12.04 -1.58 -1.57 0.00
7 -0.3486 0.2549 0 0.0000 11.931 -0.26 12.00 -1.58 -1.57 0.00
8 -0.2885 0.3229 0 0.0000 11.886 -0.25 11.96 -1.58 -1.57 0.00
9 -0.3339 0.2754 0 0.0000 11.835 -0.24 11.90 -1.58 -1.58 0.00
10 -0.5365 0.1297 0 0.0000 11.777 -0.23 11.85 -1.57 -1.58 0.00
11 -0.8932 -0.1730 0 0.0000 11.712 -0.21 11.78 -1.57 -1.58 0.00
12 -1.1193 -0.3041 0 0.0000 11.644 -0.20 11.71 -1.57 -1.58 0.01
13 -1.2957 -0.4914 0 0.0000 11.576 -0.19 11.64 -1.57 -1.58 0.01
14 -1.3711 -0.6043 0 0.0000 11.507 -0.18 11.58 -1.57 -1.58 0.01
15 -1.4600 -0.7172 0 0.0000 11.435 -0.17 11.50 -1.57 -1.58 0.01
16 -1.5579 -0.8157 0 0.0000 11.360 -0.16 11.43 -1.57 -1.58 0.01
17 -1.8375 -0.9968 0 0.0000 11.281 -0.16 11.35 -1.58 -1.58 0.01
18 -1.8596 -1.0045 0 0.0000 11.204 -0.15 11.27 -1.58 -1.58 0.01
19 -2.0692 -1.2475 0 0.0000 11.131 -0.14 11.20 -1.58 -1.59 0.01
20 -2.0354 -1.3050 0 0.0000 11.057 -0.13 11.12 -1.58 -1.59 0.01
21 -2.0791 -1.4090 0 0.0000 10.981 -0.12 11.05 -1.58 -1.59 0.01
22 -2.0783 -1.4461 0 0.0000 10.902 -0.11 10.97 -1.58 -1.59 0.01
23 -2.1147 -1.5346 0 0.0000 10.819 -0.10 10.88 -1.58 -1.59 0.01
24 -2.0013 -1.6795 0 0.0000 10.733 -0.09 10.80 -1.58 -1.59 0.01
25 -2.0296 -1.8426 0 0.0000 10.643 -0.08 10.71 -1.58 -1.59 0.01
26 -1.8651 -1.9123 0 0.0000 10.552 -0.07 10.62 -1.58 -1.59 0.02
27 -1.7010 -1.9880 0 0.0000 10.459 -0.06 10.52 -1.57 -1.59 0.02
28 -1.6781 -2.0742 0 0.0000 10.364 -0.05 10.43 -1.57 -1.59 0.02
29 -1.5497 -2.1276 0 0.0000 10.270 -0.04 10.33 -1.57 -1.60 0.02
30 -1.5324 -2.2809 0 0.0000 10.177 -0.04 10.24 -1.57 -1.60 0.03
31 -1.3778 -2.2964 0 0.0000 10.084 -0.03 10.14 -1.57 -1.60 0.03
32 -1.1987 -2.2835 0 0.0000 9.992 -0.02 10.05 -1.57 -1.60 0.03
33 -1.0529 -2.2897 0 0.0000 9.899 -0.02 9.96 -1.57 -1.60 0.03
34 -0.8535 -2.2702 0 0.0000 9.805 -0.02 9.86 -1.57 -1.60 0.03
35 -0.6611 -2.2397 0 0.0000 9.710 -0.01 9.77 -1.57 -1.60 0.03
36 -0.5300 -2.2163 0 0.0000 9.614 -0.01 9.67 -1.57 -1.60 0.03
37 -0.3725 -2.2434 0 0.0000 9.518 -0.01 9.57 -1.57 -1.60 0.03
38 -0.2443 -2.1525 0 0.0000 9.422 -0.01 9.48 -1.57 -1.60 0.03
39 0.0156 -2.0545 0 0.0000 9.326 -0.01 9.38 -1.58 -1.60 0.03
40 0.0949 -1.9219 0 0.0000 9.232 -0.01 9.29 -1.57 -1.60 0.03
41 0.1763 -1.7870 0 0.0000 9.138 -0.01 9.19 -1.57 -1.60 0.03
42 0.3638 -1.6800 0 0.0000 9.044 -0.01 9.10 -1.57 -1.60 0.03
43 0.3670 -1.6066 0 0.0000 8.951 -0.01 9.00 -1.57 -1.60 0.03
44 0.4065 -1.5550 0 0.0000 8.859 -0.00 8.91 -1.57 -1.60 0.03
45 0.4843 -1.4684 0 0.0000 8.767 0.00 8.82 -1.57 -1.60 0.03
46 0.9898 -1.0353 0 0.0000 8.674 0.00 8.73 -1.57 -1.61 0.03
47 0.7557 -1.0867 0 0.0000 8.583 0.01 8.63 -1.57 -1.61 0.03
48 0.7054 -1.0599 0 0.0000 8.493 0.01 8.54 -1.57 -1.61 0.03
49 0.7538 -0.9305 0 0.0000 8.403 0.01 8.45 -1.57 -1.61 0.03
50 0.8464 -0.7292 0 0.0000 8.312 0.01 8.36 -1.57 -1.61 0.03
51 0.8047 -0.5083 0 0.0000 8.219 0.01 8.27 -1.57 -1.61 0.04
52 0.8271 -0.3423 0 0.0000 8.127 0.01 8.17 -1.57 -1.61 0.04
53 0.8792 -0.2082 0 0.0000 8.035 0.01 8.08 -1.57 -1.61 0.04
54 0.9451 -0.0736 1 0.0500 7.942 0.01 7.99 -1.57 -1.61 0.04
55 1.1009 0.3267 1 0.1000 7.849 0.01 7.89 -1.57 -1.61 0.04
56 0.9747 0.2772 1 0.1500 7.757 0.01 7.80 -1.57 -1.61 0.04
57 1.0188 0.3519 1 0.2000 7.665 0.01 7.71 -1.57 -1.61 0.04
58 2.1458 1.5664 1 0.2500 7.574 0.01 7.62 -1.57 -1.61 0.04
59 1.8992 1.4587 1 0.3000 7.487 0.00 7.53 -1.57 -1.61 0.04
60 1.2413 0.9132 1 0.3500 7.405 0.00 7.44 -1.57 -1.61 0.04
61 1.1105 0.7363 1 0.4000 7.323 0.00 7.36 -1.57 -1.61 0.04
62 1.2906 0.9709 1 0.4500 7.241 0.00 7.28 -1.57 -1.61 0.04
63 1.2050 0.9110 1 0.5000 7.159 0.00 7.20 -1.57 -1.61 0.04
64 1.1748 0.8658 1 0.5500 7.077 0.00 7.11 -1.57 -1.61 0.04
65 1.1998 0.9316 1 0.6000 6.993 0.00 7.03 -1.57 -1.61 0.04
66 1.2517 1.0315 1 0.6500 6.908 -0.00 6.94 -1.57 -1.61 0.04
67 1.2908 1.1885 1 0.7000 6.820 -0.01 6.86 -1.57 -1.61 0.04
68 1.5111 1.4552 1 0.7500 6.732 -0.01 6.77 -1.58 -1.61 0.04
69 1.6261 1.6453 1 0.8000 6.644 -0.02 6.68 -1.58 -1.61 0.04
70 2.1385 2.2262 1 0.8500 6.555 -0.02 6.59 -1.58 -1.61 0.04
71 1.6195 1.8147 1 0.9000 6.468 -0.03 6.50 -1.58 -1.61 0.04
72 1.8729 2.1629 1 0.9500 6.382 -0.03 6.41 -1.58 -1.61 0.04
73 1.5555 1.9487 0 1.0000 6.296 -0.03 6.33 -1.58 -1.61 0.04
74 1.2232 1.6809 0 1.0000 6.204 -0.04 6.24 -1.58 -1.61 0.04
75 1.6630 2.0800 0 1.0000 6.101 -0.04 6.15 -1.59 -1.61 0.02
76 1.7916 2.3977 0 1.0000 5.992 -0.04 6.07 -1.61 -1.61 0.00
77 2.0045 2.5476 0 1.0000 5.884 -0.04 5.98 -1.63 -1.61 0.01
78 2.4352 2.8160 0 1.0000 5.787 -0.04 5.89 -1.63 -1.62 0.01
79 2.0294 2.4781 0 1.0000 5.739 -0.07 5.84 -1.61 -1.61 0.00
80 2.3993 2.5455 0 1.0000 5.760 -0.13 5.87 -1.61 -1.60 0.01
81 1.9163 2.0250 0 1.0000 5.756 -0.16 5.86 -1.60 -1.59 0.01
82 1.6954 1.8868 0 1.0000 5.736 -0.17 5.84 -1.60 -1.59 0.00
83 2.2532 2.3015 0 1.0000 5.740 -0.14 5.85 -1.60 -1.60 0.00
84 2.3819 2.6454 0 1.0000 5.741 -0.09 5.84 -1.60 -1.61 0.01
85 2.2266 2.2536 0 1.0000 5.743 -0.06 5.84 -1.60 -1.61 0.01
86 2.1077 2.1416 0 1.0000 5.744 -0.06 5.84 -1.60 -1.61 0.01
87 2.0188 2.0373 0 1.0000 5.744 -0.06 5.84 -1.60 -1.61 0.01
88 1.9404 1.9493 0 1.0000 5.744 -0.06 5.84 -1.60 -1.61 0.01
