# step wm_danger det_logit danger fire dist_t
0 1.1606 1.2196 0 0.0000 19.000
1 -1.3837 0.3118 0 0.0000 24.020
2 -0.6169 0.6333 0 0.0000 24.014
3 -0.7465 0.5755 0 0.0000 23.998
4 -0.8690 0.4748 0 0.0000 23.972
5 -1.0970 0.3826 0 0.0000 23.936
6 -1.3584 0.2594 0 0.0000 23.892
7 -1.5784 0.1529 0 0.0000 23.841
8 -1.7571 0.0427 0 0.0000 23.784
9 -2.0186 -0.1663 0 0.0000 23.723
10 -2.2139 -0.3303 0 0.0000 23.659
11 -2.3462 -0.4503 0 0.0000 23.592
12 -2.5651 -0.6500 0 0.0000 23.524
13 -2.7518 -0.8237 0 0.0000 23.456
14 -2.8692 -0.9403 0 0.0000 23.386
15 -2.9709 -1.0506 0 0.0000 23.316
16 -3.1097 -1.2019 0 0.0000 23.246
17 -3.1385 -1.3042 0 0.0000 23.176
18 -3.0367 -1.5007 0 0.0000 23.106
19 -2.9236 -1.5856 0 0.0000 23.036
20 -2.8326 -1.7231 0 0.0000 22.966
21 -2.6812 -1.8142 0 0.0000 22.896
22 -2.6027 -1.8875 0 0.0000 22.826
23 -2.5089 -1.9637 0 0.0000 22.756
24 -2.3785 -2.0391 0 0.0000 22.686
25 -2.2727 -2.1286 0 0.0000 22.616
26 -2.1208 -2.1644 0 0.0000 22.546
27 -1.9750 -2.1794 0 0.0000 22.476
28 -1.8091 -2.2459 0 0.0000 22.406
29 -1.6793 -2.2431 0 0.0000 22.336
30 -1.4820 -2.2287 0 0.0000 22.266
31 -1.3453 -2.2278 0 0.0000 22.196
32 -1.1778 -2.2121 0 0.0000 22.126
33 -1.0097 -2.2006 0 0.0000 22.056
34 -0.8691 -2.1992 0 0.0000 21.986
35 -0.7358 -2.1861 0 0.0000 21.916
36 -0.5730 -2.1254 0 0.0000 21.847
37 -0.3728 -2.0312 0 0.0000 21.777
38 -0.2566 -2.0144 0 0.0000 21.707
39 -0.1450 -1.9753 0 0.0000 21.637
40 0.0228 -1.8823 0 0.0000 21.567
41 0.1336 -1.8181 0 0.0000 21.497
42 0.2227 -1.7624 0 0.0000 21.427
43 0.4162 -1.6162 0 0.0000 21.357
44 0.5087 -1.5474 0 0.0000 21.287
45 0.5638 -1.4945 0 0.0000 21.217
46 0.5936 -1.4718 0 0.0000 21.147
47 0.6495 -1.4140 0 0.0000 21.077
48 0.7445 -1.3138 0 0.0000 21.007
49 0.8135 -1.2219 0 0.0000 20.938
50 0.8947 -1.1141 0 0.0000 20.868
51 0.9634 -1.0132 0 0.0000 20.798
52 0.9928 -0.9477 0 0.0000 20.728
53 1.0248 -0.8479 0 0.0000 20.658
54 1.0515 -0.7631 0 0.0000 20.588
55 1.0837 -0.6655 0 0.0000 20.518
56 1.1146 -0.5617 0 0.0000 20.448
57 1.1277 -0.4460 0 0.0000 20.378
58 1.0991 -0.3951 0 0.0000 20.308
59 1.0946 -0.3075 0 0.0000 20.238
60 1.1429 -0.2168 0 0.0000 20.168
61 1.1586 -0.1340 0 0.0000 20.099
62 1.1418 -0.0827 0 0.0000 20.029
63 1.1341 -0.0024 0 0.0000 19.959
64 1.1239 0.0368 0 0.0000 19.889
65 1.1334 0.1018 0 0.0000 19.819
66 1.1129 0.1461 0 0.0000 19.749
67 1.0974 0.1887 0 0.0000 19.679
68 1.0893 0.2425 0 0.0000 19.609
69 1.0503 0.2476 0 0.0000 19.539
70 1.0756 0.2890 0 0.0000 19.469
71 1.0755 0.3148 0 0.0000 19.399
72 1.0726 0.3322 0 0.0000 19.330
73 1.0516 0.3341 0 0.0000 19.260
74 1.0367 0.3459 0 0.0000 19.190
75 1.0240 0.3677 0 0.0000 19.120
76 1.0065 0.3590 0 0.0000 19.050
77 0.9611 0.3567 0 0.0000 18.980
78 0.9152 0.3521 0 0.0000 18.910
79 0.8960 0.3556 0 0.0000 18.840
80 0.8746 0.3550 0 0.0000 18.770
81 0.8332 0.3353 0 0.0000 18.700
82 0.7760 0.3212 0 0.0000 18.631
83 0.7199 0.2993 0 0.0000 18.561
84 0.6440 0.2583 0 0.0000 18.491
85 0.5865 0.2272 0 0.0000 18.421
86 0.5266 0.2034 0 0.0000 18.351
87 0.4357 0.1662 0 0.0000 18.281
88 0.3510 0.1218 0 0.0000 18.211
89 0.2893 0.1038 0 0.0000 18.141
90 0.2208 0.0669 0 0.0000 18.071
91 0.1445 0.0242 0 0.0000 18.001
92 0.0840 -0.0179 0 0.0000 17.932
93 -0.0011 -0.0762 0 0.0000 17.862
94 -0.0824 -0.1383 0 0.0000 17.792
95 -0.1501 -0.1881 0 0.0000 17.722
96 -0.2046 -0.2264 0 0.0000 17.652
97 -0.2751 -0.2843 0 0.0000 17.582
98 -0.3529 -0.3494 0 0.0000 17.512
99 -0.4189 -0.4134 0 0.0000 17.442
100 -0.4924 -0.4647 0 0.0000 17.372
101 -0.5545 -0.5294 0 0.0000 17.303
102 -0.6546 -0.6166 0 0.0000 17.233
103 -0.7421 -0.7013 0 0.0000 17.163
104 -0.7784 -0.7317 0 0.0000 17.093
105 -0.8279 -0.8050 0 0.0000 17.023
106 -0.8678 -0.8717 0 0.0000 16.953
107 -0.9101 -0.9478 0 0.0000 16.883
108 -0.9822 -1.0348 0 0.0000 16.813
109 -0.9592 -1.1055 0 0.0000 16.744
110 -0.9058 -1.1911 0 0.0000 16.674
111 -0.8402 -1.2542 0 0.0000 16.604
112 -0.7548 -1.3423 0 0.0000 16.534
113 -0.6985 -1.4294 0 0.0000 16.464
114 -0.6109 -1.4854 0 0.0000 16.394
115 -0.5393 -1.5387 0 0.0000 16.324
116 -0.4738 -1.6123 0 0.0000 16.254
117 -0.3995 -1.6983 0 0.0000 16.185
118 -0.3397 -1.7572 0 0.0000 16.115
119 -0.2546 -1.8173 0 0.0000 16.045
120 -0.1682 -1.8602 0 0.0000 15.975
121 -0.0868 -1.8884 0 0.0000 15.905
122 -0.0020 -1.9425 0 0.0000 15.835
123 0.0688 -1.9772 0 0.0000 15.765
124 0.1618 -1.9849 0 0.0000 15.696
125 0.2514 -1.9631 0 0.0000 15.626
126 0.3125 -1.9831 0 0.0000 15.556
127 0.3819 -2.0064 0 0.0000 15.486
128 0.4601 -2.0001 0 0.0000 15.416
129 0.5347 -1.9599 0 0.0000 15.346
130 0.6060 -1.9052 0 0.0000 15.276
131 0.6742 -1.8728 0 0.0000 15.207
132 0.7462 -1.8225 0 0.0000 15.137
133 0.8260 -1.7561 0 0.0000 15.067
134 0.8892 -1.6884 0 0.0000 14.997
135 0.9582 -1.6013 0 0.0000 14.927
136 1.0048 -1.5337 0 0.0000 14.857
137 1.0456 -1.4685 0 0.0000 14.788
138 1.0901 -1.4006 0 0.0000 14.718
139 1.1359 -1.2940 0 0.0000 14.648
140 1.1695 -1.1727 0 0.0000 14.578
141 1.1952 -1.0747 0 0.0000 14.508
142 1.1970 -0.9728 0 0.0000 14.438
143 1.1975 -0.8525 0 0.0000 14.369
144 1.1999 -0.7260 0 0.0000 14.299
145 1.2084 -0.6036 0 0.0000 14.229
146 1.2184 -0.4644 0 0.0000 14.159
147 1.2311 -0.3105 0 0.0000 14.089
148 1.2330 -0.1954 0 0.0000 14.019
149 1.2391 -0.0570 0 0.0000 13.950
150 1.2481 0.0909 0 0.0000 13.880
151 1.2412 0.1973 0 0.0000 13.810
152 1.2608 0.3022 0 0.0000 13.740
153 1.2823 0.4060 0 0.0000 13.670
154 1.2855 0.4923 0 0.0000 13.600
155 1.2855 0.5723 0 0.0000 13.531
156 1.3032 0.6907 0 0.0000 13.461
157 1.3228 0.7569 0 0.0000 13.391
158 1.3219 0.8184 0 0.0000 13.321
159 1.3321 0.8784 0 0.0000 13.251
160 1.3250 0.9292 0 0.0000 13.182
161 1.3083 0.9739 0 0.0000 13.112
162 1.2867 0.9980 0 0.0000 13.042
163 1.2475 1.0137 0 0.0000 12.972
164 1.2094 1.0128 0 0.0000 12.902
165 1.1504 0.9960 0 0.0000 12.833
166 1.1040 0.9921 0 0.0000 12.763
167 1.0608 0.9815 0 0.0000 12.693
168 1.0115 0.9583 0 0.0000 12.623
169 0.9310 0.8900 0 0.0000 12.553
170 0.8688 0.8458 0 0.0000 12.484
171 0.8290 0.8278 0 0.0000 12.414
172 0.7264 0.7503 0 0.0000 12.344
173 0.6333 0.6700 0 0.0000 12.274
174 0.4685 0.5177 0 0.0000 12.205
175 0.4074 0.4536 0 0.0000 12.135
176 0.3137 0.3649 0 0.0000 12.065
177 0.2201 0.2810 0 0.0000 11.995
178 0.1185 0.1859 0 0.0000 11.926
179 0.0106 0.0711 0 0.0000 11.856
180 -0.0904 -0.0327 0 0.0000 11.786
181 -0.1898 -0.1423 0 0.0000 11.716
182 -0.2896 -0.2602 0 0.0000 11.647
183 -0.3859 -0.3589 0 0.0000 11.577
184 -0.4913 -0.4719 0 0.0000 11.507
185 -0.5976 -0.5933 0 0.0000 11.437
186 -0.7009 -0.6949 0 0.0000 11.368
187 -0.7889 -0.7964 0 0.0000 11.298
188 -0.8808 -0.8851 0 0.0000 11.228
189 -0.9835 -1.0135 0 0.0000 11.158
190 -1.1282 -1.1979 0 0.0000 11.089
191 -1.2057 -1.2978 0 0.0000 11.019
192 -1.2907 -1.4075 0 0.0000 10.949
193 -1.3461 -1.4908 0 0.0000 10.880
194 -1.3933 -1.5715 0 0.0000 10.810
195 -1.4394 -1.6467 0 0.0000 10.740
196 -1.4939 -1.7105 0 0.0000 10.671
197 -1.5356 -1.7629 0 0.0000 10.601
198 -1.5274 -1.8273 0 0.0000 10.531
199 -1.4581 -1.8543 0 0.0000 10.461
200 -1.4190 -1.9002 0 0.0000 10.392
201 -1.3655 -1.9196 0 0.0000 10.322
202 -1.3222 -1.9448 0 0.0000 10.252
203 -1.2747 -1.9683 0 0.0000 10.183
204 -1.2193 -1.9681 0 0.0000 10.113
205 -1.1557 -1.9574 0 0.0000 10.043
206 -1.0592 -1.9180 0 0.0000 9.974
207 -0.9895 -1.9152 0 0.0000 9.904
208 -0.9211 -1.9012 0 0.0000 9.835
209 -0.8336 -1.8635 0 0.0000 9.765
210 -0.7507 -1.8165 0 0.0000 9.695
211 -0.6631 -1.7696 0 0.0000 9.626
212 -0.5799 -1.7352 0 0.0000 9.556
213 -0.4849 -1.6794 0 0.0000 9.486
214 -0.3669 -1.5824 0 0.0000 9.417
215 -0.2804 -1.5137 0 0.0000 9.347
216 -0.1835 -1.4419 0 0.0000 9.278
217 -0.0547 -1.3320 0 0.0000 9.208
218 0.0459 -1.2328 0 0.0000 9.138
219 0.1347 -1.1297 0 0.0000 9.069
220 0.2595 -0.9803 0 0.0000 8.999
221 0.3348 -0.8802 0 0.0000 8.930
222 0.4084 -0.7535 0 0.0000 8.860
223 0.4658 -0.6383 0 0.0000 8.791
224 0.5388 -0.5005 0 0.0000 8.721
225 0.5892 -0.3762 0 0.0000 8.652
226 0.6223 -0.2580 0 0.0000 8.582
227 0.6557 -0.1231 0 0.0000 8.513
228 0.6851 0.0186 0 0.0000 8.443
229 0.6832 0.1190 0 0.0000 8.373
230 0.6751 0.1933 0 0.0000 8.304
231 0.7124 0.3261 0 0.0000 8.235
232 0.7640 0.4776 0 0.0000 8.165
233 0.7795 0.6125 0 0.0000 8.096
234 0.7841 0.7394 0 0.0000 8.026
235 0.8074 0.8613 1 0.0500 7.957
236 0.8297 0.9739 1 0.1000 7.887
237 0.8411 1.0782 1 0.1500 7.818
238 0.8456 1.1893 1 0.2000 7.748
239 0.8559 1.2897 1 0.2500 7.679
240 0.8451 1.3643 1 0.3000 7.609
241 0.8678 1.4539 1 0.3500 7.540
242 0.8956 1.5545 1 0.4000 7.471
243 0.9105 1.6193 1 0.4500 7.401
244 0.9006 1.6785 1 0.5000 7.332
245 0.9011 1.7589 1 0.5500 7.263
246 0.8988 1.8282 1 0.6000 7.193
247 0.8873 1.8806 1 0.6500 7.124
248 0.8525 1.9236 1 0.7000 7.055
249 0.8156 1.9491 1 0.7500 6.985
250 0.7465 1.9672 1 0.8000 6.916
251 0.6891 1.9932 1 0.8500 6.847
252 0.5755 1.9795 1 0.9000 6.777
253 0.4821 1.9814 1 0.9500 6.708
254 0.4198 1.9795 0 1.0000 6.639
255 0.4926 2.2223 0 1.0000 6.563
256 0.8900 2.5498 0 1.0000 6.478
257 0.5927 1.7914 0 1.0000 6.385
258 0.6934 1.7588 0 1.0000 6.289
259 -1.2780 0.5796 0 1.0000 6.197
260 -1.3584 0.2834 0 1.0000 6.145
261 0.5868 0.4732 0 1.0000 6.184
262 0.6175 0.4065 0 1.0000 6.216
263 1.0535 0.7771 0 1.0000 6.252
264 0.9814 0.7190 0 1.0000 6.252
265 1.0506 0.7454 0 1.0000 6.253
266 1.0967 0.7653 0 1.0000 6.253
267 1.0878 0.7609 0 1.0000 6.253
268 1.0863 0.7533 0 1.0000 6.253
269 1.0839 0.7477 0 1.0000 6.253
