# step wm_danger det_logit danger fire dist_t
0 0.5350 -0.4824 0 0.0000 26.851
1 -2.0102 0.0947 0 0.0000 18.027
2 -1.2905 0.2981 0 0.0000 18.021
3 -1.7178 0.0982 0 0.0000 18.005
4 -1.8246 0.0532 0 0.0000 17.979
5 -1.9597 0.0021 0 0.0000 17.943
6 -2.0256 -0.0432 0 0.0000 17.899
7 -2.1945 -0.1312 0 0.0000 17.848
8 -2.3386 -0.2123 0 0.0000 17.791
9 -2.4452 -0.3489 0 0.0000 17.730
10 -2.5085 -0.4051 0 0.0000 17.666
11 -2.6885 -0.5446 0 0.0000 17.599
12 -2.8332 -0.6705 0 0.0000 17.532
13 -2.9587 -0.7662 0 0.0000 17.463
14 -3.0039 -0.8248 0 0.0000 17.394
15 -3.0676 -0.9139 0 0.0000 17.324
16 -3.1307 -0.9959 0 0.0000 17.254
17 -3.2758 -1.1014 0 0.0000 17.184
18 -3.4611 -1.2202 0 0.0000 17.114
19 -3.4840 -1.2674 0 0.0000 17.044
20 -3.4967 -1.3024 0 0.0000 16.974
21 -3.4291 -1.3806 0 0.0000 16.904
22 -3.3718 -1.4493 0 0.0000 16.834
23 -3.3342 -1.5335 0 0.0000 16.764
24 -3.2615 -1.5951 0 0.0000 16.694
25 -3.1608 -1.6338 0 0.0000 16.624
26 -3.1086 -1.6718 0 0.0000 16.554
27 -2.9835 -1.7404 0 0.0000 16.484
28 -2.9498 -1.8379 0 0.0000 16.414
29 -2.8450 -1.8801 0 0.0000 16.344
30 -2.7175 -1.9145 0 0.0000 16.274
31 -2.5902 -1.9484 0 0.0000 16.205
32 -2.4646 -1.9760 0 0.0000 16.135
33 -2.2811 -1.9614 0 0.0000 16.065
34 -2.2606 -2.0497 0 0.0000 15.995
35 -2.2286 -2.0850 0 0.0000 15.925
36 -2.1126 -2.0738 0 0.0000 15.855
37 -1.9570 -2.0590 0 0.0000 15.785
38 -1.9016 -2.0898 0 0.0000 15.715
39 -1.8753 -2.1363 0 0.0000 15.646
40 -1.7842 -2.1074 0 0.0000 15.576
41 -1.6539 -2.0854 0 0.0000 15.506
42 -1.6792 -2.1063 0 0.0000 15.436
43 -1.6005 -2.0841 0 0.0000 15.366
44 -1.5089 -2.0519 0 0.0000 15.297
45 -1.4013 -2.0136 0 0.0000 15.227
46 -1.2947 -1.9616 0 0.0000 15.157
47 -1.2831 -1.9553 0 0.0000 15.087
48 -1.1979 -1.9103 0 0.0000 15.017
49 -1.1051 -1.8586 0 0.0000 14.947
50 -1.0665 -1.8147 0 0.0000 14.878
51 -1.0075 -1.7665 0 0.0000 14.808
52 -0.9020 -1.6936 0 0.0000 14.738
53 -0.8073 -1.6193 0 0.0000 14.668
54 -0.7170 -1.5220 0 0.0000 14.598
55 -0.7391 -1.4611 0 0.0000 14.528
56 -0.7946 -1.4384 0 0.0000 14.459
57 -0.7505 -1.3678 0 0.0000 14.389
58 -0.7744 -1.3255 0 0.0000 14.319
59 -0.8050 -1.2655 0 0.0000 14.249
60 -0.8592 -1.2337 0 0.0000 14.179
61 -0.8069 -1.1618 0 0.0000 14.110
62 -0.7666 -1.0839 0 0.0000 14.040
63 -0.7925 -1.0462 0 0.0000 13.970
64 -0.8461 -1.0281 0 0.0000 13.900
65 -0.7576 -0.9483 0 0.0000 13.830
66 -0.8231 -0.9146 0 0.0000 13.761
67 -0.8482 -0.8676 0 0.0000 13.691
68 -0.8370 -0.8238 0 0.0000 13.621
69 -0.8130 -0.7831 0 0.0000 13.551
70 -0.8867 -0.7416 0 0.0000 13.481
71 -0.8520 -0.6784 0 0.0000 13.412
72 -0.8125 -0.6367 0 0.0000 13.342
73 -0.8117 -0.6095 0 0.0000 13.272
74 -0.7723 -0.5486 0 0.0000 13.202
75 -0.7845 -0.5098 0 0.0000 13.132
76 -0.8049 -0.5043 0 0.0000 13.063
77 -0.8577 -0.4686 0 0.0000 12.993
78 -0.8907 -0.4577 0 0.0000 12.923
79 -0.9000 -0.4189 0 0.0000 12.853
80 -0.8892 -0.3686 0 0.0000 12.784
81 -0.8552 -0.3072 0 0.0000 12.714
82 -0.7709 -0.1863 0 0.0000 12.644
83 -0.8398 -0.1995 0 0.0000 12.574
84 -0.8599 -0.1733 0 0.0000 12.504
85 -0.8444 -0.1401 0 0.0000 12.435
86 -0.8318 -0.1277 0 0.0000 12.365
87 -0.9416 -0.1720 0 0.0000 12.295
88 -1.0912 -0.1800 0 0.0000 12.225
89 -1.1305 -0.2038 0 0.0000 12.156
90 -1.2159 -0.2188 0 0.0000 12.086
91 -1.3000 -0.2544 0 0.0000 12.016
92 -1.4288 -0.3166 0 0.0000 11.946
93 -1.5293 -0.4117 0 0.0000 11.877
94 -1.7016 -0.5126 0 0.0000 11.807
95 -1.8252 -0.6002 0 0.0000 11.737
96 -1.9824 -0.6988 0 0.0000 11.667
97 -2.1581 -0.8279 0 0.0000 11.598
98 -2.2614 -0.9212 0 0.0000 11.528
99 -2.3484 -0.9820 0 0.0000 11.458
100 -2.4880 -1.0383 0 0.0000 11.388
101 -2.5685 -1.1158 0 0.0000 11.319
102 -2.5729 -1.1570 0 0.0000 11.249
103 -2.6500 -1.2373 0 0.0000 11.179
104 -2.6496 -1.3175 0 0.0000 11.109
105 -2.8362 -1.4572 0 0.0000 11.040
106 -2.8911 -1.5432 0 0.0000 10.970
107 -2.9261 -1.6187 0 0.0000 10.900
108 -2.9550 -1.6717 0 0.0000 10.831
109 -2.9692 -1.7266 0 0.0000 10.761
110 -2.9461 -1.7751 0 0.0000 10.691
111 -2.9469 -1.8251 0 0.0000 10.622
112 -3.0678 -1.9549 0 0.0000 10.552
113 -3.0745 -2.0282 0 0.0000 10.482
114 -3.0449 -2.0773 0 0.0000 10.412
115 -3.0530 -2.1094 0 0.0000 10.343
116 -3.0665 -2.1710 0 0.0000 10.273
117 -3.0077 -2.1620 0 0.0000 10.203
118 -3.0104 -2.1923 0 0.0000 10.134
119 -3.0038 -2.2044 0 0.0000 10.064
120 -3.0403 -2.2590 0 0.0000 9.995
121 -3.0107 -2.2230 0 0.0000 9.925
122 -2.9368 -2.1758 0 0.0000 9.855
123 -2.8802 -2.1435 0 0.0000 9.786
124 -2.9051 -2.1560 0 0.0000 9.716
125 -2.7276 -2.0119 0 0.0000 9.646
126 -2.7321 -1.9957 0 0.0000 9.577
127 -2.6919 -1.9458 0 0.0000 9.507
128 -2.7712 -1.9518 0 0.0000 9.437
129 -2.7007 -1.8520 0 0.0000 9.368
130 -2.7142 -1.8313 0 0.0000 9.298
131 -2.7955 -1.8551 0 0.0000 9.229
132 -2.8542 -1.8533 0 0.0000 9.159
133 -2.7939 -1.7837 0 0.0000 9.090
134 -2.7956 -1.7554 0 0.0000 9.020
135 -2.5953 -1.5958 0 0.0000 8.950
136 -2.5751 -1.5594 0 0.0000 8.881
137 -2.6031 -1.5698 0 0.0000 8.811
138 -2.4331 -1.4364 0 0.0000 8.742
139 -2.3784 -1.4092 0 0.0000 8.672
140 -2.2469 -1.3717 0 0.0000 8.603
141 -2.1373 -1.3228 0 0.0000 8.533
142 -1.9694 -1.2783 0 0.0000 8.464
143 -1.9206 -1.2369 0 0.0000 8.394
144 -1.7931 -1.1425 0 0.0000 8.325
145 -1.7074 -1.1087 0 0.0000 8.255
146 -1.5850 -1.0345 0 0.0000 8.186
147 -1.4672 -0.9382 0 0.0000 8.116
148 -1.2493 -0.8384 0 0.0000 8.047
149 -1.1299 -0.7781 1 0.0500 7.977
150 -1.0713 -0.7650 1 0.1000 7.908
151 -0.9574 -0.6886 1 0.1500 7.838
152 -0.7647 -0.5422 1 0.2000 7.769
153 -0.6867 -0.4946 1 0.2500 7.700
154 -0.6084 -0.4586 1 0.3000 7.630
155 -0.5643 -0.4275 1 0.3500 7.561
156 -0.5441 -0.4499 1 0.4000 7.491
157 -0.6450 -0.5193 1 0.4500 7.422
158 -0.6164 -0.4943 1 0.5000 7.353
159 -0.5537 -0.4310 1 0.5500 7.283
160 -0.5540 -0.4111 1 0.6000 7.214
161 -0.5526 -0.4417 1 0.6500 7.145
162 -0.5574 -0.5153 1 0.7000 7.075
163 -0.6053 -0.5676 1 0.7500 7.006
164 -0.5907 -0.5323 1 0.8000 6.937
165 -0.6446 -0.6305 1 0.8500 6.868
166 -0.7138 -0.7410 1 0.9000 6.798
167 -0.7696 -0.8368 1 0.9500 6.729
168 -0.8719 -0.9354 0 1.0000 6.660
169 -0.7286 -0.7031 0 1.0000 6.585
170 1.6241 1.4080 0 1.0000 6.501
171 1.1601 0.9345 0 1.0000 6.412
172 1.4608 1.5464 0 1.0000 6.326
173 1.4143 1.5065 0 1.0000 6.253
174 1.2194 1.8080 0 1.0000 6.168
175 -0.0332 1.1948 0 1.0000 6.082
176 -1.2786 0.0102 0 1.0000 6.033
177 -2.6338 -0.6914 0 1.0000 6.007
178 -2.8910 -0.8781 0 1.0000 6.008
179 -2.1077 -0.2819 0 1.0000 6.029
180 -0.3615 0.9397 0 1.0000 6.077
181 0.3757 1.3458 0 1.0000 6.155
182 0.7135 1.4702 0 1.0000 6.161
183 1.6347 2.0365 0 1.0000 6.156
