# step wm_danger det_logit danger fire dist_t
0 -1.7898 -2.1259 0 0.0000 8.544
1 -1.5167 0.4858 0 0.0000 18.027
2 -1.3348 0.4090 0 0.0000 18.021
3 -1.7539 0.3436 0 0.0000 18.005
4 -2.0880 0.2895 0 0.0000 17.979
5 -2.4147 0.2254 0 0.0000 17.943
6 -2.5322 0.2408 0 0.0000 17.899
7 -2.5331 0.2607 0 0.0000 17.848
8 -2.4037 0.2688 0 0.0000 17.791
9 -2.9272 0.0438 0 0.0000 17.730
10 -3.1957 -0.1003 0 0.0000 17.666
11 -3.4649 -0.3246 0 0.0000 17.599
12 -3.7155 -0.5098 0 0.0000 17.532
13 -3.9147 -0.6857 0 0.0000 17.463
14 -4.0954 -0.8814 0 0.0000 17.394
15 -4.2490 -1.1117 0 0.0000 17.324
16 -4.2522 -1.2887 0 0.0000 17.254
17 -4.1650 -1.3810 0 0.0000 17.184
18 -4.1202 -1.5981 0 0.0000 17.114
19 -3.9330 -1.7122 0 0.0000 17.044
20 -3.8715 -1.8537 0 0.0000 16.974
21 -3.7065 -1.9726 0 0.0000 16.904
22 -3.5391 -2.0342 0 0.0000 16.834
23 -3.4188 -2.0769 0 0.0000 16.764
24 -3.1733 -2.1504 0 0.0000 16.694
25 -3.0203 -2.2454 0 0.0000 16.624
26 -2.8471 -2.2894 0 0.0000 16.554
27 -2.6677 -2.3025 0 0.0000 16.484
28 -2.4499 -2.3932 0 0.0000 16.414
29 -2.2740 -2.4932 0 0.0000 16.344
30 -2.0800 -2.5795 0 0.0000 16.274
31 -1.9043 -2.6207 0 0.0000 16.205
32 -1.6708 -2.6170 0 0.0000 16.135
33 -1.4523 -2.5764 0 0.0000 16.065
34 -1.2367 -2.5453 0 0.0000 15.995
35 -1.0653 -2.5497 0 0.0000 15.925
36 -0.9245 -2.5235 0 0.0000 15.855
37 -0.8642 -2.5183 0 0.0000 15.785
38 -0.7782 -2.4915 0 0.0000 15.715
39 -0.6665 -2.4577 0 0.0000 15.646
40 -0.5586 -2.4451 0 0.0000 15.576
41 -0.4559 -2.3970 0 0.0000 15.506
42 -0.2854 -2.2895 0 0.0000 15.436
43 -0.0715 -2.1406 0 0.0000 15.366
44 -0.0179 -2.0800 0 0.0000 15.297
45 0.0454 -2.0065 0 0.0000 15.227
46 0.1798 -1.8356 0 0.0000 15.157
47 0.2041 -1.7401 0 0.0000 15.087
48 0.2517 -1.6150 0 0.0000 15.017
49 0.2889 -1.4893 0 0.0000 14.947
50 0.3336 -1.3595 0 0.0000 14.878
51 0.3589 -1.2390 0 0.0000 14.808
52 0.3532 -1.0980 0 0.0000 14.738
53 0.3518 -0.9771 0 0.0000 14.668
54 0.3708 -0.8302 0 0.0000 14.598
55 0.4146 -0.6722 0 0.0000 14.528
56 0.4840 -0.5530 0 0.0000 14.459
57 0.4927 -0.4611 0 0.0000 14.389
58 0.4953 -0.3630 0 0.0000 14.319
59 0.4632 -0.2718 0 0.0000 14.249
60 0.4417 -0.1570 0 0.0000 14.179
61 0.4636 -0.0501 0 0.0000 14.110
62 0.4702 0.0563 0 0.0000 14.040
63 0.4771 0.1694 0 0.0000 13.970
64 0.4215 0.2096 0 0.0000 13.900
65 0.3916 0.2628 0 0.0000 13.830
66 0.3871 0.3059 0 0.0000 13.761
67 0.3871 0.3699 0 0.0000 13.691
68 0.3671 0.4036 0 0.0000 13.621
69 0.3652 0.4374 0 0.0000 13.551
70 0.3208 0.4765 0 0.0000 13.481
71 0.2373 0.4608 0 0.0000 13.412
72 0.1925 0.4638 0 0.0000 13.342
73 0.1367 0.4557 0 0.0000 13.272
74 0.0584 0.4481 0 0.0000 13.202
75 -0.0175 0.4419 0 0.0000 13.133
76 -0.0913 0.4377 0 0.0000 13.063
77 -0.1960 0.4174 0 0.0000 12.993
78 -0.2566 0.4121 0 0.0000 12.923
79 -0.3901 0.3549 0 0.0000 12.853
80 -0.5227 0.3106 0 0.0000 12.784
81 -0.6217 0.2766 0 0.0000 12.714
82 -0.7268 0.2340 0 0.0000 12.644
83 -0.8144 0.1962 0 0.0000 12.574
84 -0.9503 0.1231 0 0.0000 12.504
85 -1.0602 0.0828 0 0.0000 12.435
86 -1.1906 0.0275 0 0.0000 12.365
87 -1.3281 -0.0470 0 0.0000 12.295
88 -1.5645 -0.1747 0 0.0000 12.225
89 -1.7312 -0.2800 0 0.0000 12.156
90 -1.9089 -0.3702 0 0.0000 12.086
91 -2.0810 -0.4578 0 0.0000 12.016
92 -2.2106 -0.5131 0 0.0000 11.946
93 -2.3773 -0.6013 0 0.0000 11.877
94 -2.5426 -0.6885 0 0.0000 11.807
95 -2.6841 -0.7722 0 0.0000 11.737
96 -2.8241 -0.8529 0 0.0000 11.667
97 -3.0178 -0.9736 0 0.0000 11.598
98 -3.2156 -1.0984 0 0.0000 11.528
99 -3.3983 -1.2221 0 0.0000 11.458
100 -3.5477 -1.3192 0 0.0000 11.388
101 -3.6503 -1.3940 0 0.0000 11.319
102 -3.7675 -1.4755 0 0.0000 11.249
103 -3.8719 -1.5512 0 0.0000 11.179
104 -4.0777 -1.7349 0 0.0000 11.109
105 -4.2068 -1.8553 0 0.0000 11.040
106 -4.1239 -1.9752 0 0.0000 10.970
107 -4.0080 -2.0594 0 0.0000 10.900
108 -3.9271 -2.1148 0 0.0000 10.831
109 -3.7975 -2.1921 0 0.0000 10.761
110 -3.6350 -2.2527 0 0.0000 10.691
111 -3.4832 -2.3083 0 0.0000 10.622
112 -3.3629 -2.3584 0 0.0000 10.552
113 -3.1964 -2.3943 0 0.0000 10.482
114 -2.9743 -2.4735 0 0.0000 10.412
115 -2.7351 -2.5021 0 0.0000 10.343
116 -2.5374 -2.5363 0 0.0000 10.273
117 -2.3054 -2.5630 0 0.0000 10.203
118 -2.0970 -2.5680 0 0.0000 10.134
119 -1.8949 -2.5373 0 0.0000 10.064
120 -1.6719 -2.5077 0 0.0000 9.995
121 -1.4036 -2.4660 0 0.0000 9.925
122 -1.2116 -2.4477 0 0.0000 9.855
123 -0.9919 -2.4116 0 0.0000 9.786
124 -0.7857 -2.3370 0 0.0000 9.716
125 -0.6039 -2.2804 0 0.0000 9.646
126 -0.3742 -2.2100 0 0.0000 9.577
127 -0.1897 -2.1459 0 0.0000 9.507
128 -0.0908 -2.0800 0 0.0000 9.437
129 0.0938 -1.9445 0 0.0000 9.368
130 0.2706 -1.8212 0 0.0000 9.298
131 0.4150 -1.7182 0 0.0000 9.229
132 0.5828 -1.5813 0 0.0000 9.159
133 0.7319 -1.4401 0 0.0000 9.090
134 0.8736 -1.2889 0 0.0000 9.020
135 1.0078 -1.1233 0 0.0000 8.950
136 1.1297 -0.9634 0 0.0000 8.881
137 1.2130 -0.7933 0 0.0000 8.811
138 1.3225 -0.6222 0 0.0000 8.742
139 1.3658 -0.4502 0 0.0000 8.672
140 1.4038 -0.3103 0 0.0000 8.603
141 1.3973 -0.1745 0 0.0000 8.533
142 1.4163 -0.0349 0 0.0000 8.464
143 1.4100 0.1316 0 0.0000 8.394
144 1.4085 0.2512 0 0.0000 8.325
145 1.3957 0.3654 0 0.0000 8.255
146 1.4702 0.5701 0 0.0000 8.186
147 1.4987 0.7134 0 0.0000 8.116
148 1.5259 0.8660 0 0.0000 8.047
149 1.5195 1.0002 1 0.0500 7.977
150 1.6029 1.1824 1 0.1000 7.908
151 1.6325 1.2904 1 0.1500 7.838
152 1.6664 1.4136 1 0.2000 7.769
153 1.6534 1.4964 1 0.2500 7.700
154 1.6503 1.5864 1 0.3000 7.630
155 1.6571 1.6265 1 0.3500 7.561
156 1.7051 1.7176 1 0.4000 7.491
157 1.7299 1.7808 1 0.4500 7.422
158 1.8178 1.9077 1 0.5000 7.353
159 1.7766 1.8934 1 0.5500 7.283
160 1.7637 1.9311 1 0.6000 7.214
161 1.7520 1.9495 1 0.6500 7.145
162 1.6974 1.9437 1 0.7000 7.075
163 1.5928 1.8765 1 0.7500 7.006
164 1.5504 1.8727 1 0.8000 6.937
165 1.4521 1.8077 1 0.8500 6.868
166 1.3762 1.7718 1 0.9000 6.798
167 1.2239 1.6525 1 0.9500 6.729
168 1.1412 1.6120 0 1.0000 6.660
169 0.9928 1.5043 0 1.0000 6.584
170 1.0314 1.5344 0 1.0000 6.499
171 1.0826 1.5093 0 1.0000 6.408
172 1.0218 1.1715 0 1.0000 6.319
173 1.5219 1.6684 0 1.0000 6.242
174 0.5011 0.2031 0 1.0000 6.155
175 -0.9866 0.1804 0 1.0000 6.100
176 -1.6452 -0.0771 0 1.0000 6.053
177 -1.8221 -0.1844 0 1.0000 6.035
178 -1.6912 -0.1033 0 1.0000 6.039
179 -1.3904 0.0141 0 1.0000 6.065
180 -1.0877 0.1013 0 1.0000 6.117
181 0.7033 -0.3799 0 1.0000 6.196
182 0.6237 -1.0453 0 1.0000 6.195
183 0.5313 -0.0656 0 1.0000 6.191
