# step wm_danger det_logit danger fire dist_t dx dy yaw tbrg offaxis
0 -1.6431 -0.2575 0 0.0000 24.759 12.00 0.00 1.17 2.90 1.72
1 -0.6894 0.8560 0 0.0000 12.042 11.88 0.01 3.14 3.14 0.00
2 -0.7940 0.9858 0 0.0000 12.044 11.89 0.01 3.14 3.14 0.01
3 -0.4982 1.3010 0 0.0000 12.040 11.88 0.00 3.14 3.14 0.00
4 -0.3769 1.3686 0 0.0000 12.026 11.87 -0.00 3.14 3.14 0.00
5 -0.3899 1.3520 0 0.0000 11.998 11.84 -0.00 3.14 3.14 0.00
6 -0.5253 1.2955 0 0.0000 11.955 11.80 0.00 3.14 3.14 0.00
7 -0.6242 1.2933 0 0.0000 11.902 11.74 0.01 3.14 -3.14 0.00
8 -0.6319 1.3633 0 0.0000 11.839 11.68 0.02 -3.14 -3.14 0.00
9 -0.7394 1.3108 0 0.0000 11.767 11.61 0.04 -3.14 -3.14 0.00
10 -0.8268 1.2408 0 0.0000 11.688 11.53 0.05 -3.14 -3.14 0.00
11 -0.9108 1.1007 0 0.0000 11.604 11.44 0.07 -3.13 -3.14 0.00
12 -1.0353 1.0326 0 0.0000 11.518 11.36 0.09 -3.13 -3.13 0.00
13 -1.2570 0.9125 0 0.0000 11.429 11.27 0.11 -3.13 -3.13 0.00
14 -1.3918 0.8285 0 0.0000 11.339 11.18 0.13 -3.13 -3.13 0.00
15 -1.5306 0.7063 0 0.0000 11.247 11.08 0.15 -3.13 -3.13 0.01
16 -1.5906 0.5786 0 0.0000 11.153 10.99 0.17 -3.13 -3.13 0.01
17 -1.5856 0.4452 0 0.0000 11.059 10.90 0.18 -3.13 -3.13 0.01
18 -1.4674 0.5381 0 0.0000 10.967 10.80 0.20 -3.13 -3.12 0.01
19 -1.2746 0.7691 0 0.0000 10.882 10.72 0.21 -3.13 -3.12 0.01
20 -1.1990 0.7581 0 0.0000 10.811 10.65 0.22 -3.13 -3.12 0.01
21 -1.1435 0.8773 0 0.0000 10.755 10.59 0.24 -3.13 -3.12 0.01
22 -1.0708 0.7918 0 0.0000 10.716 10.55 0.25 -3.13 -3.12 0.02
23 -0.9923 0.8735 0 0.0000 10.694 10.53 0.27 -3.13 -3.12 0.02
24 -1.1349 0.7691 0 0.0000 10.689 10.52 0.29 -3.14 -3.12 0.02
25 -1.1872 0.7982 0 0.0000 10.698 10.53 0.31 -3.14 -3.11 0.02
26 -1.2172 0.7526 0 0.0000 10.720 10.55 0.33 -3.14 -3.11 0.02
27 -1.4517 0.7232 0 0.0000 10.754 10.58 0.35 -3.14 -3.11 0.03
28 -1.8443 0.4356 0 0.0000 10.799 10.63 0.38 -3.14 -3.11 0.03
29 -2.0877 0.3631 0 0.0000 10.848 10.68 0.41 -3.14 -3.10 0.03
30 -2.1095 0.3948 0 0.0000 10.897 10.72 0.44 -3.14 -3.10 0.04
31 -1.9669 0.5690 0 0.0000 10.938 10.76 0.46 -3.14 -3.10 0.04
32 -1.7721 0.6932 0 0.0000 10.966 10.79 0.49 -3.13 -3.10 0.04
33 -1.8307 0.7091 0 0.0000 10.978 10.80 0.52 -3.13 -3.10 0.04
34 -1.8053 0.7482 0 0.0000 10.970 10.79 0.54 -3.13 -3.09 0.04
35 -1.8588 0.5802 0 0.0000 10.946 10.77 0.56 -3.12 -3.09 0.03
36 -2.0672 0.4861 0 0.0000 10.910 10.73 0.57 -3.12 -3.09 0.03
37 -2.0661 0.3078 0 0.0000 10.868 10.69 0.59 -3.12 -3.09 0.03
38 -1.9552 0.4975 0 0.0000 10.828 10.65 0.61 -3.12 -3.09 0.04
39 -2.0464 0.5538 0 0.0000 10.796 10.61 0.62 -3.12 -3.08 0.04
40 -2.2802 0.3415 0 0.0000 10.772 10.59 0.64 -3.12 -3.08 0.04
41 -2.2475 0.2591 0 0.0000 10.755 10.57 0.66 -3.12 -3.08 0.04
42 -2.1593 0.1504 0 0.0000 10.739 10.55 0.68 -3.13 -3.08 0.05
43 -2.3058 0.1926 0 0.0000 10.725 10.54 0.70 -3.13 -3.08 0.05
44 -2.3887 0.1939 0 0.0000 10.717 10.53 0.73 -3.13 -3.07 0.05
45 -2.5684 0.2251 0 0.0000 10.715 10.52 0.75 -3.13 -3.07 0.06
46 -2.7542 0.0953 0 0.0000 10.714 10.52 0.77 -3.13 -3.07 0.06
47 -2.6737 0.2006 0 0.0000 10.709 10.52 0.80 -3.13 -3.07 0.06
48 -2.5614 0.1078 0 0.0000 10.695 10.50 0.82 -3.13 -3.07 0.06
49 -2.6670 0.1126 0 0.0000 10.674 10.48 0.84 -3.13 -3.06 0.06
50 -2.8600 -0.0905 0 0.0000 10.647 10.45 0.86 -3.13 -3.06 0.07
51 -2.8747 -0.0280 0 0.0000 10.617 10.42 0.88 -3.13 -3.06 0.07
52 -2.9198 -0.0893 0 0.0000 10.586 10.38 0.90 -3.13 -3.06 0.07
53 -3.0438 -0.2203 0 0.0000 10.557 10.35 0.91 -3.13 -3.06 0.07
54 -3.1838 -0.1968 0 0.0000 10.528 10.32 0.93 -3.13 -3.05 0.08
55 -3.2139 -0.2930 0 0.0000 10.502 10.29 0.95 -3.13 -3.05 0.08
56 -3.5043 -0.4328 0 0.0000 10.477 10.27 0.97 -3.13 -3.05 0.08
57 -3.6670 -0.4844 0 0.0000 10.451 10.24 0.99 -3.13 -3.05 0.08
58 -3.6647 -0.5153 0 0.0000 10.424 10.21 1.00 -3.13 -3.05 0.09
59 -3.6942 -0.5602 0 0.0000 10.394 10.18 1.02 -3.13 -3.04 0.09
60 -3.6012 -0.5485 0 0.0000 10.360 10.14 1.03 -3.13 -3.04 0.09
61 -3.7358 -0.6116 0 0.0000 10.323 10.10 1.05 -3.13 -3.04 0.09
62 -3.7235 -0.6192 0 0.0000 10.282 10.06 1.06 -3.13 -3.04 0.09
63 -3.7913 -0.6178 0 0.0000 10.238 10.02 1.07 -3.13 -3.04 0.10
64 -3.7930 -0.6094 0 0.0000 10.192 9.97 1.09 -3.13 -3.04 0.10
65 -3.7325 -0.4928 0 0.0000 10.145 9.92 1.10 -3.13 -3.03 0.10
66 -3.8314 -0.5514 0 0.0000 10.099 9.87 1.11 -3.13 -3.03 0.10
67 -3.9841 -0.6601 0 0.0000 10.054 9.82 1.12 -3.13 -3.03 0.10
68 -3.8724 -0.6288 0 0.0000 10.008 9.78 1.14 -3.13 -3.03 0.10
69 -3.9828 -0.6859 0 0.0000 9.961 9.73 1.15 -3.13 -3.03 0.10
70 -3.9644 -0.7319 0 0.0000 9.913 9.68 1.17 -3.13 -3.02 0.10
71 -4.0286 -0.7713 0 0.0000 9.861 9.62 1.18 -3.13 -3.02 0.10
72 -3.9730 -0.6768 0 0.0000 9.806 9.56 1.20 -3.12 -3.02 0.10
73 -4.2752 -0.9011 0 0.0000 9.751 9.51 1.22 -3.12 -3.02 0.11
74 -4.2716 -0.8898 0 0.0000 9.695 9.45 1.23 -3.12 -3.01 0.11
75 -4.7632 -1.2836 0 0.0000 9.644 9.39 1.25 3.13 -3.01 0.14
76 -4.2211 -0.9124 0 0.0000 9.626 9.38 1.23 3.13 -3.01 0.14
77 -3.9857 -0.8850 0 0.0000 9.603 9.36 1.20 3.13 -3.02 0.13
78 -3.6851 -0.6535 0 0.0000 9.572 9.33 1.19 3.14 -3.02 0.13
79 -3.6300 -0.6310 0 0.0000 9.532 9.29 1.18 3.14 -3.02 0.13
80 -3.6467 -0.6964 0 0.0000 9.488 9.24 1.17 3.14 -3.02 0.13
81 -3.4394 -0.5938 0 0.0000 9.441 9.20 1.17 3.14 -3.02 0.13
82 -3.4373 -0.5744 0 0.0000 9.396 9.15 1.17 3.14 -3.02 0.13
83 -3.4840 -0.6158 0 0.0000 9.354 9.11 1.17 3.14 -3.02 0.13
84 -3.6221 -0.6610 0 0.0000 9.316 9.07 1.18 3.14 -3.01 0.13
85 -3.6750 -0.6936 0 0.0000 9.281 9.03 1.19 3.14 -3.01 0.13
86 -3.7880 -0.8002 0 0.0000 9.249 8.99 1.21 3.14 -3.01 0.13
87 -3.8213 -0.8565 0 0.0000 9.220 8.96 1.23 3.14 -3.01 0.13
88 -4.0199 -1.0023 0 0.0000 9.194 8.93 1.25 3.14 -3.01 0.14
89 -3.9382 -0.9341 0 0.0000 9.194 8.93 1.24 3.14 -3.01 0.14
90 -3.5147 -0.6553 0 0.0000 9.193 8.93 1.23 3.14 -3.01 0.13
91 -3.3570 -0.5856 0 0.0000 9.189 8.93 1.22 3.14 -3.01 0.13
92 -3.1694 -0.5585 0 0.0000 9.179 8.92 1.21 -3.14 -3.01 0.13
93 -3.3576 -0.6694 0 0.0000 9.164 8.91 1.22 -3.14 -3.01 0.13
94 -3.2792 -0.6619 0 0.0000 9.145 8.89 1.22 -3.14 -3.01 0.13
95 -3.6522 -0.7729 0 0.0000 9.125 8.86 1.24 3.14 -3.01 0.14
96 -3.6422 -0.8057 0 0.0000 9.109 8.85 1.25 3.14 -3.00 0.14
97 -3.6387 -0.8408 0 0.0000 9.101 8.84 1.25 -3.14 -3.00 0.14
98 -3.6396 -0.7965 0 0.0000 9.098 8.83 1.25 -3.14 -3.00 0.14
99 -3.6139 -0.7376 0 0.0000 9.096 8.83 1.24 -3.14 -3.00 0.14
100 -3.5661 -0.7045 0 0.0000 9.095 8.83 1.24 -3.14 -3.00 0.14
101 -3.4496 -0.6323 0 0.0000 9.094 8.83 1.24 3.14 -3.00 0.14
102 -3.4406 -0.6266 0 0.0000 9.094 8.83 1.24 3.14 -3.00 0.14
103 -3.4602 -0.6517 0 0.0000 9.094 8.83 1.24 3.14 -3.00 0.14
104 -3.4038 -0.6451 0 0.0000 9.093 8.83 1.24 3.14 -3.00 0.14
105 -3.4506 -0.6705 0 0.0000 9.092 8.83 1.24 3.14 -3.00 0.14
106 -3.4295 -0.6454 0 0.0000 9.092 8.83 1.24 3.14 -3.00 0.14
107 -3.3668 -0.6165 0 0.0000 9.091 8.83 1.24 3.14 -3.00 0.14
108 -3.3272 -0.6099 0 0.0000 9.090 8.83 1.24 3.14 -3.00 0.14
109 -3.3311 -0.5954 0 0.0000 9.089 8.83 1.24 3.14 -3.00 0.14
110 -3.3004 -0.5760 0 0.0000 9.089 8.83 1.24 3.14 -3.00 0.14
111 -3.2492 -0.5736 0 0.0000 9.088 8.83 1.24 3.14 -3.00 0.14
112 -3.2058 -0.5399 0 0.0000 9.088 8.83 1.24 3.14 -3.00 0.14
113 -3.1761 -0.5297 0 0.0000 9.088 8.83 1.24 3.14 -3.00 0.14
114 -3.1290 -0.5251 0 0.0000 9.088 8.83 1.24 3.14 -3.00 0.14
115 -3.0383 -0.4904 0 0.0000 9.088 8.83 1.24 3.14 -3.00 0.14
116 -3.0851 -0.5092 0 0.0000 9.088 8.82 1.24 3.14 -3.00 0.14
117 -3.0895 -0.5236 0 0.0000 9.088 8.82 1.24 3.14 -3.00 0.14
118 -3.2446 -0.5455 0 0.0000 9.086 8.82 1.24 3.14 -3.00 0.14
119 -3.2080 -0.5169 0 0.0000 9.086 8.82 1.24 3.14 -3.00 0.14
120 -3.1387 -0.4898 0 0.0000 9.086 8.82 1.24 3.14 -3.00 0.14
121 -3.2402 -0.5649 0 0.0000 9.086 8.82 1.24 3.14 -3.00 0.14
122 -3.3749 -0.6249 0 0.0000 9.086 8.82 1.24 3.14 -3.00 0.14
123 -3.3068 -0.5884 0 0.0000 9.086 8.82 1.24 3.14 -3.00 0.14
124 -3.2758 -0.5877 0 0.0000 9.086 8.82 1.24 3.14 -3.00 0.14
125 -3.2087 -0.5615 0 0.0000 9.086 8.82 1.24 3.14 -3.00 0.14
126 -3.3094 -0.6069 0 0.0000 9.086 8.82 1.24 3.14 -3.00 0.14
127 -3.2877 -0.6013 0 0.0000 9.086 8.82 1.24 3.14 -3.00 0.14
128 -3.2872 -0.5870 0 0.0000 9.086 8.82 1.24 3.14 -3.00 0.14
129 -3.3511 -0.6172 0 0.0000 9.086 8.82 1.24 3.14 -3.00 0.14
130 -3.3661 -0.6262 0 0.0000 9.086 8.82 1.24 3.14 -3.00 0.14
131 -3.2513 -0.5719 0 0.0000 9.086 8.82 1.24 3.14 -3.00 0.14
132 -3.2554 -0.5711 0 0.0000 9.086 8.82 1.24 3.14 -3.00 0.14
133 -3.1890 -0.5600 0 0.0000 9.086 8.82 1.24 3.14 -3.00 0.14
134 -3.1678 -0.5428 0 0.0000 9.085 8.82 1.24 3.14 -3.00 0.14
135 -3.1628 -0.5514 0 0.0000 9.085 8.82 1.24 3.14 -3.00 0.14
136 -3.1194 -0.5231 0 0.0000 9.085 8.82 1.24 3.14 -3.00 0.14
137 -3.1337 -0.5169 0 0.0000 9.085 8.82 1.24 3.14 -3.00 0.14
138 -3.1998 -0.5416 0 0.0000 9.085 8.82 1.24 3.14 -3.00 0.14
139 -3.1309 -0.5231 0 0.0000 9.085 8.82 1.24 3.14 -3.00 0.14
140 -3.1142 -0.5220 0 0.0000 9.085 8.82 1.24 3.14 -3.00 0.14
141 -3.1198 -0.5300 0 0.0000 9.085 8.82 1.24 3.14 -3.00 0.14
142 -3.1429 -0.5376 0 0.0000 9.085 8.82 1.24 3.14 -3.00 0.14
143 -3.1282 -0.5239 0 0.0000 9.085 8.82 1.24 3.14 -3.00 0.14
144 -3.1576 -0.5474 0 0.0000 9.085 8.82 1.24 3.14 -3.00 0.14
145 -3.1915 -0.5563 0 0.0000 9.085 8.82 1.24 3.14 -3.00 0.14
146 -3.2016 -0.5499 0 0.0000 9.085 8.82 1.24 3.14 -3.00 0.14
147 -3.1885 -0.5531 0 0.0000 9.085 8.82 1.24 3.14 -3.00 0.14
148 -3.2293 -0.5528 0 0.0000 9.085 8.82 1.24 3.14 -3.00 0.14
149 -3.2277 -0.5484 0 0.0000 9.085 8.82 1.24 3.14 -3.00 0.14
150 -3.3001 -0.5764 0 0.0000 9.085 8.82 1.24 3.14 -3.00 0.14
151 -3.2672 -0.5658 0 0.0000 9.085 8.82 1.24 3.14 -3.00 0.14
152 -3.2409 -0.5672 0 0.0000 9.085 8.82 1.24 3.14 -3.00 0.14
153 -3.3044 -0.5941 0 0.0000 9.085 8.82 1.24 3.14 -3.00 0.14
154 -3.3239 -0.5962 0 0.0000 9.085 8.82 1.24 3.14 -3.00 0.14
155 -3.3235 -0.6147 0 0.0000 9.085 8.82 1.24 3.14 -3.00 0.14
156 -3.3160 -0.6199 0 0.0000 9.085 8.82 1.24 3.14 -3.00 0.14
157 -3.2788 -0.5870 0 0.0000 9.085 8.82 1.24 3.14 -3.00 0.14
158 -3.2958 -0.6091 0 0.0000 9.085 8.82 1.24 3.14 -3.00 0.14
159 -3.2760 -0.5876 0 0.0000 9.085 8.82 1.24 3.14 -3.00 0.14
160 -3.2332 -0.5572 0 0.0000 9.085 8.82 1.24 3.14 -3.00 0.14
161 -3.2361 -0.5481 0 0.0000 9.085 8.82 1.24 3.14 -3.00 0.14
162 -3.1722 -0.5499 0 0.0000 9.085 8.82 1.24 3.14 -3.00 0.14
163 -3.1279 -0.5229 0 0.0000 9.085 8.82 1.24 3.14 -3.00 0.14
164 -3.0529 -0.5300 0 0.0000 9.085 8.82 1.24 3.14 -3.00 0.14
165 -3.0935 -0.5501 0 0.0000 9.085 8.82 1.24 3.14 -3.00 0.14
166 -3.1185 -0.5628 0 0.0000 9.085 8.82 1.24 3.14 -3.00 0.14
167 -3.0703 -0.5512 0 0.0000 9.084 8.82 1.24 3.14 -3.00 0.14
168 -3.1325 -0.5708 0 0.0000 9.084 8.82 1.24 3.14 -3.00 0.14
169 -3.1558 -0.5706 0 0.0000 9.084 8.82 1.24 3.14 -3.00 0.14
170 -3.2148 -0.5875 0 0.0000 9.084 8.82 1.24 3.14 -3.00 0.14
171 -3.2483 -0.6187 0 0.0000 9.084 8.82 1.24 3.14 -3.00 0.14
172 -3.2906 -0.6322 0 0.0000 9.084 8.82 1.24 3.14 -3.00 0.14
173 -3.3611 -0.6691 0 0.0000 9.084 8.82 1.24 3.14 -3.00 0.14
174 -3.3577 -0.6471 0 0.0000 9.084 8.82 1.24 3.14 -3.00 0.14
175 -3.3363 -0.6376 0 0.0000 9.084 8.82 1.24 3.14 -3.00 0.14
176 -3.3555 -0.6552 0 0.0000 9.084 8.82 1.24 3.14 -3.00 0.14
177 -3.3126 -0.6280 0 0.0000 9.084 8.82 1.24 3.14 -3.00 0.14
178 -3.3318 -0.6415 0 0.0000 9.084 8.82 1.24 3.14 -3.00 0.14
179 -3.3298 -0.6314 0 0.0000 9.084 8.82 1.24 3.14 -3.00 0.14
180 -3.3364 -0.6249 0 0.0000 9.084 8.82 1.24 3.14 -3.00 0.14
181 -3.3696 -0.6450 0 0.0000 9.084 8.82 1.24 3.14 -3.00 0.14
182 -3.3827 -0.6641 0 0.0000 9.084 8.82 1.24 3.14 -3.00 0.14
183 -3.3464 -0.6618 0 0.0000 9.084 8.82 1.25 3.14 -3.00 0.14
184 -3.3419 -0.6408 0 0.0000 9.084 8.82 1.24 3.14 -3.00 0.14
185 -3.3724 -0.6503 0 0.0000 9.084 8.82 1.24 3.14 -3.00 0.14
186 -3.3993 -0.6562 0 0.0000 9.084 8.82 1.24 3.14 -3.00 0.14
187 -3.3951 -0.6614 0 0.0000 9.083 8.82 1.24 3.14 -3.00 0.14
188 -3.3245 -0.6303 0 0.0000 9.082 8.82 1.24 3.14 -3.00 0.14
189 -3.3139 -0.6244 0 0.0000 9.081 8.82 1.24 3.14 -3.00 0.14
190 -3.3659 -0.6615 0 0.0000 9.081 8.82 1.24 3.14 -3.00 0.14
191 -3.3196 -0.6337 0 0.0000 9.081 8.82 1.24 3.14 -3.00 0.14
192 -3.2624 -0.5889 0 0.0000 9.081 8.82 1.24 3.14 -3.00 0.14
193 -3.3046 -0.6099 0 0.0000 9.081 8.82 1.24 3.14 -3.00 0.14
194 -3.3390 -0.6295 0 0.0000 9.081 8.82 1.24 3.14 -3.00 0.14
195 -3.3264 -0.6320 0 0.0000 9.081 8.82 1.24 3.14 -3.00 0.14
196 -3.2993 -0.6158 0 0.0000 9.079 8.82 1.24 3.14 -3.00 0.14
197 -3.2825 -0.6014 0 0.0000 9.078 8.81 1.24 3.14 -3.00 0.14
198 -3.2873 -0.6087 0 0.0000 9.078 8.81 1.24 3.14 -3.00 0.14
199 -3.2800 -0.6162 0 0.0000 9.078 8.81 1.24 3.14 -3.00 0.14
200 -3.2410 -0.6032 0 0.0000 9.078 8.81 1.24 3.14 -3.00 0.14
201 -3.2411 -0.6097 0 0.0000 9.077 8.81 1.24 3.14 -3.00 0.14
202 -3.2063 -0.6053 0 0.0000 9.077 8.81 1.24 3.14 -3.00 0.14
203 -3.1707 -0.5878 0 0.0000 9.077 8.81 1.24 3.14 -3.00 0.14
204 -3.1747 -0.6127 0 0.0000 9.077 8.81 1.24 3.14 -3.00 0.14
205 -3.2500 -0.6190 0 0.0000 9.076 8.81 1.24 3.14 -3.00 0.14
206 -3.2653 -0.6325 0 0.0000 9.075 8.81 1.24 3.14 -3.00 0.14
207 -3.2134 -0.6312 0 0.0000 9.075 8.81 1.24 3.14 -3.00 0.14
208 -3.2374 -0.6060 0 0.0000 9.075 8.81 1.24 3.14 -3.00 0.14
209 -3.2673 -0.6036 0 0.0000 9.075 8.81 1.24 3.14 -3.00 0.14
210 -3.3222 -0.6166 0 0.0000 9.075 8.81 1.24 3.14 -3.00 0.14
211 -3.3203 -0.6218 0 0.0000 9.075 8.81 1.24 3.14 -3.00 0.14
212 -3.2939 -0.5934 0 0.0000 9.075 8.81 1.24 3.14 -3.00 0.14
213 -3.3052 -0.6050 0 0.0000 9.075 8.81 1.24 3.14 -3.00 0.14
214 -3.3038 -0.6102 0 0.0000 9.075 8.81 1.24 3.14 -3.00 0.14
215 -3.2936 -0.6031 0 0.0000 9.075 8.81 1.24 3.14 -3.00 0.14
216 -3.3157 -0.6037 0 0.0000 9.075 8.81 1.24 3.14 -3.00 0.14
217 -3.3446 -0.6117 0 0.0000 9.075 8.81 1.24 3.14 -3.00 0.14
218 -3.3188 -0.5821 0 0.0000 9.075 8.81 1.24 3.14 -3.00 0.14
219 -3.3408 -0.6026 0 0.0000 9.075 8.81 1.24 3.14 -3.00 0.14
220 -3.3940 -0.6632 0 0.0000 9.074 8.81 1.24 3.14 -3.00 0.14
221 -3.3933 -0.6790 0 0.0000 9.074 8.81 1.24 3.14 -3.00 0.14
222 -3.4051 -0.6834 0 0.0000 9.074 8.81 1.24 3.14 -3.00 0.14
223 -3.3800 -0.6658 0 0.0000 9.074 8.81 1.24 3.14 -3.00 0.14
224 -3.3451 -0.6366 0 0.0000 9.073 8.81 1.24 3.14 -3.00 0.14
225 -3.3489 -0.6463 0 0.0000 9.072 8.81 1.24 3.14 -3.00 0.14
226 -3.3648 -0.6523 0 0.0000 9.072 8.81 1.24 3.14 -3.00 0.14
227 -3.3607 -0.6693 0 0.0000 9.072 8.81 1.24 3.14 -3.00 0.14
228 -3.3439 -0.6544 0 0.0000 9.072 8.81 1.24 3.14 -3.00 0.14
229 -3.3289 -0.6332 0 0.0000 9.072 8.81 1.24 3.14 -3.00 0.14
230 -3.3407 -0.6400 0 0.0000 9.072 8.81 1.24 3.14 -3.00 0.14
231 -3.3281 -0.6174 0 0.0000 9.071 8.81 1.24 3.14 -3.00 0.14
232 -3.3003 -0.6029 0 0.0000 9.071 8.81 1.24 3.14 -3.00 0.14
233 -3.3091 -0.6053 0 0.0000 9.071 8.81 1.24 3.14 -3.00 0.14
234 -3.3180 -0.6237 0 0.0000 9.071 8.81 1.24 3.14 -3.00 0.14
235 -3.2945 -0.6055 0 0.0000 9.071 8.81 1.24 3.14 -3.00 0.14
236 -3.2569 -0.5843 0 0.0000 9.071 8.81 1.24 3.14 -3.00 0.14
237 -3.2572 -0.5867 0 0.0000 9.071 8.81 1.24 3.14 -3.00 0.14
238 -3.1954 -0.5377 0 0.0000 9.071 8.81 1.24 3.14 -3.00 0.14
239 -3.1950 -0.5506 0 0.0000 9.071 8.81 1.24 3.14 -3.00 0.14
240 -3.1487 -0.5451 0 0.0000 9.071 8.81 1.24 3.14 -3.00 0.14
241 -3.1484 -0.5332 0 0.0000 9.071 8.81 1.24 3.14 -3.00 0.14
242 -3.1339 -0.5428 0 0.0000 9.071 8.81 1.24 3.14 -3.00 0.14
243 -3.0652 -0.5397 0 0.0000 9.071 8.81 1.24 3.14 -3.00 0.14
244 -3.0856 -0.5862 0 0.0000 9.071 8.81 1.24 3.14 -3.00 0.14
245 -3.0799 -0.5746 0 0.0000 9.071 8.81 1.24 3.14 -3.00 0.14
246 -3.0848 -0.5598 0 0.0000 9.071 8.81 1.24 3.14 -3.00 0.14
247 -3.0618 -0.5548 0 0.0000 9.071 8.81 1.24 3.14 -3.00 0.14
248 -3.0776 -0.5712 0 0.0000 9.071 8.81 1.24 3.14 -3.00 0.14
249 -3.1101 -0.5827 0 0.0000 9.071 8.81 1.24 3.14 -3.00 0.14
250 -3.1655 -0.5797 0 0.0000 9.071 8.81 1.24 -3.14 -3.00 0.14
251 -3.1253 -0.5716 0 0.0000 9.071 8.81 1.24 3.14 -3.00 0.14
252 -3.1328 -0.5783 0 0.0000 9.071 8.81 1.24 3.14 -3.00 0.14
253 -3.1321 -0.5876 0 0.0000 9.071 8.81 1.24 3.14 -3.00 0.14
254 -3.0855 -0.5749 0 0.0000 9.071 8.81 1.24 3.14 -3.00 0.14
255 -3.1195 -0.5944 0 0.0000 9.071 8.81 1.24 3.14 -3.00 0.14
256 -3.1304 -0.5757 0 0.0000 9.071 8.81 1.24 3.14 -3.00 0.14
257 -3.1701 -0.5636 0 0.0000 9.071 8.81 1.24 3.14 -3.00 0.14
258 -3.1952 -0.5689 0 0.0000 9.071 8.81 1.24 3.14 -3.00 0.14
259 -3.1713 -0.5666 0 0.0000 9.071 8.81 1.24 3.14 -3.00 0.14
260 -3.1441 -0.5865 0 0.0000 9.071 8.81 1.24 3.14 -3.00 0.14
261 -3.1385 -0.5880 0 0.0000 9.071 8.81 1.24 3.14 -3.00 0.14
262 -3.1558 -0.6010 0 0.0000 9.071 8.81 1.24 3.14 -3.00 0.14
263 -3.2263 -0.6138 0 0.0000 9.071 8.81 1.24 3.14 -3.00 0.14
264 -3.2424 -0.6254 0 0.0000 9.071 8.81 1.24 3.14 -3.00 0.14
265 -3.2272 -0.6142 0 0.0000 9.071 8.81 1.24 3.14 -3.00 0.14
266 -3.2981 -0.6451 0 0.0000 9.071 8.81 1.24 3.14 -3.00 0.14
267 -3.2844 -0.6229 0 0.0000 9.071 8.81 1.24 3.14 -3.00 0.14
268 -3.2770 -0.6084 0 0.0000 9.071 8.81 1.24 3.14 -3.00 0.14
269 -3.2952 -0.6085 0 0.0000 9.071 8.81 1.24 3.14 -3.00 0.14
270 -3.3188 -0.6233 0 0.0000 9.071 8.81 1.24 3.14 -3.00 0.14
271 -3.2988 -0.6042 0 0.0000 9.071 8.81 1.24 3.14 -3.00 0.14
272 -3.2728 -0.5795 0 0.0000 9.071 8.81 1.24 3.14 -3.00 0.14
273 -3.2886 -0.5893 0 0.0000 9.071 8.81 1.24 3.14 -3.00 0.14
274 -3.2706 -0.5627 0 0.0000 9.071 8.81 1.24 3.14 -3.00 0.14
275 -3.3090 -0.5862 0 0.0000 9.071 8.81 1.24 3.14 -3.00 0.14
276 -3.2732 -0.5701 0 0.0000 9.071 8.81 1.24 3.14 -3.00 0.14
277 -3.2638 -0.5701 0 0.0000 9.071 8.81 1.24 3.14 -3.00 0.14
278 -3.3037 -0.5971 0 0.0000 9.071 8.81 1.24 3.14 -3.00 0.14
279 -3.3205 -0.6079 0 0.0000 9.071 8.81 1.24 3.14 -3.00 0.14
280 -3.3168 -0.6107 0 0.0000 9.071 8.81 1.24 3.14 -3.00 0.14
281 -3.3302 -0.6212 0 0.0000 9.071 8.81 1.24 3.14 -3.00 0.14
282 -3.3354 -0.6166 0 0.0000 9.071 8.81 1.24 3.14 -3.00 0.14
283 -3.3338 -0.6165 0 0.0000 9.071 8.81 1.24 3.14 -3.00 0.14
284 -3.3373 -0.6169 0 0.0000 9.071 8.81 1.24 3.14 -3.00 0.14
285 -3.3122 -0.6243 0 0.0000 9.071 8.81 1.24 3.14 -3.00 0.14
286 -3.1682 -0.5887 0 0.0000 9.070 8.81 1.24 3.14 -3.00 0.14
287 -3.1173 -0.5424 0 0.0000 9.069 8.81 1.24 -3.14 -3.00 0.14
288 -3.2114 -0.5937 0 0.0000 9.068 8.80 1.24 3.14 -3.00 0.14
289 -3.1967 -0.5824 0 0.0000 9.068 8.80 1.24 3.14 -3.00 0.14
290 -3.1846 -0.5705 0 0.0000 9.067 8.80 1.24 3.14 -3.00 0.14
291 -3.1770 -0.5728 0 0.0000 9.066 8.80 1.24 -3.14 -3.00 0.14
292 -3.2064 -0.5740 0 0.0000 9.065 8.80 1.24 3.14 -3.00 0.14
293 -3.1613 -0.5489 0 0.0000 9.065 8.80 1.24 3.14 -3.00 0.14
294 -3.1290 -0.5459 0 0.0000 9.065 8.80 1.24 3.14 -3.00 0.14
295 -3.1698 -0.5482 0 0.0000 9.065 8.80 1.24 3.14 -3.00 0.14
296 -3.2093 -0.5595 0 0.0000 9.065 8.80 1.24 3.14 -3.00 0.14
297 -3.2063 -0.5559 0 0.0000 9.065 8.80 1.24 3.14 -3.00 0.14
298 -3.2421 -0.5877 0 0.0000 9.065 8.80 1.24 3.14 -3.00 0.14
299 -3.2254 -0.5877 0 0.0000 9.065 8.80 1.24 3.14 -3.00 0.14
300 -3.2478 -0.6191 0 0.0000 9.065 8.80 1.24 3.14 -3.00 0.14
301 -3.2423 -0.6226 0 0.0000 9.065 8.80 1.24 3.14 -3.00 0.14
302 -3.2592 -0.6350 0 0.0000 9.065 8.80 1.24 3.14 -3.00 0.14
303 -3.1964 -0.6220 0 0.0000 9.065 8.80 1.24 3.14 -3.00 0.14
304 -3.2248 -0.6267 0 0.0000 9.065 8.80 1.24 3.14 -3.00 0.14
305 -3.2371 -0.6261 0 0.0000 9.065 8.80 1.24 3.14 -3.00 0.14
306 -3.2303 -0.5815 0 0.0000 9.065 8.80 1.24 3.14 -3.00 0.14
307 -3.2085 -0.5716 0 0.0000 9.065 8.80 1.24 3.14 -3.00 0.14
308 -3.1051 -0.5596 0 0.0000 9.065 8.80 1.24 3.14 -3.00 0.14
309 -3.0482 -0.5493 0 0.0000 9.065 8.80 1.24 3.14 -3.00 0.14
310 -3.0991 -0.5580 0 0.0000 9.064 8.80 1.24 3.14 -3.00 0.14
311 -3.0538 -0.5611 0 0.0000 9.064 8.80 1.24 3.14 -3.00 0.14
312 -3.1169 -0.5792 0 0.0000 9.064 8.80 1.24 3.14 -3.00 0.14
313 -3.2152 -0.6000 0 0.0000 9.064 8.80 1.24 3.14 -3.00 0.14
314 -3.2375 -0.6156 0 0.0000 9.064 8.80 1.24 3.14 -3.00 0.14
315 -3.2386 -0.6227 0 0.0000 9.064 8.80 1.24 3.14 -3.00 0.14
316 -3.2079 -0.6224 0 0.0000 9.064 8.80 1.24 3.14 -3.00 0.14
317 -3.2073 -0.6345 0 0.0000 9.064 8.80 1.24 3.14 -3.00 0.14
318 -3.2330 -0.6315 0 0.0000 9.064 8.80 1.24 3.14 -3.00 0.14
319 -3.1934 -0.6119 0 0.0000 9.064 8.80 1.24 3.14 -3.00 0.14
320 -3.1706 -0.6085 0 0.0000 9.064 8.80 1.24 3.14 -3.00 0.14
321 -3.2022 -0.6078 0 0.0000 9.064 8.80 1.24 3.14 -3.00 0.14
322 -3.1805 -0.5898 0 0.0000 9.064 8.80 1.24 3.14 -3.00 0.14
323 -3.1890 -0.5912 0 0.0000 9.064 8.80 1.24 3.14 -3.00 0.14
324 -3.1492 -0.5803 0 0.0000 9.064 8.80 1.24 3.14 -3.00 0.14
325 -3.1556 -0.5635 0 0.0000 9.063 8.80 1.24 3.14 -3.00 0.14
326 -3.1584 -0.5853 0 0.0000 9.063 8.80 1.24 3.14 -3.00 0.14
327 -3.1724 -0.6045 0 0.0000 9.063 8.80 1.24 3.14 -3.00 0.14
328 -3.2132 -0.6143 0 0.0000 9.063 8.80 1.24 3.14 -3.00 0.14
329 -3.2060 -0.6153 0 0.0000 9.063 8.80 1.24 3.14 -3.00 0.14
330 -3.2423 -0.6244 0 0.0000 9.063 8.80 1.24 3.14 -3.00 0.14
331 -3.1861 -0.6107 0 0.0000 9.063 8.80 1.24 3.14 -3.00 0.14
332 -3.2124 -0.6243 0 0.0000 9.063 8.80 1.24 3.14 -3.00 0.14
333 -3.2117 -0.6141 0 0.0000 9.062 8.80 1.24 3.14 -3.00 0.14
334 -3.2322 -0.6129 0 0.0000 9.061 8.80 1.24 3.14 -3.00 0.14
335 -3.1819 -0.5949 0 0.0000 9.061 8.80 1.24 3.14 -3.00 0.14
336 -3.1974 -0.6119 0 0.0000 9.061 8.80 1.24 3.14 -3.00 0.14
337 -3.2411 -0.6235 0 0.0000 9.061 8.80 1.24 3.14 -3.00 0.14
338 -3.3011 -0.6387 0 0.0000 9.061 8.80 1.24 3.14 -3.00 0.14
339 -3.2772 -0.6271 0 0.0000 9.061 8.80 1.24 -3.14 -3.00 0.14
340 -3.2918 -0.6337 0 0.0000 9.061 8.80 1.24 3.14 -3.00 0.14
341 -3.3110 -0.6519 0 0.0000 9.061 8.80 1.24 3.14 -3.00 0.14
342 -3.3077 -0.6572 0 0.0000 9.061 8.80 1.24 3.14 -3.00 0.14
343 -3.2822 -0.6472 0 0.0000 9.061 8.80 1.24 3.14 -3.00 0.14
344 -3.2736 -0.6536 0 0.0000 9.061 8.80 1.24 3.14 -3.00 0.14
345 -3.3008 -0.6629 0 0.0000 9.061 8.80 1.24 3.14 -3.00 0.14
346 -3.2939 -0.6493 0 0.0000 9.061 8.80 1.24 3.14 -3.00 0.14
347 -3.2874 -0.6363 0 0.0000 9.061 8.80 1.24 3.14 -3.00 0.14
348 -3.2724 -0.6267 0 0.0000 9.061 8.80 1.24 3.14 -3.00 0.14
349 -3.2301 -0.6143 0 0.0000 9.061 8.80 1.24 3.14 -3.00 0.14
350 -3.2772 -0.6300 0 0.0000 9.061 8.80 1.24 3.14 -3.00 0.14
351 -3.2703 -0.6261 0 0.0000 9.061 8.80 1.24 3.14 -3.00 0.14
352 -3.2391 -0.6059 0 0.0000 9.061 8.80 1.24 3.14 -3.00 0.14
353 -3.1796 -0.6002 0 0.0000 9.061 8.80 1.24 3.14 -3.00 0.14
354 -3.2513 -0.6168 0 0.0000 9.061 8.80 1.24 3.14 -3.00 0.14
355 -3.2101 -0.5955 0 0.0000 9.061 8.80 1.24 3.14 -3.00 0.14
356 -3.2400 -0.6065 0 0.0000 9.061 8.80 1.24 3.14 -3.00 0.14
357 -3.2871 -0.6229 0 0.0000 9.061 8.80 1.24 3.14 -3.00 0.14
358 -3.2489 -0.6046 0 0.0000 9.061 8.80 1.24 3.14 -3.00 0.14
359 -3.1787 -0.5803 0 0.0000 9.061 8.80 1.24 3.14 -3.00 0.14
360 -3.1935 -0.5806 0 0.0000 9.061 8.80 1.24 3.14 -3.00 0.14
361 -3.1548 -0.5678 0 0.0000 9.061 8.80 1.24 3.14 -3.00 0.14
362 -3.2152 -0.5757 0 0.0000 9.061 8.80 1.24 3.14 -3.00 0.14
363 -3.1847 -0.5832 0 0.0000 9.061 8.80 1.24 3.14 -3.00 0.14
364 -3.1853 -0.6040 0 0.0000 9.061 8.80 1.24 3.14 -3.00 0.14
365 -3.1725 -0.6090 0 0.0000 9.061 8.80 1.24 3.14 -3.00 0.14
366 -3.2364 -0.6293 0 0.0000 9.061 8.80 1.24 3.14 -3.00 0.14
367 -3.1683 -0.5895 0 0.0000 9.061 8.80 1.24 3.14 -3.00 0.14
368 -3.1824 -0.6021 0 0.0000 9.061 8.80 1.24 -3.14 -3.00 0.14
369 -3.2222 -0.6134 0 0.0000 9.061 8.80 1.24 -3.14 -3.00 0.14
370 -3.2763 -0.6310 0 0.0000 9.061 8.80 1.24 3.14 -3.00 0.14
371 -3.3090 -0.6472 0 0.0000 9.061 8.80 1.24 3.14 -3.00 0.14
372 -3.2853 -0.6490 0 0.0000 9.061 8.80 1.24 3.14 -3.00 0.14
373 -3.3085 -0.6363 0 0.0000 9.061 8.80 1.24 3.14 -3.00 0.14
374 -3.3155 -0.6306 0 0.0000 9.061 8.80 1.24 3.14 -3.00 0.14
375 -3.2934 -0.6027 0 0.0000 9.061 8.80 1.24 3.14 -3.00 0.14
376 -3.2862 -0.6137 0 0.0000 9.061 8.80 1.24 3.14 -3.00 0.14
377 -3.2959 -0.6257 0 0.0000 9.061 8.80 1.24 3.14 -3.00 0.14
378 -3.3164 -0.6301 0 0.0000 9.061 8.80 1.24 3.14 -3.00 0.14
379 -3.2753 -0.5979 0 0.0000 9.061 8.80 1.24 3.14 -3.00 0.14
380 -3.2697 -0.5955 0 0.0000 9.061 8.80 1.24 3.14 -3.00 0.14
381 -3.2545 -0.5951 0 0.0000 9.061 8.80 1.24 3.14 -3.00 0.14
382 -3.2911 -0.6125 0 0.0000 9.061 8.80 1.24 3.14 -3.00 0.14
383 -3.2736 -0.6077 0 0.0000 9.061 8.80 1.24 3.14 -3.00 0.14
384 -3.2581 -0.6009 0 0.0000 9.061 8.80 1.24 3.14 -3.00 0.14
385 -3.2579 -0.5986 0 0.0000 9.061 8.80 1.24 3.14 -3.00 0.14
386 -3.2724 -0.6099 0 0.0000 9.061 8.80 1.24 3.14 -3.00 0.14
387 -3.2361 -0.6072 0 0.0000 9.061 8.80 1.25 3.14 -3.00 0.14
388 -3.2664 -0.6120 0 0.0000 9.061 8.80 1.24 3.14 -3.00 0.14
389 -3.2815 -0.6245 0 0.0000 9.061 8.80 1.24 3.14 -3.00 0.14
390 -3.2573 -0.6207 0 0.0000 9.061 8.80 1.24 3.14 -3.00 0.14
391 -3.2273 -0.6271 0 0.0000 9.060 8.80 1.24 3.14 -3.00 0.14
392 -3.2077 -0.5993 0 0.0000 9.060 8.80 1.24 3.14 -3.00 0.14
393 -3.2200 -0.5905 0 0.0000 9.060 8.80 1.24 3.14 -3.00 0.14
394 -3.2471 -0.5837 0 0.0000 9.060 8.80 1.24 3.14 -3.00 0.14
395 -3.2329 -0.5729 0 0.0000 9.060 8.80 1.24 3.14 -3.00 0.14
396 -3.1880 -0.5748 0 0.0000 9.060 8.80 1.24 3.14 -3.00 0.14
397 -3.2139 -0.5864 0 0.0000 9.060 8.80 1.24 3.14 -3.00 0.14
398 -3.1635 -0.5835 0 0.0000 9.060 8.80 1.24 3.14 -3.00 0.14
399 -3.1821 -0.5828 0 0.0000 9.060 8.80 1.24 3.14 -3.00 0.14
400 -3.1227 -0.5917 0 0.0000 9.060 8.80 1.24 3.14 -3.00 0.14
401 -3.1532 -0.5865 0 0.0000 9.059 8.80 1.24 3.14 -3.00 0.14
402 -3.2098 -0.6069 0 0.0000 9.059 8.80 1.24 3.14 -3.00 0.14
403 -3.1634 -0.5980 0 0.0000 9.058 8.79 1.24 3.14 -3.00 0.14
404 -3.1250 -0.5929 0 0.0000 9.058 8.79 1.24 3.14 -3.00 0.14
405 -3.1005 -0.5780 0 0.0000 9.058 8.79 1.24 3.14 -3.00 0.14
406 -3.1549 -0.5951 0 0.0000 9.058 8.79 1.24 3.14 -3.00 0.14
407 -3.1067 -0.5898 0 0.0000 9.058 8.79 1.24 3.14 -3.00 0.14
408 -3.1652 -0.6015 0 0.0000 9.058 8.79 1.24 3.14 -3.00 0.14
409 -3.2644 -0.6272 0 0.0000 9.058 8.79 1.24 3.14 -3.00 0.14
410 -3.3167 -0.6532 0 0.0000 9.058 8.79 1.24 3.14 -3.00 0.14
411 -3.3402 -0.6665 0 0.0000 9.058 8.79 1.24 3.14 -3.00 0.14
412 -3.3636 -0.6949 0 0.0000 9.058 8.79 1.24 3.14 -3.00 0.14
413 -3.3812 -0.7095 0 0.0000 9.058 8.79 1.24 3.14 -3.00 0.14
414 -3.3755 -0.7036 0 0.0000 9.058 8.79 1.24 3.14 -3.00 0.14
415 -3.3498 -0.6696 0 0.0000 9.058 8.79 1.24 3.14 -3.00 0.14
416 -3.1685 -0.6218 0 0.0000 9.057 8.79 1.24 -3.14 -3.00 0.14
417 -3.2544 -0.6384 0 0.0000 9.056 8.79 1.24 3.14 -3.00 0.14
418 -3.2630 -0.6262 0 0.0000 9.055 8.79 1.24 3.14 -3.00 0.14
419 -3.2339 -0.6127 0 0.0000 9.054 8.79 1.24 3.14 -3.00 0.14
420 -3.2355 -0.6284 0 0.0000 9.053 8.79 1.24 3.14 -3.00 0.14
421 -3.1915 -0.6044 0 0.0000 9.052 8.79 1.24 3.14 -3.00 0.14
422 -3.1832 -0.6226 0 0.0000 9.051 8.79 1.24 3.14 -3.00 0.14
423 -3.1693 -0.6263 0 0.0000 9.051 8.79 1.24 3.14 -3.00 0.14
424 -3.1580 -0.6306 0 0.0000 9.051 8.79 1.24 3.14 -3.00 0.14
425 -3.1664 -0.6253 0 0.0000 9.051 8.79 1.24 3.14 -3.00 0.14
426 -3.1645 -0.6148 0 0.0000 9.051 8.79 1.24 3.14 -3.00 0.14
427 -3.1871 -0.6181 0 0.0000 9.050 8.79 1.24 3.14 -3.00 0.14
428 -3.1667 -0.6164 0 0.0000 9.050 8.79 1.24 3.14 -3.00 0.14
429 -3.1715 -0.6097 0 0.0000 9.050 8.79 1.24 3.14 -3.00 0.14
430 -3.1705 -0.6221 0 0.0000 9.050 8.79 1.24 3.14 -3.00 0.14
431 -3.1479 -0.6073 0 0.0000 9.049 8.79 1.24 3.14 -3.00 0.14
432 -3.1857 -0.6085 0 0.0000 9.049 8.79 1.24 3.14 -3.00 0.14
433 -3.2360 -0.6146 0 0.0000 9.049 8.79 1.24 3.14 -3.00 0.14
434 -3.2710 -0.6397 0 0.0000 9.049 8.79 1.24 3.14 -3.00 0.14
435 -3.2729 -0.6418 0 0.0000 9.049 8.79 1.24 3.14 -3.00 0.14
436 -3.2174 -0.6393 0 0.0000 9.049 8.79 1.24 3.14 -3.00 0.14
437 -3.2409 -0.6337 0 0.0000 9.049 8.79 1.24 3.14 -3.00 0.14
438 -3.2800 -0.6335 0 0.0000 9.049 8.79 1.24 3.14 -3.00 0.14
439 -3.2411 -0.6236 0 0.0000 9.049 8.79 1.24 3.14 -3.00 0.14
440 -3.3030 -0.6724 0 0.0000 9.049 8.79 1.24 3.14 -3.00 0.14
441 -3.3269 -0.6761 0 0.0000 9.049 8.79 1.24 3.14 -3.00 0.14
442 -3.3133 -0.6811 0 0.0000 9.048 8.78 1.24 3.14 -3.00 0.14
443 -3.2815 -0.6663 0 0.0000 9.048 8.78 1.24 3.14 -3.00 0.14
444 -3.3046 -0.6853 0 0.0000 9.048 8.78 1.24 3.14 -3.00 0.14
445 -3.3158 -0.6790 0 0.0000 9.048 8.78 1.24 3.14 -3.00 0.14
446 -3.3353 -0.6825 0 0.0000 9.048 8.78 1.24 -3.14 -3.00 0.14
447 -3.3349 -0.6946 0 0.0000 9.048 8.78 1.24 3.14 -3.00 0.14
448 -3.3122 -0.6734 0 0.0000 9.048 8.78 1.24 3.14 -3.00 0.14
449 -3.3026 -0.6647 0 0.0000 9.048 8.78 1.24 3.14 -3.00 0.14
450 -3.2927 -0.6556 0 0.0000 9.047 8.78 1.24 3.14 -3.00 0.14
451 -3.2880 -0.6551 0 0.0000 9.047 8.78 1.24 3.14 -3.00 0.14
452 -3.3028 -0.6609 0 0.0000 9.047 8.78 1.24 3.14 -3.00 0.14
453 -3.3000 -0.6603 0 0.0000 9.047 8.78 1.24 3.14 -3.00 0.14
454 -3.3427 -0.6783 0 0.0000 9.047 8.78 1.24 3.14 -3.00 0.14
455 -3.3330 -0.6792 0 0.0000 9.047 8.78 1.24 3.14 -3.00 0.14
456 -3.3109 -0.6655 0 0.0000 9.047 8.78 1.24 3.14 -3.00 0.14
457 -3.3509 -0.6750 0 0.0000 9.047 8.78 1.24 3.14 -3.00 0.14
458 -3.3848 -0.6869 0 0.0000 9.047 8.78 1.24 3.14 -3.00 0.14
459 -3.3727 -0.6833 0 0.0000 9.046 8.78 1.24 3.14 -3.00 0.14
460 -3.3831 -0.7055 0 0.0000 9.046 8.78 1.24 3.14 -3.00 0.14
461 -3.3569 -0.6860 0 0.0000 9.045 8.78 1.24 3.14 -3.00 0.14
462 -3.3528 -0.6739 0 0.0000 9.045 8.78 1.24 3.14 -3.00 0.14
463 -3.3470 -0.6762 0 0.0000 9.045 8.78 1.24 3.14 -3.00 0.14
464 -3.3006 -0.6685 0 0.0000 9.044 8.78 1.24 3.14 -3.00 0.14
465 -3.2555 -0.6524 0 0.0000 9.043 8.78 1.24 3.14 -3.00 0.14
466 -3.2849 -0.6574 0 0.0000 9.041 8.78 1.24 3.14 -3.00 0.14
467 -3.2877 -0.6435 0 0.0000 9.038 8.77 1.24 -3.14 -3.00 0.14
468 -3.2281 -0.6018 0 0.0000 9.036 8.77 1.24 3.14 -3.00 0.14
469 -3.2552 -0.6027 0 0.0000 9.036 8.77 1.24 3.14 -3.00 0.14
470 -3.2237 -0.6024 0 0.0000 9.036 8.77 1.24 3.14 -3.00 0.14
471 -3.0968 -0.5687 0 0.0000 9.036 8.77 1.24 3.14 -3.00 0.14
472 -3.0771 -0.5741 0 0.0000 9.036 8.77 1.24 3.14 -3.00 0.14
473 -3.0794 -0.5407 0 0.0000 9.035 8.77 1.24 3.14 -3.00 0.14
474 -3.0369 -0.5183 0 0.0000 9.034 8.77 1.24 3.14 -3.00 0.14
475 -2.9947 -0.5033 0 0.0000 9.034 8.77 1.24 3.14 -3.00 0.14
476 -3.0978 -0.5466 0 0.0000 9.034 8.77 1.24 3.14 -3.00 0.14
477 -3.0602 -0.5234 0 0.0000 9.035 8.77 1.24 3.14 -3.00 0.14
478 -3.0491 -0.5414 0 0.0000 9.035 8.77 1.24 3.14 -3.00 0.14
479 -3.0331 -0.5478 0 0.0000 9.035 8.77 1.24 3.14 -3.00 0.14
480 -2.9909 -0.5434 0 0.0000 9.035 8.77 1.24 3.14 -3.00 0.14
481 -3.0766 -0.5557 0 0.0000 9.034 8.77 1.24 3.14 -3.00 0.14
482 -3.1419 -0.5781 0 0.0000 9.034 8.77 1.24 3.14 -3.00 0.14
483 -3.1746 -0.6034 0 0.0000 9.034 8.77 1.24 3.14 -3.00 0.14
484 -3.1670 -0.6248 0 0.0000 9.034 8.77 1.24 3.14 -3.00 0.14
485 -3.1717 -0.6125 0 0.0000 9.034 8.77 1.24 3.14 -3.00 0.14
486 -3.1597 -0.6097 0 0.0000 9.034 8.77 1.24 3.14 -3.00 0.14
487 -3.1509 -0.6169 0 0.0000 9.034 8.77 1.24 3.14 -3.00 0.14
488 -3.1627 -0.6251 0 0.0000 9.034 8.77 1.24 3.14 -3.00 0.14
489 -3.1477 -0.6141 0 0.0000 9.034 8.77 1.24 3.14 -3.00 0.14
490 -3.1989 -0.6248 0 0.0000 9.034 8.77 1.24 3.14 -3.00 0.14
491 -3.1718 -0.6286 0 0.0000 9.034 8.77 1.24 3.14 -3.00 0.14
492 -3.1919 -0.6295 0 0.0000 9.034 8.77 1.24 3.14 -3.00 0.14
493 -3.2143 -0.6405 0 0.0000 9.034 8.77 1.24 3.14 -3.00 0.14
494 -3.2452 -0.6533 0 0.0000 9.034 8.77 1.24 3.14 -3.00 0.14
495 -3.2453 -0.6519 0 0.0000 9.034 8.77 1.24 3.14 -3.00 0.14
496 -3.2115 -0.6175 0 0.0000 9.034 8.77 1.24 3.14 -3.00 0.14
497 -3.2237 -0.6261 0 0.0000 9.034 8.77 1.24 3.14 -3.00 0.14
498 -3.2403 -0.6279 0 0.0000 9.034 8.77 1.24 3.14 -3.00 0.14
499 -3.2683 -0.6308 0 0.0000 9.034 8.77 1.24 3.14 -3.00 0.14
500 -3.2606 -0.6365 0 0.0000 9.034 8.77 1.24 3.14 -3.00 0.14
501 -3.2743 -0.6458 0 0.0000 9.034 8.77 1.24 3.14 -3.00 0.14
502 -3.3245 -0.6791 0 0.0000 9.034 8.77 1.24 3.14 -3.00 0.14
503 -3.3190 -0.6700 0 0.0000 9.034 8.77 1.24 3.14 -3.00 0.14
504 -3.3099 -0.6753 0 0.0000 9.034 8.77 1.24 3.14 -3.00 0.14
505 -3.3124 -0.6706 0 0.0000 9.033 8.77 1.24 3.14 -3.00 0.14
506 -3.2826 -0.6529 0 0.0000 9.033 8.77 1.24 3.14 -3.00 0.14
507 -3.2878 -0.6575 0 0.0000 9.033 8.77 1.24 3.14 -3.00 0.14
508 -3.2940 -0.6807 0 0.0000 9.033 8.77 1.24 -3.14 -3.00 0.14
509 -3.3383 -0.7040 0 0.0000 9.034 8.77 1.24 3.14 -3.00 0.14
510 -3.3569 -0.7268 0 0.0000 9.033 8.77 1.24 3.14 -3.00 0.14
511 -3.3113 -0.6949 0 0.0000 9.033 8.77 1.24 -3.14 -3.00 0.14
512 -3.2423 -0.6917 0 0.0000 9.033 8.77 1.24 3.14 -3.00 0.14
513 -3.2060 -0.6660 0 0.0000 9.033 8.77 1.24 3.14 -3.00 0.14
514 -3.1372 -0.6350 0 0.0000 9.033 8.77 1.24 3.14 -3.00 0.14
515 -3.1807 -0.6481 0 0.0000 9.033 8.77 1.24 -3.14 -3.00 0.14
516 -3.1962 -0.6515 0 0.0000 9.033 8.77 1.24 3.14 -3.00 0.14
517 -3.2423 -0.6635 0 0.0000 9.033 8.77 1.24 -3.14 -3.00 0.14
518 -3.2606 -0.6780 0 0.0000 9.033 8.77 1.24 3.14 -3.00 0.14
519 -3.1896 -0.6638 0 0.0000 9.033 8.77 1.24 -3.14 -3.00 0.14
520 -3.1929 -0.6679 0 0.0000 9.033 8.77 1.24 3.14 -3.00 0.14
521 -3.2131 -0.6683 0 0.0000 9.033 8.77 1.24 3.14 -3.00 0.14
522 -3.1938 -0.6759 0 0.0000 9.033 8.77 1.24 -3.14 -3.00 0.14
523 -3.1970 -0.6717 0 0.0000 9.033 8.77 1.24 3.14 -3.00 0.14
524 -3.1207 -0.6554 0 0.0000 9.033 8.77 1.24 -3.14 -3.00 0.14
525 -3.1032 -0.6583 0 0.0000 9.033 8.77 1.24 -3.14 -3.00 0.14
526 -3.0999 -0.6404 0 0.0000 9.033 8.77 1.24 -3.14 -3.00 0.14
527 -3.1097 -0.6358 0 0.0000 9.033 8.77 1.24 -3.14 -3.00 0.14
528 -3.1025 -0.6429 0 0.0000 9.033 8.77 1.24 -3.14 -3.00 0.14
529 -3.1450 -0.6537 0 0.0000 9.033 8.77 1.24 -3.14 -3.00 0.14
530 -3.1512 -0.6356 0 0.0000 9.033 8.77 1.24 -3.14 -3.00 0.14
531 -3.1466 -0.6377 0 0.0000 9.033 8.77 1.24 3.14 -3.00 0.14
532 -3.1703 -0.6568 0 0.0000 9.033 8.77 1.24 -3.14 -3.00 0.14
533 -3.1464 -0.6420 0 0.0000 9.033 8.77 1.24 -3.14 -3.00 0.14
534 -3.1996 -0.6621 0 0.0000 9.033 8.77 1.24 -3.14 -3.00 0.14
535 -3.2101 -0.6606 0 0.0000 9.033 8.77 1.24 -3.14 -3.00 0.14
536 -3.1863 -0.6550 0 0.0000 9.033 8.77 1.24 -3.14 -3.00 0.14
537 -3.2553 -0.6744 0 0.0000 9.033 8.77 1.24 -3.14 -3.00 0.14
538 -3.2725 -0.6770 0 0.0000 9.033 8.77 1.24 -3.14 -3.00 0.14
539 -3.2837 -0.6678 0 0.0000 9.033 8.77 1.24 -3.14 -3.00 0.14
540 -3.2269 -0.6331 0 0.0000 9.033 8.77 1.24 -3.14 -3.00 0.14
541 -3.1824 -0.6351 0 0.0000 9.033 8.77 1.24 3.14 -3.00 0.14
542 -3.1814 -0.6274 0 0.0000 9.033 8.77 1.24 -3.14 -3.00 0.14
543 -3.2152 -0.6420 0 0.0000 9.033 8.77 1.24 -3.14 -3.00 0.14
544 -3.2436 -0.6499 0 0.0000 9.033 8.77 1.24 -3.14 -3.00 0.14
545 -3.2115 -0.6359 0 0.0000 9.033 8.77 1.24 3.14 -3.00 0.14
546 -3.2554 -0.6426 0 0.0000 9.033 8.77 1.24 -3.14 -3.00 0.14
547 -3.2739 -0.6532 0 0.0000 9.033 8.77 1.24 -3.14 -3.00 0.14
548 -3.2904 -0.6728 0 0.0000 9.033 8.77 1.24 3.14 -3.00 0.14
549 -3.2889 -0.6450 0 0.0000 9.033 8.77 1.24 3.14 -3.00 0.14
550 -3.3131 -0.6761 0 0.0000 9.033 8.77 1.24 3.14 -3.00 0.14
551 -3.2634 -0.6407 0 0.0000 9.033 8.77 1.24 3.14 -3.00 0.14
552 -3.2654 -0.6643 0 0.0000 9.033 8.77 1.24 3.14 -3.00 0.14
553 -3.2822 -0.6708 0 0.0000 9.033 8.77 1.24 3.14 -3.00 0.14
554 -3.2713 -0.6647 0 0.0000 9.033 8.77 1.24 3.14 -3.00 0.14
555 -3.2616 -0.6478 0 0.0000 9.033 8.77 1.24 -3.14 -3.00 0.14
556 -3.2674 -0.6624 0 0.0000 9.033 8.77 1.24 3.14 -3.00 0.14
557 -3.2293 -0.6684 0 0.0000 9.033 8.77 1.24 3.14 -3.00 0.14
558 -3.2652 -0.6647 0 0.0000 9.033 8.77 1.24 -3.14 -3.00 0.14
559 -3.2208 -0.6211 0 0.0000 9.033 8.77 1.24 -3.14 -3.00 0.14
560 -3.1559 -0.6365 0 0.0000 9.033 8.77 1.24 -3.14 -3.00 0.14
561 -3.1590 -0.6252 0 0.0000 9.033 8.77 1.24 -3.14 -3.00 0.14
562 -3.2298 -0.6452 0 0.0000 9.033 8.77 1.24 -3.14 -3.00 0.14
563 -3.2393 -0.6431 0 0.0000 9.033 8.77 1.24 -3.14 -3.00 0.14
564 -3.2267 -0.6573 0 0.0000 9.033 8.77 1.24 -3.14 -3.00 0.14
565 -3.2123 -0.6528 0 0.0000 9.033 8.77 1.24 -3.14 -3.00 0.14
566 -3.1656 -0.6224 0 0.0000 9.033 8.77 1.24 -3.14 -3.00 0.14
567 -3.1482 -0.6173 0 0.0000 9.033 8.77 1.24 -3.14 -3.00 0.14
568 -3.2027 -0.6088 0 0.0000 9.033 8.77 1.24 -3.14 -3.00 0.14
569 -3.2414 -0.6311 0 0.0000 9.033 8.77 1.24 -3.14 -3.00 0.14
570 -3.2781 -0.6370 0 0.0000 9.033 8.77 1.24 3.14 -3.00 0.14
571 -3.2732 -0.6454 0 0.0000 9.033 8.77 1.24 3.14 -3.00 0.14
572 -3.2272 -0.6369 0 0.0000 9.033 8.77 1.24 3.14 -3.00 0.14
573 -3.1711 -0.5976 0 0.0000 9.033 8.77 1.24 3.14 -3.00 0.14
574 -3.2052 -0.6111 0 0.0000 9.033 8.77 1.24 -3.14 -3.00 0.14
575 -3.2189 -0.6029 0 0.0000 9.033 8.77 1.24 3.14 -3.00 0.14
576 -3.2263 -0.6199 0 0.0000 9.033 8.77 1.24 -3.14 -3.00 0.14
577 -3.2694 -0.6438 0 0.0000 9.033 8.77 1.24 3.14 -3.00 0.14
578 -3.2772 -0.6469 0 0.0000 9.033 8.77 1.24 -3.14 -3.00 0.14
579 -3.2653 -0.6484 0 0.0000 9.033 8.77 1.24 -3.14 -3.00 0.14
580 -3.2434 -0.6379 0 0.0000 9.033 8.77 1.24 -3.14 -3.00 0.14
581 -3.2322 -0.6368 0 0.0000 9.033 8.77 1.24 -3.14 -3.00 0.14
582 -3.2719 -0.6438 0 0.0000 9.033 8.77 1.24 -3.14 -3.00 0.14
583 -3.2521 -0.6340 0 0.0000 9.033 8.77 1.24 -3.14 -3.00 0.14
584 -3.2681 -0.6544 0 0.0000 9.033 8.77 1.24 -3.14 -3.00 0.14
585 -3.2917 -0.6547 0 0.0000 9.033 8.77 1.24 -3.14 -3.00 0.14
586 -3.3119 -0.6587 0 0.0000 9.033 8.77 1.24 -3.14 -3.00 0.14
587 -3.2975 -0.6798 0 0.0000 9.033 8.77 1.24 3.14 -3.00 0.14
588 -3.3363 -0.7092 0 0.0000 9.033 8.77 1.24 -3.14 -3.00 0.14
589 -3.3256 -0.7168 0 0.0000 9.033 8.77 1.24 3.14 -3.00 0.14
590 -3.3908 -0.7553 0 0.0000 9.033 8.77 1.24 -3.14 -3.00 0.14
591 -3.3736 -0.7427 0 0.0000 9.033 8.77 1.24 3.14 -3.00 0.14
592 -3.3617 -0.7390 0 0.0000 9.033 8.77 1.24 3.14 -3.00 0.14
593 -3.3252 -0.7106 0 0.0000 9.033 8.77 1.24 3.14 -3.00 0.14
594 -3.3127 -0.7099 0 0.0000 9.033 8.77 1.24 3.14 -3.00 0.14
595 -3.3577 -0.7180 0 0.0000 9.033 8.77 1.24 3.14 -3.00 0.14
596 -3.3134 -0.6896 0 0.0000 9.034 8.77 1.24 3.14 -3.00 0.14
597 -3.3015 -0.6751 0 0.0000 9.034 8.77 1.24 3.14 -3.00 0.14
598 -3.3213 -0.6916 0 0.0000 9.034 8.77 1.24 3.14 -3.00 0.14
599 -3.2875 -0.6619 0 0.0000 9.033 8.77 1.24 3.14 -3.00 0.14
