# step wm_danger det_logit danger fire dist_t dx dy yaw tbrg offaxis
0 0.6453 0.6674 0 0.0000 13.454 -6.00 -6.00 -0.05 1.11 1.15
1 -0.3533 0.4740 0 0.0000 12.042 -0.15 -11.78 1.57 1.57 0.00
2 -0.0814 0.5636 0 0.0000 12.042 -0.15 -11.78 1.57 1.57 0.00
3 0.0021 0.5633 0 0.0000 12.036 -0.16 -11.77 1.56 1.57 0.01
4 -0.0881 0.4841 0 0.0000 12.019 -0.18 -11.76 1.56 1.57 0.01
5 -0.2291 0.4007 0 0.0000 11.989 -0.21 -11.72 1.55 1.57 0.01
6 -0.3734 0.3382 0 0.0000 11.945 -0.25 -11.68 1.55 1.56 0.01
7 -0.6851 0.1569 0 0.0000 11.888 -0.30 -11.62 1.55 1.56 0.01
8 -0.8002 0.1131 0 0.0000 11.821 -0.36 -11.55 1.55 1.55 0.00
9 -0.9058 0.1103 0 0.0000 11.747 -0.42 -11.48 1.55 1.55 0.00
10 -1.1393 0.0814 0 0.0000 11.666 -0.48 -11.39 1.55 1.54 0.01
11 -1.4135 -0.0032 0 0.0000 11.579 -0.54 -11.30 1.55 1.54 0.01
12 -1.7869 -0.1954 0 0.0000 11.490 -0.61 -11.21 1.54 1.53 0.01
13 -1.8685 -0.2016 0 0.0000 11.399 -0.67 -11.12 1.53 1.52 0.01
14 -1.9416 -0.1636 0 0.0000 11.308 -0.74 -11.02 1.53 1.52 0.02
15 -2.1550 -0.2259 0 0.0000 11.215 -0.80 -10.92 1.53 1.51 0.02
16 -2.4058 -0.3502 0 0.0000 11.122 -0.86 -10.83 1.53 1.51 0.02
17 -2.5767 -0.3666 0 0.0000 11.029 -0.92 -10.73 1.53 1.50 0.03
18 -2.8190 -0.4372 0 0.0000 10.934 -0.98 -10.63 1.53 1.49 0.03
19 -3.0641 -0.4712 0 0.0000 10.840 -1.04 -10.53 1.53 1.49 0.04
20 -3.1499 -0.4855 0 0.0000 10.746 -1.11 -10.43 1.53 1.48 0.05
21 -3.5020 -0.6421 0 0.0000 10.653 -1.18 -10.33 1.53 1.47 0.06
22 -3.8913 -0.9191 0 0.0000 10.561 -1.24 -10.23 1.55 1.47 0.08
23 -3.8970 -0.8531 0 0.0000 10.546 -1.21 -10.22 1.59 1.47 0.12
24 -3.6446 -0.8842 0 0.0000 10.542 -1.17 -10.22 1.58 1.47 0.10
25 -3.5123 -0.8792 0 0.0000 10.527 -1.14 -10.20 1.57 1.48 0.09
26 -3.5205 -0.8763 0 0.0000 10.499 -1.14 -10.17 1.57 1.48 0.09
27 -3.4634 -0.8326 0 0.0000 10.456 -1.14 -10.13 1.57 1.48 0.09
28 -3.5645 -0.8507 0 0.0000 10.402 -1.16 -10.07 1.58 1.47 0.10
29 -3.6488 -0.8710 0 0.0000 10.339 -1.20 -10.01 1.58 1.47 0.11
30 -3.6955 -0.9060 0 0.0000 10.278 -1.23 -9.94 1.57 1.46 0.11
31 -3.7489 -0.9504 0 0.0000 10.238 -1.24 -9.90 1.57 1.46 0.11
32 -3.6332 -0.9143 0 0.0000 10.207 -1.24 -9.87 1.57 1.46 0.11
33 -3.4600 -0.8124 0 0.0000 10.177 -1.23 -9.84 1.57 1.46 0.11
34 -3.4645 -0.8626 0 0.0000 10.143 -1.23 -9.81 1.57 1.46 0.11
35 -3.6307 -0.9413 0 0.0000 10.102 -1.23 -9.77 1.57 1.46 0.11
36 -3.6736 -0.9415 0 0.0000 10.063 -1.23 -9.73 1.57 1.46 0.11
37 -3.6122 -0.9183 0 0.0000 10.027 -1.23 -9.69 1.57 1.46 0.11
38 -3.6011 -0.9266 0 0.0000 9.992 -1.23 -9.65 1.57 1.46 0.11
39 -3.6287 -0.9486 0 0.0000 9.961 -1.23 -9.62 1.57 1.46 0.11
40 -3.5630 -0.9042 0 0.0000 9.935 -1.23 -9.59 1.57 1.46 0.11
41 -3.5856 -0.9225 0 0.0000 9.915 -1.22 -9.57 1.57 1.46 0.11
42 -3.5854 -0.9252 0 0.0000 9.902 -1.22 -9.56 1.57 1.46 0.11
43 -3.5034 -0.9010 0 0.0000 9.893 -1.22 -9.55 1.57 1.46 0.11
44 -3.4648 -0.8826 0 0.0000 9.885 -1.23 -9.54 1.57 1.46 0.11
45 -3.4429 -0.8873 0 0.0000 9.879 -1.23 -9.54 1.57 1.46 0.11
46 -3.4130 -0.8639 0 0.0000 9.876 -1.23 -9.53 1.57 1.46 0.11
47 -3.4287 -0.8707 0 0.0000 9.875 -1.23 -9.53 1.57 1.46 0.11
48 -3.3647 -0.8358 0 0.0000 9.874 -1.23 -9.53 1.57 1.46 0.11
49 -3.2508 -0.7904 0 0.0000 9.870 -1.23 -9.53 1.57 1.46 0.11
50 -3.2524 -0.7909 0 0.0000 9.867 -1.23 -9.52 1.57 1.46 0.11
51 -3.2254 -0.7743 0 0.0000 9.863 -1.23 -9.52 1.57 1.46 0.11
52 -3.2636 -0.7902 0 0.0000 9.859 -1.23 -9.52 1.57 1.46 0.11
53 -3.2866 -0.8038 0 0.0000 9.856 -1.22 -9.51 1.57 1.46 0.11
54 -3.2787 -0.7944 0 0.0000 9.854 -1.22 -9.51 1.57 1.46 0.11
55 -3.2509 -0.7852 0 0.0000 9.852 -1.22 -9.51 1.57 1.46 0.11
56 -3.2454 -0.7828 0 0.0000 9.851 -1.22 -9.51 1.57 1.46 0.11
57 -3.2668 -0.7967 0 0.0000 9.851 -1.22 -9.51 1.57 1.46 0.11
58 -3.2949 -0.8147 0 0.0000 9.850 -1.22 -9.51 1.57 1.46 0.11
59 -3.3014 -0.8187 0 0.0000 9.850 -1.22 -9.51 1.57 1.46 0.11
60 -3.2811 -0.8054 0 0.0000 9.849 -1.22 -9.50 1.57 1.46 0.11
61 -3.3124 -0.8519 0 0.0000 9.846 -1.23 -9.50 1.57 1.46 0.11
62 -3.2944 -0.8464 0 0.0000 9.843 -1.23 -9.50 1.57 1.46 0.11
63 -3.2155 -0.8119 0 0.0000 9.840 -1.23 -9.50 1.57 1.46 0.11
64 -3.2083 -0.8220 0 0.0000 9.836 -1.23 -9.49 1.57 1.46 0.11
65 -3.2756 -0.8509 0 0.0000 9.832 -1.23 -9.49 1.57 1.46 0.11
66 -3.2213 -0.8213 0 0.0000 9.826 -1.23 -9.48 1.57 1.46 0.11
67 -3.2277 -0.8057 0 0.0000 9.820 -1.22 -9.48 1.57 1.46 0.11
68 -3.1846 -0.7738 0 0.0000 9.813 -1.22 -9.47 1.57 1.46 0.11
69 -3.1861 -0.7668 0 0.0000 9.804 -1.22 -9.46 1.57 1.46 0.11
70 -3.1834 -0.7514 0 0.0000 9.795 -1.22 -9.45 1.57 1.46 0.11
71 -3.1603 -0.7436 0 0.0000 9.787 -1.22 -9.44 1.57 1.46 0.11
72 -3.1172 -0.7218 0 0.0000 9.779 -1.23 -9.43 1.57 1.46 0.11
73 -3.1136 -0.7144 0 0.0000 9.773 -1.23 -9.43 1.57 1.46 0.11
74 -3.1201 -0.7264 0 0.0000 9.769 -1.23 -9.42 1.57 1.46 0.11
75 -3.1053 -0.7074 0 0.0000 9.766 -1.23 -9.42 1.57 1.46 0.11
76 -3.1759 -0.7555 0 0.0000 9.764 -1.22 -9.42 1.57 1.46 0.11
77 -3.2027 -0.7752 0 0.0000 9.763 -1.22 -9.42 1.57 1.46 0.11
78 -3.2124 -0.7848 0 0.0000 9.763 -1.22 -9.42 1.57 1.46 0.11
79 -3.2136 -0.7799 0 0.0000 9.762 -1.22 -9.42 1.57 1.46 0.11
80 -3.1698 -0.7532 0 0.0000 9.762 -1.23 -9.41 1.57 1.46 0.11
81 -3.1239 -0.7068 0 0.0000 9.762 -1.23 -9.41 1.57 1.46 0.11
82 -3.0142 -0.6701 0 0.0000 9.759 -1.23 -9.41 1.57 1.46 0.11
83 -3.0094 -0.6909 0 0.0000 9.755 -1.23 -9.41 1.57 1.46 0.11
84 -2.9863 -0.6839 0 0.0000 9.749 -1.23 -9.40 1.57 1.46 0.11
85 -3.0387 -0.7354 0 0.0000 9.739 -1.23 -9.39 1.57 1.46 0.11
86 -2.9573 -0.6818 0 0.0000 9.725 -1.23 -9.38 1.57 1.46 0.11
87 -2.9812 -0.6698 0 0.0000 9.708 -1.23 -9.36 1.57 1.46 0.11
88 -2.9378 -0.6467 0 0.0000 9.688 -1.23 -9.34 1.57 1.46 0.11
89 -3.0521 -0.6985 0 0.0000 9.668 -1.23 -9.32 1.57 1.46 0.11
90 -3.1871 -0.7636 0 0.0000 9.651 -1.22 -9.30 1.57 1.46 0.11
91 -3.0918 -0.7101 0 0.0000 9.633 -1.22 -9.28 1.57 1.46 0.11
92 -3.0995 -0.7183 0 0.0000 9.616 -1.22 -9.26 1.57 1.46 0.11
93 -3.1001 -0.7196 0 0.0000 9.601 -1.23 -9.25 1.57 1.46 0.11
94 -3.0788 -0.7122 0 0.0000 9.589 -1.23 -9.24 1.57 1.46 0.11
95 -3.0731 -0.7072 0 0.0000 9.582 -1.22 -9.23 1.57 1.46 0.11
96 -2.9481 -0.6466 0 0.0000 9.573 -1.23 -9.22 1.57 1.46 0.11
97 -2.9201 -0.6348 0 0.0000 9.565 -1.23 -9.21 1.57 1.46 0.11
98 -2.8984 -0.6085 0 0.0000 9.557 -1.23 -9.20 1.57 1.46 0.11
99 -2.8861 -0.6091 0 0.0000 9.551 -1.23 -9.20 1.57 1.46 0.11
100 -2.8972 -0.6286 0 0.0000 9.548 -1.23 -9.19 1.57 1.46 0.11
101 -2.8878 -0.6336 0 0.0000 9.545 -1.23 -9.19 1.57 1.46 0.11
102 -2.8695 -0.6136 0 0.0000 9.542 -1.23 -9.19 1.57 1.46 0.11
103 -2.8321 -0.5873 0 0.0000 9.540 -1.23 -9.19 1.57 1.46 0.11
104 -2.8233 -0.5840 0 0.0000 9.539 -1.23 -9.18 1.57 1.46 0.11
105 -2.7909 -0.5801 0 0.0000 9.537 -1.23 -9.18 1.57 1.46 0.11
106 -2.7745 -0.5738 0 0.0000 9.535 -1.23 -9.18 1.57 1.46 0.11
107 -2.7473 -0.5545 0 0.0000 9.533 -1.23 -9.18 1.57 1.46 0.11
108 -2.7737 -0.5724 0 0.0000 9.532 -1.23 -9.18 1.57 1.46 0.11
109 -2.7602 -0.5512 0 0.0000 9.531 -1.23 -9.18 1.57 1.46 0.11
110 -2.6890 -0.5069 0 0.0000 9.528 -1.23 -9.17 1.57 1.46 0.11
111 -2.7160 -0.5193 0 0.0000 9.526 -1.22 -9.17 1.57 1.46 0.12
112 -2.5647 -0.4450 0 0.0000 9.519 -1.23 -9.16 1.57 1.46 0.11
113 -2.5532 -0.4609 0 0.0000 9.507 -1.23 -9.15 1.57 1.46 0.11
114 -2.5566 -0.4689 0 0.0000 9.493 -1.23 -9.14 1.57 1.46 0.12
115 -2.5562 -0.4697 0 0.0000 9.477 -1.23 -9.12 1.57 1.46 0.12
116 -2.5264 -0.4701 0 0.0000 9.457 -1.23 -9.10 1.57 1.46 0.12
117 -2.5074 -0.4637 0 0.0000 9.434 -1.23 -9.08 1.57 1.46 0.12
118 -2.6076 -0.4899 0 0.0000 9.406 -1.23 -9.05 1.57 1.45 0.12
119 -2.5933 -0.4702 0 0.0000 9.376 -1.23 -9.02 1.57 1.45 0.12
120 -2.5887 -0.4633 0 0.0000 9.350 -1.23 -8.99 1.57 1.45 0.12
121 -2.5752 -0.4733 0 0.0000 9.326 -1.23 -8.97 1.57 1.45 0.12
122 -2.5517 -0.4364 0 0.0000 9.305 -1.23 -8.94 1.57 1.45 0.12
123 -2.5014 -0.3771 0 0.0000 9.290 -1.23 -8.93 1.57 1.45 0.12
124 -2.4632 -0.3767 0 0.0000 9.284 -1.23 -8.92 1.57 1.45 0.12
125 -2.5356 -0.4440 0 0.0000 9.282 -1.23 -8.92 1.57 1.45 0.12
126 -2.5009 -0.4227 0 0.0000 9.282 -1.23 -8.92 1.57 1.45 0.12
127 -2.3044 -0.2471 0 0.0000 9.282 -1.23 -8.92 1.57 1.45 0.12
128 -2.3273 -0.2558 0 0.0000 9.282 -1.23 -8.92 1.57 1.45 0.12
129 -2.4159 -0.3655 0 0.0000 9.282 -1.23 -8.92 1.57 1.45 0.12
130 -2.4367 -0.3822 0 0.0000 9.281 -1.23 -8.92 1.57 1.45 0.12
131 -2.4345 -0.3986 0 0.0000 9.279 -1.23 -8.92 1.57 1.45 0.12
132 -2.4729 -0.4477 0 0.0000 9.278 -1.23 -8.92 1.57 1.45 0.12
133 -2.4837 -0.4696 0 0.0000 9.277 -1.23 -8.91 1.57 1.45 0.12
134 -2.4619 -0.4632 0 0.0000 9.274 -1.23 -8.91 1.57 1.45 0.12
135 -2.4749 -0.4471 0 0.0000 9.269 -1.23 -8.91 1.57 1.45 0.12
136 -2.3687 -0.4125 0 0.0000 9.262 -1.23 -8.90 1.57 1.45 0.12
137 -2.1644 -0.2899 0 0.0000 9.251 -1.24 -8.89 1.57 1.45 0.12
138 -2.2180 -0.3584 0 0.0000 9.238 -1.23 -8.87 1.57 1.45 0.12
139 -2.1564 -0.3331 0 0.0000 9.223 -1.23 -8.86 1.57 1.45 0.12
140 -2.3078 -0.4374 0 0.0000 9.203 -1.23 -8.84 1.57 1.45 0.12
141 -2.3020 -0.4078 0 0.0000 9.180 -1.22 -8.82 1.57 1.45 0.12
142 -2.2728 -0.3449 0 0.0000 9.155 -1.22 -8.79 1.57 1.45 0.12
143 -2.2312 -0.3041 0 0.0000 9.132 -1.23 -8.77 1.57 1.45 0.12
144 -2.1389 -0.2416 0 0.0000 9.112 -1.23 -8.75 1.57 1.45 0.12
145 -2.0489 -0.1987 0 0.0000 9.095 -1.23 -8.73 1.57 1.45 0.12
146 -2.0299 -0.2101 0 0.0000 9.084 -1.24 -8.72 1.57 1.45 0.12
147 -2.0069 -0.2175 0 0.0000 9.076 -1.24 -8.71 1.57 1.45 0.12
148 -1.9212 -0.1819 0 0.0000 9.069 -1.24 -8.70 1.57 1.45 0.12
149 -1.8895 -0.1717 0 0.0000 9.063 -1.24 -8.70 1.57 1.45 0.12
150 -1.8646 -0.1443 0 0.0000 9.060 -1.24 -8.69 1.57 1.45 0.12
151 -1.8783 -0.1551 0 0.0000 9.056 -1.24 -8.69 1.57 1.45 0.12
152 -1.8416 -0.1371 0 0.0000 9.052 -1.24 -8.68 1.57 1.45 0.12
153 -1.7879 -0.1000 0 0.0000 9.049 -1.24 -8.68 1.57 1.45 0.12
154 -1.8238 -0.1346 0 0.0000 9.046 -1.24 -8.68 1.57 1.45 0.12
155 -1.8059 -0.1386 0 0.0000 9.044 -1.24 -8.68 1.57 1.45 0.12
156 -1.8129 -0.2134 0 0.0000 9.042 -1.23 -8.67 1.57 1.45 0.12
157 -1.7570 -0.2177 0 0.0000 9.039 -1.23 -8.67 1.57 1.45 0.12
158 -1.7423 -0.1582 0 0.0000 9.034 -1.24 -8.67 1.57 1.45 0.12
159 -1.7216 -0.1636 0 0.0000 9.029 -1.24 -8.66 1.57 1.45 0.12
160 -1.7160 -0.1668 0 0.0000 9.024 -1.24 -8.65 1.57 1.45 0.12
161 -1.6786 -0.1900 0 0.0000 9.019 -1.24 -8.65 1.57 1.45 0.12
162 -1.5830 -0.1484 0 0.0000 9.013 -1.24 -8.64 1.57 1.45 0.12
163 -1.4930 -0.0398 0 0.0000 9.005 -1.24 -8.64 1.57 1.45 0.12
164 -1.4632 -0.0033 0 0.0000 8.996 -1.24 -8.63 1.57 1.45 0.12
165 -1.4444 -0.0053 0 0.0000 8.989 -1.24 -8.62 1.57 1.45 0.12
166 -1.4277 -0.0148 0 0.0000 8.984 -1.24 -8.62 1.57 1.45 0.12
167 -1.4051 -0.0213 0 0.0000 8.980 -1.24 -8.61 1.57 1.45 0.12
168 -1.4002 -0.0361 0 0.0000 8.976 -1.24 -8.61 1.57 1.45 0.12
169 -1.3704 -0.0252 0 0.0000 8.971 -1.24 -8.60 1.57 1.45 0.12
170 -1.3007 -0.0674 0 0.0000 8.966 -1.24 -8.60 1.57 1.45 0.12
171 -1.2979 0.0264 0 0.0000 8.959 -1.24 -8.59 1.57 1.45 0.12
172 -1.2189 0.1436 0 0.0000 8.951 -1.24 -8.58 1.57 1.45 0.12
173 -1.2227 0.1396 0 0.0000 8.945 -1.24 -8.58 1.57 1.45 0.12
174 -1.1599 0.1434 0 0.0000 8.943 -1.24 -8.58 1.57 1.45 0.12
175 -1.1110 0.1370 0 0.0000 8.943 -1.24 -8.58 1.57 1.45 0.12
176 -1.0926 0.1773 0 0.0000 8.943 -1.24 -8.58 1.57 1.45 0.12
177 -1.1627 0.1640 0 0.0000 8.943 -1.24 -8.57 1.57 1.45 0.12
178 -1.1185 0.2010 0 0.0000 8.943 -1.24 -8.58 1.57 1.45 0.12
179 -1.1150 0.1840 0 0.0000 8.944 -1.24 -8.58 1.57 1.45 0.12
180 -1.1935 0.1692 0 0.0000 8.946 -1.24 -8.58 1.57 1.45 0.12
181 -1.1784 0.2031 0 0.0000 8.946 -1.24 -8.58 1.57 1.45 0.12
182 -1.1439 0.2076 0 0.0000 8.947 -1.24 -8.58 1.57 1.45 0.12
183 -1.1327 0.2125 0 0.0000 8.948 -1.24 -8.58 1.57 1.45 0.12
184 -1.1845 0.1904 0 0.0000 8.949 -1.24 -8.58 1.57 1.45 0.12
185 -1.1417 0.2034 0 0.0000 8.949 -1.24 -8.58 1.57 1.45 0.12
186 -1.1254 0.2202 0 0.0000 8.950 -1.24 -8.58 1.57 1.45 0.12
187 -1.1021 0.2130 0 0.0000 8.950 -1.24 -8.58 1.57 1.45 0.12
188 -1.1292 0.2105 0 0.0000 8.950 -1.24 -8.58 1.57 1.45 0.12
189 -1.0872 0.2317 0 0.0000 8.950 -1.24 -8.58 1.57 1.45 0.12
190 -1.0968 0.2097 0 0.0000 8.950 -1.24 -8.58 1.57 1.45 0.12
191 -1.0643 0.2206 0 0.0000 8.950 -1.24 -8.58 1.57 1.45 0.12
192 -0.8961 0.2854 0 0.0000 8.950 -1.24 -8.58 1.57 1.45 0.12
193 -0.9514 0.2626 0 0.0000 8.950 -1.24 -8.58 1.57 1.45 0.12
194 -1.1030 0.2114 0 0.0000 8.950 -1.24 -8.58 1.57 1.45 0.12
195 -1.0809 0.2138 0 0.0000 8.950 -1.24 -8.58 1.57 1.45 0.12
196 -1.0717 0.2172 0 0.0000 8.951 -1.24 -8.58 1.57 1.45 0.12
197 -1.0717 0.2366 0 0.0000 8.951 -1.24 -8.58 1.57 1.45 0.12
198 -1.0775 0.2221 0 0.0000 8.951 -1.24 -8.58 1.57 1.45 0.12
199 -1.0681 0.2154 0 0.0000 8.951 -1.24 -8.58 1.57 1.45 0.12
200 -0.9412 0.2777 0 0.0000 8.951 -1.24 -8.58 1.57 1.45 0.12
201 -0.9326 0.3513 0 0.0000 8.951 -1.24 -8.58 1.57 1.45 0.12
202 -0.9273 0.3135 0 0.0000 8.951 -1.24 -8.58 1.57 1.45 0.12
203 -0.9268 0.2854 0 0.0000 8.951 -1.24 -8.58 1.57 1.45 0.12
204 -0.9146 0.2866 0 0.0000 8.951 -1.24 -8.58 1.57 1.45 0.12
205 -0.9200 0.2721 0 0.0000 8.951 -1.24 -8.58 1.57 1.45 0.12
206 -0.8921 0.2929 0 0.0000 8.950 -1.24 -8.58 1.57 1.45 0.12
207 -0.8437 0.3103 0 0.0000 8.949 -1.24 -8.58 1.57 1.45 0.12
208 -0.8640 0.2763 0 0.0000 8.949 -1.24 -8.58 1.57 1.45 0.12
209 -0.9733 0.2573 0 0.0000 8.949 -1.24 -8.58 1.57 1.45 0.12
210 -1.0340 0.2486 0 0.0000 8.950 -1.24 -8.58 1.57 1.45 0.12
211 -1.0591 0.2559 0 0.0000 8.950 -1.24 -8.58 1.57 1.45 0.12
212 -1.0989 0.2504 0 0.0000 8.950 -1.24 -8.58 1.57 1.45 0.12
213 -1.0701 0.2662 0 0.0000 8.951 -1.24 -8.58 1.57 1.45 0.12
214 -1.0890 0.2792 0 0.0000 8.951 -1.24 -8.58 1.57 1.45 0.12
215 -1.0623 0.2996 0 0.0000 8.951 -1.24 -8.58 1.57 1.45 0.12
216 -1.0492 0.2999 0 0.0000 8.952 -1.24 -8.58 1.57 1.45 0.12
217 -1.0917 0.2874 0 0.0000 8.952 -1.24 -8.58 1.57 1.45 0.12
218 -1.1029 0.2751 0 0.0000 8.952 -1.24 -8.58 1.57 1.45 0.12
219 -0.9192 0.3413 0 0.0000 8.953 -1.24 -8.59 1.57 1.45 0.12
220 -0.9691 0.3301 0 0.0000 8.953 -1.24 -8.59 1.57 1.45 0.12
221 -0.9448 0.3391 0 0.0000 8.953 -1.24 -8.59 1.57 1.45 0.12
222 -0.8998 0.3710 0 0.0000 8.953 -1.24 -8.59 1.57 1.45 0.12
223 -0.8898 0.3662 0 0.0000 8.953 -1.24 -8.59 1.57 1.45 0.12
224 -0.8735 0.3718 0 0.0000 8.953 -1.24 -8.59 1.57 1.45 0.12
225 -0.9251 0.3629 0 0.0000 8.953 -1.24 -8.59 1.57 1.45 0.12
226 -0.8825 0.3685 0 0.0000 8.953 -1.24 -8.59 1.57 1.45 0.12
227 -0.8774 0.3555 0 0.0000 8.953 -1.24 -8.59 1.57 1.45 0.12
228 -0.9639 0.3428 0 0.0000 8.952 -1.24 -8.58 1.57 1.45 0.12
229 -0.9651 0.3293 0 0.0000 8.952 -1.24 -8.58 1.57 1.45 0.12
230 -0.9521 0.3340 0 0.0000 8.952 -1.24 -8.58 1.57 1.45 0.12
231 -0.9551 0.3357 0 0.0000 8.952 -1.24 -8.58 1.57 1.45 0.12
232 -0.9451 0.3421 0 0.0000 8.952 -1.24 -8.58 1.57 1.45 0.12
233 -0.9453 0.3341 0 0.0000 8.952 -1.24 -8.58 1.57 1.45 0.12
234 -0.9967 0.3201 0 0.0000 8.952 -1.24 -8.58 1.57 1.45 0.12
235 -1.0607 0.3048 0 0.0000 8.952 -1.24 -8.58 1.57 1.45 0.12
236 -1.0535 0.3072 0 0.0000 8.953 -1.24 -8.59 1.57 1.45 0.12
237 -0.9737 0.3316 0 0.0000 8.954 -1.24 -8.59 1.57 1.45 0.12
238 -0.9628 0.3410 0 0.0000 8.954 -1.24 -8.59 1.57 1.45 0.12
239 -0.9685 0.3371 0 0.0000 8.954 -1.24 -8.59 1.57 1.45 0.12
240 -0.9728 0.3295 0 0.0000 8.954 -1.24 -8.59 1.57 1.45 0.12
241 -0.9600 0.3344 0 0.0000 8.954 -1.24 -8.59 1.57 1.45 0.12
242 -1.0511 0.3206 0 0.0000 8.954 -1.24 -8.59 1.57 1.45 0.12
243 -1.0427 0.3221 0 0.0000 8.954 -1.24 -8.59 1.57 1.45 0.12
244 -1.0206 0.3209 0 0.0000 8.954 -1.24 -8.59 1.57 1.45 0.12
245 -1.0545 0.3097 0 0.0000 8.954 -1.24 -8.59 1.57 1.45 0.12
246 -1.0811 0.2985 0 0.0000 8.954 -1.24 -8.59 1.57 1.45 0.12
247 -1.0818 0.2939 0 0.0000 8.954 -1.24 -8.59 1.57 1.45 0.12
248 -1.1252 0.2770 0 0.0000 8.953 -1.24 -8.59 1.57 1.45 0.12
249 -1.0938 0.2617 0 0.0000 8.953 -1.24 -8.59 1.57 1.45 0.12
250 -1.1184 0.2578 0 0.0000 8.953 -1.24 -8.59 1.57 1.45 0.12
251 -1.0897 0.2636 0 0.0000 8.953 -1.24 -8.59 1.57 1.45 0.12
252 -1.0899 0.2429 0 0.0000 8.953 -1.24 -8.59 1.57 1.45 0.12
253 -1.0655 0.2703 0 0.0000 8.953 -1.24 -8.59 1.57 1.45 0.12
254 -1.0859 0.2741 0 0.0000 8.953 -1.24 -8.59 1.57 1.45 0.12
255 -1.0928 0.2798 0 0.0000 8.953 -1.24 -8.59 1.57 1.45 0.12
256 -1.1097 0.2712 0 0.0000 8.953 -1.24 -8.59 1.57 1.45 0.12
257 -1.1402 0.2496 0 0.0000 8.953 -1.24 -8.59 1.57 1.45 0.12
258 -1.1290 0.2529 0 0.0000 8.953 -1.24 -8.59 1.57 1.45 0.12
259 -1.1248 0.2426 0 0.0000 8.953 -1.24 -8.59 1.57 1.45 0.12
260 -1.1306 0.2272 0 0.0000 8.953 -1.24 -8.59 1.57 1.45 0.12
261 -1.1504 0.2379 0 0.0000 8.953 -1.24 -8.59 1.57 1.45 0.12
262 -1.1871 0.2151 0 0.0000 8.953 -1.24 -8.59 1.57 1.45 0.12
263 -1.2252 0.2238 0 0.0000 8.953 -1.24 -8.59 1.57 1.45 0.12
264 -1.2446 0.2045 0 0.0000 8.951 -1.24 -8.58 1.57 1.45 0.12
265 -1.2244 0.1728 0 0.0000 8.950 -1.23 -8.58 1.57 1.45 0.12
266 -1.2613 0.1806 0 0.0000 8.950 -1.24 -8.58 1.57 1.45 0.12
267 -1.2041 0.1795 0 0.0000 8.950 -1.24 -8.58 1.57 1.45 0.12
268 -1.2121 0.1878 0 0.0000 8.949 -1.24 -8.58 1.57 1.45 0.12
269 -1.2153 0.1666 0 0.0000 8.947 -1.24 -8.58 1.57 1.45 0.12
270 -1.1452 0.1856 0 0.0000 8.947 -1.24 -8.58 1.57 1.45 0.12
271 -1.1385 0.1973 0 0.0000 8.947 -1.24 -8.58 1.57 1.45 0.12
272 -1.1661 0.1936 0 0.0000 8.947 -1.24 -8.58 1.57 1.45 0.12
273 -1.1716 0.1921 0 0.0000 8.947 -1.24 -8.58 1.57 1.45 0.12
274 -1.1178 0.2097 0 0.0000 8.947 -1.24 -8.58 1.57 1.45 0.12
275 -1.0867 0.2306 0 0.0000 8.947 -1.24 -8.58 1.57 1.45 0.12
276 -1.1035 0.2310 0 0.0000 8.947 -1.24 -8.58 1.57 1.45 0.12
277 -1.1218 0.2159 0 0.0000 8.947 -1.24 -8.58 1.57 1.45 0.12
278 -1.0949 0.2277 0 0.0000 8.947 -1.24 -8.58 1.57 1.45 0.12
279 -1.1143 0.1981 0 0.0000 8.947 -1.24 -8.58 1.57 1.45 0.12
280 -1.0756 0.2048 0 0.0000 8.946 -1.24 -8.58 1.57 1.45 0.12
281 -0.9498 0.2427 0 0.0000 8.943 -1.24 -8.58 1.57 1.45 0.12
282 -0.8817 0.2684 0 0.0000 8.941 -1.24 -8.57 1.57 1.45 0.12
283 -0.9905 0.2806 0 0.0000 8.940 -1.24 -8.57 1.57 1.45 0.12
284 -0.9806 0.2898 0 0.0000 8.939 -1.24 -8.57 1.57 1.45 0.12
285 -0.9628 0.2826 0 0.0000 8.939 -1.24 -8.57 1.57 1.45 0.12
286 -0.9977 0.2937 0 0.0000 8.939 -1.24 -8.57 1.57 1.45 0.12
287 -1.0268 0.2642 0 0.0000 8.939 -1.24 -8.57 1.57 1.45 0.12
288 -1.0252 0.2509 0 0.0000 8.940 -1.24 -8.57 1.57 1.45 0.12
289 -1.0205 0.2545 0 0.0000 8.940 -1.24 -8.57 1.57 1.45 0.12
290 -1.0344 0.2688 0 0.0000 8.940 -1.24 -8.57 1.57 1.45 0.12
291 -1.0260 0.2632 0 0.0000 8.940 -1.24 -8.57 1.57 1.45 0.12
292 -1.0341 0.2676 0 0.0000 8.940 -1.24 -8.57 1.57 1.45 0.12
293 -1.0411 0.2874 0 0.0000 8.940 -1.24 -8.57 1.57 1.45 0.12
294 -1.0771 0.2901 0 0.0000 8.940 -1.24 -8.57 1.57 1.45 0.12
295 -0.9404 0.3115 0 0.0000 8.940 -1.24 -8.57 1.57 1.45 0.12
296 -0.9545 0.3186 0 0.0000 8.940 -1.24 -8.57 1.57 1.45 0.12
297 -0.8913 0.3229 0 0.0000 8.941 -1.24 -8.57 1.57 1.45 0.12
298 -0.9136 0.3124 0 0.0000 8.941 -1.24 -8.57 1.57 1.45 0.12
299 -0.9804 0.2905 0 0.0000 8.940 -1.24 -8.57 1.57 1.45 0.12
300 -0.9547 0.2822 0 0.0000 8.940 -1.24 -8.57 1.57 1.45 0.12
301 -0.9686 0.2736 0 0.0000 8.941 -1.24 -8.57 1.57 1.45 0.12
302 -1.0217 0.2665 0 0.0000 8.940 -1.24 -8.57 1.57 1.45 0.12
303 -1.0015 0.2832 0 0.0000 8.940 -1.24 -8.57 1.57 1.45 0.12
304 -1.0173 0.2773 0 0.0000 8.940 -1.24 -8.57 1.57 1.45 0.12
305 -1.0158 0.2806 0 0.0000 8.940 -1.24 -8.57 1.57 1.45 0.12
306 -0.9800 0.2707 0 0.0000 8.940 -1.24 -8.57 1.57 1.45 0.12
307 -0.9655 0.2671 0 0.0000 8.940 -1.24 -8.57 1.57 1.45 0.12
308 -0.9445 0.2803 0 0.0000 8.940 -1.24 -8.57 1.57 1.45 0.12
309 -1.0176 0.2614 0 0.0000 8.940 -1.24 -8.57 1.57 1.45 0.12
310 -1.0091 0.2707 0 0.0000 8.940 -1.24 -8.57 1.57 1.45 0.12
311 -1.0193 0.2531 0 0.0000 8.940 -1.24 -8.57 1.57 1.45 0.12
312 -1.1048 0.2169 0 0.0000 8.941 -1.24 -8.57 1.57 1.45 0.12
313 -1.1435 0.2035 0 0.0000 8.941 -1.24 -8.58 1.57 1.45 0.12
314 -1.2690 0.2268 0 0.0000 8.944 -1.24 -8.58 1.57 1.45 0.12
315 -1.2500 0.2097 0 0.0000 8.948 -1.24 -8.58 1.57 1.45 0.12
316 -1.2305 0.2220 0 0.0000 8.951 -1.24 -8.58 1.57 1.45 0.12
317 -1.3240 0.1779 0 0.0000 8.953 -1.24 -8.59 1.57 1.45 0.12
318 -1.3053 0.2254 0 0.0000 8.956 -1.24 -8.59 1.57 1.45 0.12
319 -1.1339 0.3435 0 0.0000 8.958 -1.24 -8.59 1.57 1.45 0.12
320 -1.2207 0.1749 0 0.0000 8.959 -1.24 -8.59 1.57 1.45 0.12
321 -1.2029 0.2106 0 0.0000 8.959 -1.24 -8.59 1.57 1.45 0.12
322 -1.2037 0.1990 0 0.0000 8.958 -1.24 -8.59 1.57 1.45 0.12
323 -1.1791 0.1965 0 0.0000 8.958 -1.24 -8.59 1.57 1.45 0.12
324 -1.2030 0.1740 0 0.0000 8.958 -1.24 -8.59 1.57 1.45 0.12
325 -1.2102 0.1696 0 0.0000 8.957 -1.24 -8.59 1.57 1.45 0.12
326 -1.2053 0.1524 0 0.0000 8.957 -1.24 -8.59 1.57 1.45 0.12
327 -1.2043 0.1381 0 0.0000 8.957 -1.24 -8.59 1.57 1.45 0.12
328 -1.2011 0.1339 0 0.0000 8.957 -1.24 -8.59 1.57 1.45 0.12
329 -1.1842 0.1630 0 0.0000 8.956 -1.24 -8.59 1.57 1.45 0.12
330 -1.1428 0.1635 0 0.0000 8.955 -1.24 -8.59 1.57 1.45 0.12
331 -1.1485 0.1704 0 0.0000 8.954 -1.24 -8.59 1.57 1.45 0.12
332 -1.1173 0.1844 0 0.0000 8.953 -1.24 -8.59 1.57 1.45 0.12
333 -1.0928 0.1883 0 0.0000 8.952 -1.24 -8.59 1.57 1.45 0.12
334 -1.0753 0.1934 0 0.0000 8.951 -1.24 -8.58 1.57 1.45 0.12
335 -1.0015 0.2037 0 0.0000 8.950 -1.24 -8.58 1.57 1.45 0.12
336 -1.0840 0.1758 0 0.0000 8.950 -1.24 -8.58 1.57 1.45 0.12
337 -1.2964 0.1437 0 0.0000 8.951 -1.24 -8.58 1.57 1.45 0.12
338 -1.2755 0.1672 0 0.0000 8.952 -1.24 -8.59 1.57 1.45 0.12
339 -1.2936 0.1603 0 0.0000 8.954 -1.24 -8.59 1.57 1.45 0.12
340 -1.2255 0.1933 0 0.0000 8.957 -1.24 -8.59 1.57 1.45 0.12
341 -1.1207 0.2631 0 0.0000 8.960 -1.24 -8.59 1.57 1.45 0.12
342 -1.1960 0.2372 0 0.0000 8.961 -1.24 -8.59 1.57 1.45 0.12
343 -1.2355 0.2141 0 0.0000 8.961 -1.24 -8.59 1.57 1.45 0.12
344 -1.2559 0.1999 0 0.0000 8.961 -1.24 -8.59 1.57 1.45 0.12
345 -1.2384 0.1968 0 0.0000 8.961 -1.24 -8.59 1.57 1.45 0.12
346 -1.2339 0.1919 0 0.0000 8.961 -1.24 -8.59 1.57 1.45 0.12
347 -1.2349 0.2015 0 0.0000 8.961 -1.24 -8.59 1.57 1.45 0.12
348 -1.2357 0.1911 0 0.0000 8.961 -1.24 -8.59 1.57 1.45 0.12
349 -1.1987 0.1988 0 0.0000 8.961 -1.24 -8.59 1.57 1.45 0.12
350 -1.1526 0.2290 0 0.0000 8.961 -1.24 -8.59 1.57 1.45 0.12
351 -1.1654 0.2265 0 0.0000 8.961 -1.24 -8.59 1.57 1.45 0.12
352 -1.1556 0.2252 0 0.0000 8.961 -1.24 -8.59 1.57 1.45 0.12
353 -1.1459 0.2171 0 0.0000 8.960 -1.24 -8.59 1.57 1.45 0.12
354 -1.1388 0.2224 0 0.0000 8.960 -1.24 -8.59 1.57 1.45 0.12
355 -1.1551 0.2177 0 0.0000 8.960 -1.24 -8.59 1.57 1.45 0.12
356 -1.1442 0.2097 0 0.0000 8.960 -1.24 -8.59 1.57 1.45 0.12
357 -1.1697 0.2056 0 0.0000 8.960 -1.24 -8.59 1.57 1.45 0.12
358 -1.1641 0.1985 0 0.0000 8.960 -1.24 -8.59 1.57 1.45 0.12
359 -1.1283 0.2193 0 0.0000 8.960 -1.24 -8.59 1.57 1.45 0.12
360 -1.1763 0.2086 0 0.0000 8.960 -1.24 -8.59 1.57 1.45 0.12
361 -1.2044 0.1839 0 0.0000 8.959 -1.24 -8.59 1.57 1.45 0.12
362 -1.2262 0.1624 0 0.0000 8.959 -1.24 -8.59 1.57 1.45 0.12
363 -1.2042 0.1654 0 0.0000 8.959 -1.24 -8.59 1.57 1.45 0.12
364 -1.2378 0.1553 0 0.0000 8.959 -1.24 -8.59 1.57 1.45 0.12
365 -1.2434 0.1597 0 0.0000 8.959 -1.24 -8.59 1.57 1.45 0.12
366 -1.2401 0.1596 0 0.0000 8.959 -1.24 -8.59 1.57 1.45 0.12
367 -1.2530 0.1294 0 0.0000 8.959 -1.24 -8.59 1.57 1.45 0.12
368 -1.2475 0.1362 0 0.0000 8.959 -1.24 -8.59 1.57 1.45 0.12
369 -1.2128 0.1539 0 0.0000 8.959 -1.24 -8.59 1.57 1.45 0.12
370 -1.2130 0.1648 0 0.0000 8.959 -1.24 -8.59 1.57 1.45 0.12
371 -1.1780 0.1641 0 0.0000 8.959 -1.24 -8.59 1.57 1.45 0.12
372 -1.1475 0.1529 0 0.0000 8.958 -1.24 -8.59 1.57 1.45 0.12
373 -1.1772 0.1512 0 0.0000 8.958 -1.24 -8.59 1.57 1.45 0.12
374 -1.1744 0.1571 0 0.0000 8.958 -1.24 -8.59 1.57 1.45 0.12
375 -1.1567 0.1716 0 0.0000 8.958 -1.24 -8.59 1.57 1.45 0.12
376 -1.1043 0.1937 0 0.0000 8.958 -1.24 -8.59 1.57 1.45 0.12
377 -1.1177 0.1958 0 0.0000 8.958 -1.24 -8.59 1.57 1.45 0.12
378 -1.1188 0.1941 0 0.0000 8.958 -1.24 -8.59 1.57 1.45 0.12
379 -1.0997 0.1786 0 0.0000 8.958 -1.24 -8.59 1.57 1.45 0.12
380 -1.0733 0.1847 0 0.0000 8.958 -1.24 -8.59 1.57 1.45 0.12
381 -1.0493 0.2238 0 0.0000 8.957 -1.24 -8.59 1.57 1.45 0.12
382 -1.0515 0.2262 0 0.0000 8.956 -1.24 -8.59 1.57 1.45 0.12
383 -1.0500 0.2365 0 0.0000 8.956 -1.24 -8.59 1.57 1.45 0.12
384 -1.1180 0.2158 0 0.0000 8.956 -1.24 -8.59 1.57 1.45 0.12
385 -1.0996 0.2184 0 0.0000 8.956 -1.24 -8.59 1.57 1.45 0.12
386 -1.1218 0.2027 0 0.0000 8.956 -1.24 -8.59 1.57 1.45 0.12
387 -1.1424 0.1929 0 0.0000 8.956 -1.24 -8.59 1.57 1.45 0.12
388 -1.1493 0.1597 0 0.0000 8.956 -1.24 -8.59 1.57 1.45 0.12
389 -1.1407 0.1584 0 0.0000 8.955 -1.24 -8.59 1.57 1.45 0.12
390 -1.1019 0.1616 0 0.0000 8.955 -1.24 -8.59 1.57 1.45 0.12
391 -1.1332 0.1675 0 0.0000 8.955 -1.24 -8.59 1.57 1.45 0.12
392 -1.1345 0.1668 0 0.0000 8.955 -1.24 -8.59 1.57 1.45 0.12
393 -1.1526 0.1496 0 0.0000 8.955 -1.24 -8.59 1.57 1.45 0.12
394 -1.1470 0.1446 0 0.0000 8.955 -1.24 -8.59 1.57 1.45 0.12
395 -1.1553 0.1306 0 0.0000 8.955 -1.24 -8.59 1.57 1.45 0.12
396 -1.1887 0.1403 0 0.0000 8.954 -1.24 -8.59 1.57 1.45 0.12
397 -1.1321 0.1656 0 0.0000 8.953 -1.24 -8.59 1.57 1.45 0.12
398 -1.1358 0.1408 0 0.0000 8.953 -1.24 -8.59 1.57 1.45 0.12
399 -1.1292 0.1571 0 0.0000 8.953 -1.24 -8.59 1.57 1.45 0.12
400 -1.1609 0.1631 0 0.0000 8.953 -1.24 -8.59 1.57 1.45 0.12
401 -1.1647 0.1615 0 0.0000 8.953 -1.24 -8.59 1.57 1.45 0.12
402 -1.1892 0.1656 0 0.0000 8.953 -1.24 -8.59 1.57 1.45 0.12
403 -1.1612 0.1750 0 0.0000 8.953 -1.24 -8.59 1.57 1.45 0.12
404 -1.1582 0.1568 0 0.0000 8.953 -1.24 -8.59 1.57 1.45 0.12
405 -1.1283 0.1723 0 0.0000 8.953 -1.24 -8.59 1.57 1.45 0.12
406 -1.1351 0.1641 0 0.0000 8.953 -1.24 -8.59 1.57 1.45 0.12
407 -1.1263 0.1565 0 0.0000 8.953 -1.24 -8.59 1.57 1.45 0.12
408 -1.1033 0.1839 0 0.0000 8.953 -1.24 -8.59 1.57 1.45 0.12
409 -1.0889 0.1890 0 0.0000 8.953 -1.24 -8.59 1.57 1.45 0.12
410 -1.1277 0.1757 0 0.0000 8.952 -1.24 -8.59 1.57 1.45 0.12
411 -1.1142 0.1655 0 0.0000 8.952 -1.24 -8.59 1.57 1.45 0.12
412 -1.1242 0.1614 0 0.0000 8.951 -1.24 -8.59 1.57 1.45 0.12
413 -1.1002 0.1662 0 0.0000 8.950 -1.24 -8.58 1.57 1.45 0.12
414 -1.0787 0.1580 0 0.0000 8.948 -1.24 -8.58 1.57 1.45 0.12
415 -1.0567 0.1487 0 0.0000 8.945 -1.24 -8.58 1.57 1.45 0.12
416 -1.0195 0.2013 0 0.0000 8.943 -1.24 -8.58 1.57 1.45 0.12
417 -0.9727 0.2295 0 0.0000 8.941 -1.24 -8.58 1.57 1.45 0.12
418 -0.9420 0.2334 0 0.0000 8.939 -1.24 -8.57 1.57 1.45 0.12
419 -1.0587 0.2475 0 0.0000 8.938 -1.24 -8.57 1.57 1.45 0.12
420 -1.0397 0.2491 0 0.0000 8.938 -1.24 -8.57 1.57 1.45 0.12
421 -1.0193 0.2695 0 0.0000 8.938 -1.24 -8.57 1.57 1.45 0.12
422 -1.0058 0.2687 0 0.0000 8.938 -1.24 -8.57 1.57 1.45 0.12
423 -1.0705 0.2204 0 0.0000 8.939 -1.24 -8.57 1.57 1.45 0.12
424 -1.0920 0.2365 0 0.0000 8.940 -1.24 -8.58 1.57 1.45 0.12
425 -1.0772 0.2466 0 0.0000 8.941 -1.24 -8.58 1.57 1.45 0.12
426 -1.1244 0.2375 0 0.0000 8.941 -1.24 -8.58 1.57 1.45 0.12
427 -1.1130 0.2344 0 0.0000 8.941 -1.24 -8.58 1.57 1.45 0.12
428 -1.1042 0.2456 0 0.0000 8.941 -1.24 -8.58 1.57 1.45 0.12
429 -1.1213 0.2368 0 0.0000 8.941 -1.24 -8.58 1.57 1.45 0.12
430 -1.1451 0.2230 0 0.0000 8.941 -1.24 -8.58 1.57 1.45 0.12
431 -1.1558 0.2193 0 0.0000 8.941 -1.24 -8.58 1.57 1.45 0.12
432 -1.1129 0.2363 0 0.0000 8.941 -1.24 -8.58 1.57 1.45 0.12
433 -1.1367 0.2431 0 0.0000 8.941 -1.24 -8.58 1.57 1.45 0.12
434 -1.1439 0.2323 0 0.0000 8.942 -1.24 -8.58 1.57 1.45 0.12
435 -1.1634 0.2101 0 0.0000 8.943 -1.24 -8.58 1.57 1.45 0.12
436 -1.1252 0.2330 0 0.0000 8.945 -1.24 -8.58 1.57 1.45 0.12
437 -1.0926 0.2455 0 0.0000 8.947 -1.24 -8.58 1.57 1.45 0.12
438 -1.0951 0.2608 0 0.0000 8.947 -1.24 -8.58 1.57 1.45 0.12
439 -1.1173 0.2553 0 0.0000 8.947 -1.24 -8.58 1.57 1.45 0.12
440 -1.0289 0.2916 0 0.0000 8.947 -1.24 -8.58 1.57 1.45 0.12
441 -1.0206 0.3029 0 0.0000 8.947 -1.24 -8.58 1.57 1.45 0.12
442 -1.0106 0.2855 0 0.0000 8.947 -1.24 -8.58 1.57 1.45 0.12
443 -0.9839 0.2970 0 0.0000 8.947 -1.24 -8.58 1.57 1.45 0.12
444 -1.0417 0.2721 0 0.0000 8.947 -1.24 -8.58 1.57 1.45 0.12
445 -1.0581 0.2846 0 0.0000 8.947 -1.24 -8.58 1.57 1.45 0.12
446 -1.0536 0.2818 0 0.0000 8.947 -1.24 -8.58 1.57 1.45 0.12
447 -1.0638 0.2878 0 0.0000 8.947 -1.24 -8.58 1.57 1.45 0.12
448 -1.0731 0.3073 0 0.0000 8.947 -1.24 -8.58 1.57 1.45 0.12
449 -1.1039 0.2914 0 0.0000 8.947 -1.24 -8.58 1.57 1.45 0.12
450 -1.0825 0.2945 0 0.0000 8.947 -1.24 -8.58 1.57 1.45 0.12
451 -1.0956 0.2901 0 0.0000 8.947 -1.24 -8.58 1.57 1.45 0.12
452 -1.0318 0.3109 0 0.0000 8.947 -1.24 -8.58 1.57 1.45 0.12
453 -1.0036 0.3070 0 0.0000 8.947 -1.24 -8.58 1.57 1.45 0.12
454 -0.9712 0.3258 0 0.0000 8.947 -1.24 -8.58 1.57 1.45 0.12
455 -0.9726 0.3060 0 0.0000 8.947 -1.24 -8.58 1.57 1.45 0.12
456 -1.0325 0.2822 0 0.0000 8.947 -1.24 -8.58 1.57 1.45 0.12
457 -1.0688 0.2650 0 0.0000 8.947 -1.24 -8.58 1.57 1.45 0.12
458 -1.1352 0.2455 0 0.0000 8.947 -1.24 -8.58 1.57 1.45 0.12
459 -1.1151 0.2427 0 0.0000 8.947 -1.24 -8.58 1.57 1.45 0.12
460 -1.1075 0.2410 0 0.0000 8.947 -1.24 -8.58 1.57 1.45 0.12
461 -1.0682 0.2548 0 0.0000 8.947 -1.24 -8.58 1.57 1.45 0.12
462 -1.0970 0.2396 0 0.0000 8.947 -1.24 -8.58 1.57 1.45 0.12
463 -1.0861 0.2347 0 0.0000 8.947 -1.24 -8.58 1.57 1.45 0.12
464 -1.1098 0.2329 0 0.0000 8.947 -1.24 -8.58 1.57 1.45 0.12
465 -1.1025 0.2262 0 0.0000 8.947 -1.24 -8.58 1.57 1.45 0.12
466 -1.0662 0.2437 0 0.0000 8.947 -1.24 -8.58 1.57 1.45 0.12
467 -1.0957 0.2210 0 0.0000 8.947 -1.24 -8.58 1.57 1.45 0.12
468 -1.2276 0.2087 0 0.0000 8.947 -1.24 -8.58 1.57 1.45 0.12
469 -1.1846 0.1988 0 0.0000 8.947 -1.24 -8.58 1.57 1.45 0.12
470 -1.1587 0.2206 0 0.0000 8.947 -1.24 -8.58 1.57 1.45 0.12
471 -1.1674 0.2240 0 0.0000 8.947 -1.24 -8.58 1.57 1.45 0.12
472 -1.1669 0.2279 0 0.0000 8.947 -1.24 -8.58 1.57 1.45 0.12
473 -1.1827 0.2078 0 0.0000 8.947 -1.24 -8.58 1.57 1.45 0.12
474 -1.1785 0.2172 0 0.0000 8.947 -1.24 -8.58 1.57 1.45 0.12
475 -1.2288 0.2066 0 0.0000 8.946 -1.24 -8.58 1.57 1.45 0.12
476 -1.3020 0.1685 0 0.0000 8.945 -1.24 -8.58 1.57 1.45 0.12
477 -1.2936 0.1594 0 0.0000 8.945 -1.24 -8.58 1.57 1.45 0.12
478 -1.2548 0.1430 0 0.0000 8.945 -1.24 -8.58 1.57 1.45 0.12
479 -1.1909 0.1632 0 0.0000 8.945 -1.24 -8.58 1.57 1.45 0.12
480 -1.1812 0.1424 0 0.0000 8.945 -1.24 -8.58 1.57 1.45 0.12
481 -1.1595 0.1401 0 0.0000 8.944 -1.24 -8.58 1.57 1.45 0.12
482 -1.1581 0.1525 0 0.0000 8.944 -1.24 -8.58 1.57 1.45 0.12
483 -1.1225 0.1535 0 0.0000 8.943 -1.24 -8.58 1.57 1.45 0.12
484 -1.1178 0.1662 0 0.0000 8.942 -1.24 -8.58 1.57 1.45 0.12
485 -1.0647 0.1937 0 0.0000 8.941 -1.24 -8.58 1.57 1.45 0.12
486 -1.0054 0.2093 0 0.0000 8.939 -1.24 -8.58 1.57 1.45 0.12
487 -0.8829 0.2567 0 0.0000 8.937 -1.24 -8.57 1.57 1.45 0.12
488 -0.9922 0.2286 0 0.0000 8.935 -1.24 -8.57 1.57 1.45 0.12
489 -1.0312 0.2284 0 0.0000 8.935 -1.24 -8.57 1.57 1.45 0.12
490 -1.0583 0.2164 0 0.0000 8.935 -1.24 -8.57 1.57 1.45 0.12
491 -1.0723 0.2068 0 0.0000 8.935 -1.24 -8.57 1.57 1.45 0.12
492 -1.1178 0.1891 0 0.0000 8.935 -1.24 -8.57 1.57 1.45 0.12
493 -1.1070 0.1989 0 0.0000 8.935 -1.24 -8.57 1.57 1.45 0.12
494 -1.1007 0.2110 0 0.0000 8.935 -1.24 -8.57 1.57 1.45 0.12
495 -1.1024 0.2220 0 0.0000 8.935 -1.24 -8.57 1.57 1.45 0.12
496 -1.0605 0.2372 0 0.0000 8.935 -1.24 -8.57 1.57 1.45 0.12
497 -1.0468 0.2575 0 0.0000 8.935 -1.24 -8.57 1.57 1.45 0.12
498 -1.0776 0.2635 0 0.0000 8.935 -1.24 -8.57 1.57 1.45 0.12
499 -1.0798 0.2575 0 0.0000 8.936 -1.24 -8.57 1.57 1.45 0.12
500 -0.9661 0.2669 0 0.0000 8.938 -1.24 -8.57 1.57 1.45 0.12
501 -0.9559 0.2881 0 0.0000 8.939 -1.24 -8.58 1.57 1.45 0.12
502 -0.9875 0.2797 0 0.0000 8.939 -1.24 -8.58 1.57 1.45 0.12
503 -0.9998 0.2922 0 0.0000 8.939 -1.24 -8.58 1.57 1.45 0.12
504 -1.0159 0.2657 0 0.0000 8.939 -1.24 -8.58 1.57 1.45 0.12
505 -1.0516 0.2621 0 0.0000 8.939 -1.24 -8.58 1.57 1.45 0.12
506 -1.0314 0.2687 0 0.0000 8.939 -1.24 -8.58 1.57 1.45 0.12
507 -1.0539 0.2480 0 0.0000 8.939 -1.24 -8.58 1.57 1.45 0.12
508 -1.0791 0.2380 0 0.0000 8.939 -1.24 -8.58 1.57 1.45 0.12
509 -1.1770 0.2056 0 0.0000 8.939 -1.24 -8.58 1.57 1.45 0.12
510 -1.1460 0.1843 0 0.0000 8.939 -1.24 -8.58 1.57 1.45 0.12
511 -1.1204 0.1719 0 0.0000 8.939 -1.24 -8.58 1.57 1.45 0.12
512 -1.1404 0.1605 0 0.0000 8.939 -1.24 -8.58 1.57 1.45 0.12
513 -1.1132 0.1512 0 0.0000 8.939 -1.24 -8.58 1.57 1.45 0.12
514 -1.1352 0.1489 0 0.0000 8.939 -1.24 -8.58 1.57 1.45 0.12
515 -1.1365 0.1386 0 0.0000 8.939 -1.24 -8.58 1.57 1.45 0.12
516 -1.1045 0.1379 0 0.0000 8.939 -1.24 -8.58 1.57 1.45 0.12
517 -1.0498 0.1645 0 0.0000 8.938 -1.24 -8.57 1.57 1.45 0.12
518 -1.1691 0.1833 0 0.0000 8.937 -1.24 -8.57 1.57 1.45 0.13
519 -1.1318 0.2002 0 0.0000 8.937 -1.24 -8.57 1.57 1.45 0.12
520 -1.1170 0.1877 0 0.0000 8.938 -1.24 -8.57 1.57 1.45 0.12
521 -1.1578 0.1662 0 0.0000 8.938 -1.24 -8.57 1.57 1.45 0.12
522 -1.1192 0.1873 0 0.0000 8.938 -1.24 -8.57 1.57 1.45 0.12
523 -1.0859 0.1940 0 0.0000 8.939 -1.24 -8.58 1.57 1.45 0.12
524 -1.1094 0.1817 0 0.0000 8.939 -1.24 -8.58 1.57 1.45 0.12
525 -1.0886 0.2185 0 0.0000 8.939 -1.24 -8.58 1.57 1.45 0.12
526 -1.1854 0.2003 0 0.0000 8.939 -1.24 -8.58 1.57 1.45 0.12
527 -1.1598 0.1800 0 0.0000 8.940 -1.24 -8.58 1.57 1.45 0.12
528 -1.0909 0.2000 0 0.0000 8.941 -1.24 -8.58 1.57 1.45 0.12
529 -1.1212 0.1924 0 0.0000 8.941 -1.24 -8.58 1.57 1.45 0.12
530 -1.1693 0.2251 0 0.0000 8.941 -1.24 -8.58 1.57 1.45 0.12
531 -1.1425 0.2003 0 0.0000 8.941 -1.24 -8.58 1.57 1.45 0.12
532 -1.1401 0.1514 0 0.0000 8.941 -1.24 -8.58 1.57 1.45 0.12
533 -1.1496 0.1496 0 0.0000 8.941 -1.24 -8.58 1.57 1.45 0.12
534 -1.1386 0.1494 0 0.0000 8.941 -1.24 -8.58 1.57 1.45 0.12
535 -1.1228 0.1455 0 0.0000 8.941 -1.24 -8.58 1.57 1.45 0.12
536 -1.1395 0.1377 0 0.0000 8.941 -1.24 -8.58 1.57 1.45 0.12
537 -1.1875 0.1235 0 0.0000 8.941 -1.24 -8.58 1.57 1.45 0.12
538 -1.0924 0.1263 0 0.0000 8.939 -1.24 -8.58 1.57 1.45 0.12
539 -1.0796 0.1743 0 0.0000 8.936 -1.24 -8.57 1.57 1.45 0.12
540 -1.0198 0.1849 0 0.0000 8.934 -1.24 -8.57 1.57 1.45 0.12
541 -1.0261 0.1990 0 0.0000 8.933 -1.24 -8.57 1.57 1.45 0.12
542 -1.0029 0.2126 0 0.0000 8.932 -1.24 -8.57 1.57 1.45 0.12
543 -0.9584 0.2284 0 0.0000 8.931 -1.24 -8.57 1.57 1.45 0.12
544 -0.8569 0.2872 0 0.0000 8.930 -1.24 -8.57 1.57 1.45 0.12
545 -1.1255 0.2003 0 0.0000 8.930 -1.24 -8.57 1.57 1.45 0.12
546 -1.1612 0.2120 0 0.0000 8.931 -1.24 -8.57 1.57 1.45 0.12
547 -1.1238 0.2506 0 0.0000 8.932 -1.24 -8.57 1.57 1.45 0.12
548 -1.0870 0.3008 0 0.0000 8.934 -1.24 -8.57 1.57 1.45 0.12
549 -1.0230 0.2896 0 0.0000 8.937 -1.24 -8.57 1.57 1.45 0.12
550 -0.9313 0.3437 0 0.0000 8.938 -1.24 -8.58 1.57 1.45 0.12
551 -0.9219 0.3252 0 0.0000 8.938 -1.24 -8.58 1.57 1.45 0.12
552 -0.9251 0.3152 0 0.0000 8.938 -1.24 -8.58 1.57 1.45 0.12
553 -0.9951 0.2854 0 0.0000 8.938 -1.24 -8.58 1.57 1.45 0.12
554 -0.9916 0.2948 0 0.0000 8.938 -1.24 -8.58 1.57 1.45 0.12
555 -0.9659 0.2812 0 0.0000 8.937 -1.24 -8.57 1.57 1.45 0.12
556 -0.9959 0.2436 0 0.0000 8.937 -1.24 -8.57 1.57 1.45 0.12
557 -0.9812 0.2566 0 0.0000 8.937 -1.24 -8.57 1.57 1.45 0.12
558 -0.9408 0.2627 0 0.0000 8.937 -1.24 -8.57 1.57 1.45 0.12
559 -0.9101 0.2703 0 0.0000 8.936 -1.24 -8.57 1.57 1.45 0.12
560 -0.8542 0.2986 0 0.0000 8.934 -1.24 -8.57 1.57 1.45 0.12
561 -0.7446 0.3405 0 0.0000 8.932 -1.24 -8.57 1.57 1.45 0.12
562 -0.8417 0.3118 0 0.0000 8.931 -1.24 -8.57 1.57 1.45 0.12
563 -0.8615 0.3032 0 0.0000 8.931 -1.24 -8.57 1.57 1.45 0.12
564 -0.8934 0.3219 0 0.0000 8.932 -1.24 -8.57 1.57 1.45 0.12
565 -0.9671 0.3219 0 0.0000 8.934 -1.24 -8.57 1.57 1.45 0.12
566 -0.9211 0.3400 0 0.0000 8.936 -1.24 -8.57 1.57 1.45 0.12
567 -1.0331 0.3209 0 0.0000 8.939 -1.24 -8.58 1.57 1.45 0.12
568 -1.0152 0.3315 0 0.0000 8.943 -1.24 -8.58 1.57 1.45 0.12
569 -1.1491 0.2501 0 0.0000 8.949 -1.24 -8.59 1.57 1.45 0.12
570 -1.2246 0.2196 0 0.0000 8.955 -1.24 -8.59 1.57 1.45 0.12
571 -1.0516 0.3674 0 0.0000 8.962 -1.24 -8.60 1.57 1.45 0.12
572 -1.2047 0.1491 0 0.0000 8.966 -1.24 -8.60 1.57 1.45 0.12
573 -1.2295 0.1327 0 0.0000 8.967 -1.24 -8.61 1.57 1.45 0.12
574 -1.2491 0.1097 0 0.0000 8.966 -1.24 -8.60 1.57 1.45 0.12
575 -1.2702 0.0715 0 0.0000 8.965 -1.24 -8.60 1.57 1.45 0.12
576 -1.2749 0.1023 0 0.0000 8.965 -1.24 -8.60 1.57 1.45 0.12
577 -1.2884 0.0831 0 0.0000 8.965 -1.24 -8.60 1.57 1.45 0.12
578 -1.2982 0.0765 0 0.0000 8.965 -1.24 -8.60 1.57 1.45 0.12
579 -1.3203 0.0674 0 0.0000 8.965 -1.24 -8.60 1.57 1.45 0.12
580 -1.2844 0.0802 0 0.0000 8.964 -1.24 -8.60 1.57 1.45 0.12
581 -1.2914 0.0847 0 0.0000 8.963 -1.24 -8.60 1.57 1.45 0.12
582 -1.3199 0.0938 0 0.0000 8.963 -1.24 -8.60 1.57 1.45 0.12
583 -1.2952 0.0912 0 0.0000 8.963 -1.24 -8.60 1.57 1.45 0.12
584 -1.2773 0.1046 0 0.0000 8.963 -1.24 -8.60 1.57 1.45 0.12
585 -1.3027 0.0852 0 0.0000 8.962 -1.24 -8.60 1.57 1.45 0.12
586 -1.2908 0.0910 0 0.0000 8.962 -1.24 -8.60 1.57 1.45 0.12
587 -1.3002 0.0762 0 0.0000 8.962 -1.24 -8.60 1.57 1.45 0.12
588 -1.2828 0.0775 0 0.0000 8.962 -1.24 -8.60 1.57 1.45 0.12
589 -1.2559 0.0756 0 0.0000 8.962 -1.24 -8.60 1.57 1.45 0.12
590 -1.2143 0.1120 0 0.0000 8.962 -1.24 -8.60 1.57 1.45 0.12
591 -1.2084 0.1074 0 0.0000 8.961 -1.24 -8.60 1.57 1.45 0.12
592 -1.1461 0.1601 0 0.0000 8.959 -1.24 -8.60 1.57 1.45 0.12
593 -1.1458 0.1563 0 0.0000 8.957 -1.24 -8.60 1.57 1.45 0.12
594 -1.1147 0.1906 0 0.0000 8.956 -1.24 -8.60 1.57 1.45 0.12
595 -1.1234 0.1909 0 0.0000 8.956 -1.24 -8.60 1.57 1.45 0.12
596 -1.1107 0.2099 0 0.0000 8.956 -1.24 -8.60 1.57 1.45 0.12
597 -1.0801 0.2116 0 0.0000 8.956 -1.24 -8.60 1.57 1.45 0.12
598 -1.1083 0.1945 0 0.0000 8.956 -1.24 -8.60 1.57 1.45 0.12
599 -1.1179 0.1988 0 0.0000 8.956 -1.24 -8.60 1.57 1.45 0.12
