# step wm_danger det_logit danger fire dist_t dx dy yaw tbrg offaxis
0 0.4910 0.0209 0 0.0000 6.083 -12.00 -6.00 2.93 0.00 2.93
1 -0.5270 -0.0981 0 0.0000 12.042 -12.20 0.30 0.00 0.00 0.00
2 -0.3420 0.1245 0 0.0000 12.045 -12.21 0.30 0.00 0.00 0.00
3 0.0456 0.3290 0 0.0000 12.043 -12.20 0.30 0.00 0.00 0.00
4 0.3240 0.4764 0 0.0000 12.029 -12.19 0.30 0.00 0.00 0.00
5 0.2025 0.4515 0 0.0000 12.000 -12.16 0.30 0.00 0.00 0.00
6 -0.0476 0.3462 0 0.0000 11.956 -12.12 0.29 0.00 0.00 0.00
7 -0.1968 0.2903 0 0.0000 11.898 -12.06 0.29 0.00 0.00 0.00
8 -0.4674 0.2082 0 0.0000 11.830 -11.99 0.30 0.00 0.00 0.00
9 -0.7574 0.1622 0 0.0000 11.752 -11.91 0.30 0.00 0.00 0.00
10 -1.0840 0.0642 0 0.0000 11.668 -11.83 0.30 0.00 -0.00 0.00
11 -1.4035 -0.0519 0 0.0000 11.578 -11.74 0.31 0.00 -0.00 0.00
12 -1.6052 -0.1162 0 0.0000 11.485 -11.64 0.32 0.00 -0.00 0.00
13 -1.7964 -0.1986 0 0.0000 11.390 -11.55 0.33 0.00 -0.00 0.00
14 -1.8748 -0.2459 0 0.0000 11.293 -11.45 0.35 -0.00 -0.00 0.00
15 -2.0277 -0.3275 0 0.0000 11.195 -11.35 0.37 -0.00 -0.01 0.00
16 -2.1272 -0.3718 0 0.0000 11.096 -11.25 0.39 -0.01 -0.01 0.00
17 -2.1817 -0.4121 0 0.0000 10.999 -11.15 0.42 -0.01 -0.01 0.00
18 -2.0214 -0.3627 0 0.0000 10.905 -11.06 0.44 -0.01 -0.01 0.00
19 -1.9159 -0.3284 0 0.0000 10.816 -10.97 0.46 -0.01 -0.01 0.00
20 -1.7258 -0.2284 0 0.0000 10.733 -10.89 0.48 -0.02 -0.02 0.00
21 -1.5630 -0.1694 0 0.0000 10.660 -10.81 0.49 -0.02 -0.02 0.00
22 -1.3662 0.0324 0 0.0000 10.596 -10.75 0.50 -0.02 -0.02 0.00
23 -1.4072 -0.1265 0 0.0000 10.542 -10.69 0.51 -0.02 -0.02 0.00
24 -1.2565 0.0326 0 0.0000 10.498 -10.65 0.52 -0.02 -0.02 0.00
25 -1.3020 -0.1020 0 0.0000 10.465 -10.61 0.52 -0.02 -0.02 0.00
26 -1.2345 0.0017 0 0.0000 10.441 -10.59 0.53 -0.02 -0.02 0.00
27 -1.1909 -0.0325 0 0.0000 10.427 -10.57 0.54 -0.02 -0.02 0.00
28 -1.4593 -0.2403 0 0.0000 10.421 -10.57 0.54 -0.02 -0.02 0.00
29 -1.3305 -0.1752 0 0.0000 10.420 -10.57 0.55 -0.02 -0.02 0.00
30 -1.2296 -0.0703 0 0.0000 10.425 -10.57 0.55 -0.02 -0.02 0.00
31 -1.1616 0.0109 0 0.0000 10.436 -10.58 0.56 -0.02 -0.02 0.00
32 -0.6028 0.0116 0 0.0000 10.449 -10.59 0.56 -0.02 -0.03 0.00
33 -0.4515 -0.0927 0 0.0000 10.454 -10.60 0.57 -0.02 -0.03 0.00
34 -0.6437 -0.0021 0 0.0000 10.445 -10.59 0.58 -0.03 -0.03 0.00
35 -0.7384 -0.0187 0 0.0000 10.419 -10.56 0.59 -0.03 -0.03 0.00
36 -1.1445 -0.0285 0 0.0000 10.378 -10.52 0.60 -0.03 -0.03 0.00
37 -1.4858 -0.1370 0 0.0000 10.323 -10.46 0.61 -0.03 -0.03 0.00
38 -1.4359 -0.3483 0 0.0000 10.257 -10.40 0.62 -0.03 -0.03 0.00
39 -0.8951 0.0119 0 0.0000 10.189 -10.33 0.63 -0.03 -0.03 0.00
40 -0.7292 0.2461 0 0.0000 10.128 -10.26 0.64 -0.03 -0.03 0.00
41 -0.6574 0.2296 0 0.0000 10.079 -10.21 0.66 -0.03 -0.04 0.00
42 -0.8007 0.1645 0 0.0000 10.039 -10.17 0.66 -0.03 -0.04 0.01
43 -0.7661 0.1042 0 0.0000 10.002 -10.14 0.67 -0.03 -0.04 0.01
44 -0.8226 0.0474 0 0.0000 9.963 -10.10 0.68 -0.03 -0.04 0.01
45 -0.6712 -0.0094 0 0.0000 9.920 -10.05 0.69 -0.03 -0.04 0.01
46 -0.6678 -0.0414 0 0.0000 9.876 -10.01 0.70 -0.03 -0.04 0.01
47 -0.5928 0.1556 0 0.0000 9.838 -9.97 0.71 -0.03 -0.04 0.01
48 -0.5046 0.1079 0 0.0000 9.812 -9.94 0.72 -0.03 -0.04 0.01
49 -0.4124 0.2047 0 0.0000 9.797 -9.92 0.72 -0.03 -0.04 0.02
50 -0.4843 0.2220 0 0.0000 9.792 -9.92 0.73 -0.03 -0.04 0.02
51 -0.4369 0.2182 0 0.0000 9.793 -9.92 0.73 -0.03 -0.04 0.02
52 -0.4463 0.1710 0 0.0000 9.794 -9.92 0.74 -0.03 -0.05 0.02
53 -0.4543 0.1824 0 0.0000 9.795 -9.92 0.74 -0.03 -0.05 0.02
54 -0.4543 0.2063 0 0.0000 9.800 -9.92 0.75 -0.02 -0.05 0.02
55 0.0960 0.3326 0 0.0000 9.805 -9.93 0.75 -0.02 -0.05 0.02
56 -0.2007 0.2221 0 0.0000 9.807 -9.93 0.76 -0.02 -0.05 0.02
57 -0.2624 0.1753 0 0.0000 9.801 -9.92 0.76 -0.02 -0.05 0.02
58 -0.3519 0.1845 0 0.0000 9.781 -9.90 0.77 -0.02 -0.05 0.02
59 -0.4561 0.2485 0 0.0000 9.748 -9.87 0.77 -0.03 -0.05 0.02
60 -0.2976 0.2701 0 0.0000 9.702 -9.82 0.78 -0.03 -0.05 0.02
61 -0.2512 0.2025 0 0.0000 9.649 -9.77 0.78 -0.03 -0.05 0.02
62 -0.1583 0.4085 0 0.0000 9.596 -9.71 0.79 -0.03 -0.05 0.02
63 -0.1973 0.3945 0 0.0000 9.553 -9.67 0.79 -0.03 -0.05 0.02
64 -0.0878 0.4489 0 0.0000 9.521 -9.63 0.80 -0.03 -0.05 0.03
65 0.0169 0.4801 0 0.0000 9.498 -9.61 0.80 -0.03 -0.05 0.03
66 -0.0749 0.4640 0 0.0000 9.483 -9.60 0.81 -0.02 -0.05 0.03
67 0.0231 0.5251 0 0.0000 9.475 -9.59 0.81 -0.02 -0.05 0.03
68 0.0519 0.5117 0 0.0000 9.473 -9.59 0.81 -0.02 -0.05 0.03
69 -0.0320 0.4942 0 0.0000 9.477 -9.59 0.81 -0.02 -0.05 0.03
70 0.2858 0.5501 0 0.0000 9.482 -9.59 0.81 -0.02 -0.05 0.03
71 0.0982 0.4726 0 0.0000 9.485 -9.60 0.81 -0.02 -0.05 0.03
72 0.3536 0.3736 0 0.0000 9.482 -9.59 0.81 -0.02 -0.05 0.03
73 0.0581 0.4416 0 0.0000 9.471 -9.58 0.81 -0.02 -0.05 0.03
74 0.1878 0.4746 0 0.0000 9.452 -9.56 0.82 -0.02 -0.05 0.03
75 0.2274 0.5113 0 0.0000 9.426 -9.53 0.82 -0.02 -0.06 0.03
76 0.3840 0.6217 0 0.0000 9.395 -9.50 0.82 -0.02 -0.06 0.04
77 0.0888 0.5124 0 0.0000 9.361 -9.47 0.82 -0.02 -0.06 0.04
78 0.2414 0.5723 0 0.0000 9.332 -9.44 0.83 -0.02 -0.06 0.04
79 0.2588 0.5813 0 0.0000 9.310 -9.41 0.83 -0.02 -0.06 0.04
80 0.2817 0.6043 0 0.0000 9.297 -9.40 0.83 -0.02 -0.06 0.04
81 0.3171 0.6282 0 0.0000 9.291 -9.39 0.83 -0.02 -0.06 0.04
82 0.2812 0.5860 0 0.0000 9.293 -9.40 0.84 -0.02 -0.06 0.04
83 0.3632 0.6329 0 0.0000 9.302 -9.41 0.84 -0.02 -0.06 0.04
84 0.2400 0.5702 0 0.0000 9.315 -9.42 0.84 -0.02 -0.06 0.04
85 0.2981 0.6129 0 0.0000 9.332 -9.44 0.84 -0.02 -0.06 0.04
86 0.4212 0.6003 0 0.0000 9.350 -9.45 0.84 -0.02 -0.06 0.04
87 0.4486 0.5955 0 0.0000 9.368 -9.47 0.84 -0.02 -0.06 0.04
88 0.2744 0.5747 0 0.0000 9.384 -9.49 0.84 -0.01 -0.06 0.04
89 0.3949 0.3677 0 0.0000 9.396 -9.50 0.84 -0.02 -0.06 0.04
90 0.3430 0.4853 0 0.0000 9.400 -9.50 0.84 -0.02 -0.06 0.04
91 0.4591 0.4999 0 0.0000 9.396 -9.50 0.84 -0.02 -0.06 0.04
92 0.3966 0.5499 0 0.0000 9.383 -9.48 0.84 -0.02 -0.06 0.04
93 0.4055 0.5696 0 0.0000 9.361 -9.46 0.84 -0.02 -0.06 0.04
94 0.4343 0.6384 0 0.0000 9.330 -9.43 0.85 -0.02 -0.06 0.04
95 0.4955 0.7016 0 0.0000 9.294 -9.39 0.85 -0.02 -0.06 0.04
96 0.4319 0.6417 0 0.0000 9.257 -9.35 0.85 -0.02 -0.06 0.04
97 0.3458 0.6272 0 0.0000 9.224 -9.32 0.85 -0.02 -0.06 0.04
98 0.3553 0.6536 0 0.0000 9.199 -9.30 0.85 -0.01 -0.06 0.05
99 0.3783 0.6613 0 0.0000 9.183 -9.28 0.86 -0.01 -0.06 0.05
100 0.4090 0.6722 0 0.0000 9.176 -9.27 0.86 -0.01 -0.06 0.05
101 0.3787 0.6711 0 0.0000 9.177 -9.27 0.86 -0.01 -0.06 0.05
102 0.4147 0.6854 0 0.0000 9.186 -9.28 0.86 -0.01 -0.06 0.05
103 0.4295 0.6917 0 0.0000 9.202 -9.30 0.86 -0.01 -0.06 0.05
104 0.4147 0.6843 0 0.0000 9.223 -9.32 0.86 -0.01 -0.06 0.05
105 0.4168 0.6252 0 0.0000 9.249 -9.34 0.86 -0.01 -0.06 0.05
106 0.3789 0.6395 0 0.0000 9.275 -9.37 0.86 -0.01 -0.06 0.05
107 0.3855 0.4686 0 0.0000 9.297 -9.39 0.86 -0.01 -0.06 0.05
108 0.3716 0.5210 0 0.0000 9.309 -9.40 0.86 -0.01 -0.06 0.05
109 0.1389 0.5016 0 0.0000 9.312 -9.41 0.86 -0.01 -0.06 0.05
110 0.2650 0.5226 0 0.0000 9.306 -9.40 0.86 -0.01 -0.06 0.05
111 0.1536 0.5174 0 0.0000 9.292 -9.38 0.86 -0.02 -0.06 0.05
112 0.4218 0.6301 0 0.0000 9.269 -9.36 0.87 -0.02 -0.06 0.05
113 0.4016 0.6505 0 0.0000 9.240 -9.33 0.87 -0.01 -0.06 0.05
114 0.3968 0.6492 0 0.0000 9.211 -9.30 0.87 -0.01 -0.06 0.05
115 0.3493 0.6375 0 0.0000 9.187 -9.28 0.88 -0.01 -0.06 0.05
116 0.3590 0.6534 0 0.0000 9.170 -9.26 0.88 -0.01 -0.06 0.05
117 0.3831 0.6716 0 0.0000 9.160 -9.25 0.88 -0.01 -0.06 0.05
118 0.4013 0.6845 0 0.0000 9.157 -9.25 0.88 -0.01 -0.06 0.05
119 0.4656 0.7298 0 0.0000 9.160 -9.25 0.89 -0.01 -0.06 0.05
120 0.5125 0.7343 0 0.0000 9.168 -9.26 0.89 -0.01 -0.06 0.05
121 0.6011 0.6758 0 0.0000 9.179 -9.27 0.89 -0.01 -0.06 0.05
122 0.4213 0.6747 0 0.0000 9.191 -9.28 0.89 -0.01 -0.06 0.05
123 0.4051 0.6318 0 0.0000 9.203 -9.29 0.89 -0.01 -0.06 0.05
124 0.4430 0.6527 0 0.0000 9.214 -9.30 0.89 -0.01 -0.06 0.06
125 0.4492 0.6838 0 0.0000 9.225 -9.31 0.89 -0.01 -0.06 0.06
126 0.5265 0.6767 0 0.0000 9.232 -9.32 0.89 -0.01 -0.06 0.06
127 0.5724 0.6248 0 0.0000 9.235 -9.32 0.89 -0.01 -0.06 0.06
128 0.4747 0.6340 0 0.0000 9.232 -9.32 0.89 -0.01 -0.06 0.05
129 0.5855 0.6655 0 0.0000 9.222 -9.31 0.89 -0.01 -0.06 0.05
130 0.6272 0.7104 0 0.0000 9.207 -9.29 0.89 -0.01 -0.06 0.06
131 0.3766 0.6603 0 0.0000 9.188 -9.27 0.89 -0.01 -0.07 0.06
132 0.3359 0.6433 0 0.0000 9.171 -9.25 0.90 -0.01 -0.07 0.06
133 0.3231 0.6334 0 0.0000 9.157 -9.24 0.90 -0.01 -0.07 0.06
134 0.3409 0.6324 0 0.0000 9.146 -9.23 0.90 -0.01 -0.07 0.06
135 0.3430 0.6324 0 0.0000 9.139 -9.22 0.90 -0.01 -0.07 0.06
136 0.3256 0.6354 0 0.0000 9.137 -9.22 0.90 -0.00 -0.07 0.06
137 0.3124 0.6537 0 0.0000 9.137 -9.22 0.90 -0.00 -0.07 0.06
138 0.5036 0.6660 0 0.0000 9.138 -9.22 0.90 -0.00 -0.07 0.06
139 0.5324 0.6877 0 0.0000 9.137 -9.22 0.90 -0.00 -0.07 0.06
140 0.5738 0.6914 0 0.0000 9.134 -9.21 0.90 -0.00 -0.07 0.06
141 0.5798 0.7006 0 0.0000 9.128 -9.21 0.90 -0.00 -0.07 0.06
142 0.4707 0.6972 0 0.0000 9.120 -9.20 0.91 -0.00 -0.07 0.06
143 0.3428 0.6321 0 0.0000 9.112 -9.19 0.91 -0.00 -0.07 0.06
144 0.3782 0.6566 0 0.0000 9.105 -9.18 0.91 -0.00 -0.07 0.06
145 0.4016 0.6734 0 0.0000 9.099 -9.18 0.91 -0.00 -0.07 0.06
146 0.3846 0.6333 0 0.0000 9.095 -9.17 0.91 -0.00 -0.07 0.06
147 0.5518 0.6998 0 0.0000 9.091 -9.17 0.91 -0.00 -0.07 0.06
148 0.4816 0.6832 0 0.0000 9.087 -9.16 0.91 -0.00 -0.07 0.06
149 0.3902 0.6172 0 0.0000 9.083 -9.16 0.91 -0.00 -0.07 0.07
150 0.4743 0.6735 0 0.0000 9.080 -9.16 0.91 -0.00 -0.07 0.07
151 0.5314 0.6832 0 0.0000 9.077 -9.15 0.91 -0.00 -0.07 0.07
152 0.4809 0.6637 0 0.0000 9.075 -9.15 0.91 0.00 -0.07 0.07
153 0.4435 0.6350 0 0.0000 9.072 -9.15 0.91 0.00 -0.07 0.07
154 0.5185 0.6831 0 0.0000 9.070 -9.15 0.91 0.00 -0.07 0.07
155 0.4661 0.6310 0 0.0000 9.068 -9.14 0.91 0.00 -0.07 0.07
156 0.4868 0.6539 0 0.0000 9.066 -9.14 0.91 0.00 -0.07 0.07
157 0.4769 0.6509 0 0.0000 9.064 -9.14 0.91 0.00 -0.07 0.07
158 0.3843 0.5880 0 0.0000 9.063 -9.14 0.91 0.00 -0.07 0.07
159 0.5437 0.6817 0 0.0000 9.062 -9.14 0.91 0.00 -0.07 0.07
160 0.4949 0.6440 0 0.0000 9.061 -9.14 0.91 0.00 -0.07 0.07
161 0.4129 0.6206 0 0.0000 9.061 -9.13 0.91 0.00 -0.07 0.07
162 0.5560 0.7102 0 0.0000 9.060 -9.13 0.91 0.00 -0.07 0.07
163 0.4080 0.6361 0 0.0000 9.060 -9.13 0.91 0.00 -0.07 0.07
164 0.4602 0.6650 0 0.0000 9.059 -9.13 0.91 0.00 -0.07 0.07
165 0.3669 0.6096 0 0.0000 9.059 -9.13 0.91 0.00 -0.07 0.07
166 0.5449 0.7208 0 0.0000 9.060 -9.13 0.91 0.00 -0.07 0.07
167 0.4980 0.6657 0 0.0000 9.060 -9.13 0.91 0.00 -0.07 0.07
168 0.5455 0.6828 0 0.0000 9.059 -9.13 0.91 0.00 -0.07 0.07
169 0.4893 0.6521 0 0.0000 9.059 -9.13 0.91 0.00 -0.07 0.07
170 0.4142 0.6107 0 0.0000 9.059 -9.13 0.91 0.00 -0.07 0.07
171 0.5881 0.7603 0 0.0000 9.059 -9.13 0.91 0.00 -0.07 0.07
172 0.5987 0.7666 0 0.0000 9.059 -9.13 0.91 0.00 -0.07 0.07
173 0.5207 0.6718 0 0.0000 9.058 -9.13 0.91 0.00 -0.07 0.07
174 0.4348 0.6186 0 0.0000 9.057 -9.13 0.91 0.00 -0.07 0.07
175 0.5520 0.6797 0 0.0000 9.057 -9.13 0.91 0.00 -0.07 0.07
176 0.4994 0.6257 0 0.0000 9.056 -9.13 0.92 0.00 -0.07 0.07
177 0.6159 0.7226 0 0.0000 9.056 -9.13 0.92 0.00 -0.07 0.07
178 0.5664 0.6943 0 0.0000 9.055 -9.13 0.92 0.01 -0.07 0.07
179 0.5136 0.6476 0 0.0000 9.054 -9.13 0.92 0.01 -0.07 0.07
180 0.5444 0.6990 0 0.0000 9.053 -9.12 0.92 0.01 -0.07 0.07
181 0.5575 0.7137 0 0.0000 9.051 -9.12 0.92 0.01 -0.07 0.08
182 0.5577 0.6805 0 0.0000 9.047 -9.12 0.92 0.01 -0.07 0.08
183 0.4415 0.6250 0 0.0000 9.044 -9.11 0.92 0.01 -0.07 0.08
184 0.5473 0.7016 0 0.0000 9.041 -9.11 0.92 0.01 -0.07 0.08
185 0.5621 0.7200 0 0.0000 9.036 -9.11 0.92 0.01 -0.07 0.08
186 0.5597 0.7091 0 0.0000 9.031 -9.10 0.92 0.01 -0.07 0.08
187 0.4991 0.6816 0 0.0000 9.024 -9.09 0.92 0.01 -0.07 0.08
188 0.5297 0.7136 0 0.0000 9.016 -9.09 0.92 0.01 -0.07 0.08
189 0.5510 0.6933 0 0.0000 9.008 -9.08 0.92 0.01 -0.07 0.08
190 0.5870 0.7133 0 0.0000 8.997 -9.07 0.93 0.01 -0.07 0.08
191 0.6137 0.7428 0 0.0000 8.986 -9.05 0.93 0.01 -0.07 0.08
192 0.5057 0.7022 0 0.0000 8.974 -9.04 0.93 0.01 -0.07 0.08
193 0.6049 0.7404 0 0.0000 8.961 -9.03 0.93 0.01 -0.07 0.08
194 0.6734 0.7676 0 0.0000 8.949 -9.02 0.93 0.01 -0.07 0.08
195 0.5161 0.7404 0 0.0000 8.936 -9.00 0.93 0.01 -0.07 0.08
196 0.6787 0.7829 0 0.0000 8.924 -8.99 0.93 0.01 -0.07 0.08
197 0.7044 0.7859 0 0.0000 8.912 -8.98 0.93 0.01 -0.07 0.08
198 0.7433 0.7962 0 0.0000 8.899 -8.97 0.93 0.01 -0.07 0.08
199 0.7669 0.8166 0 0.0000 8.885 -8.95 0.93 0.01 -0.07 0.08
200 0.7264 0.8157 0 0.0000 8.872 -8.94 0.93 0.01 -0.07 0.08
201 0.6924 0.7678 0 0.0000 8.861 -8.93 0.93 0.01 -0.07 0.08
202 0.6604 0.7736 0 0.0000 8.853 -8.92 0.93 0.01 -0.07 0.08
203 0.6753 0.7841 0 0.0000 8.851 -8.92 0.93 0.01 -0.07 0.08
204 0.6561 0.7928 0 0.0000 8.854 -8.92 0.93 0.01 -0.07 0.08
205 0.6954 0.7887 0 0.0000 8.862 -8.93 0.93 0.01 -0.07 0.08
206 0.6983 0.8679 0 0.0000 8.873 -8.94 0.93 0.01 -0.07 0.08
207 0.8832 0.7694 0 0.0000 8.887 -8.95 0.93 0.01 -0.07 0.08
208 0.8822 0.8485 0 0.0000 8.900 -8.97 0.93 0.01 -0.07 0.08
209 0.9466 0.9009 0 0.0000 8.912 -8.98 0.92 0.01 -0.07 0.08
210 0.9516 0.9552 0 0.0000 8.920 -8.99 0.92 0.01 -0.07 0.08
211 0.9097 0.8955 0 0.0000 8.925 -8.99 0.92 0.01 -0.07 0.08
212 0.8521 0.8747 0 0.0000 8.927 -8.99 0.92 0.01 -0.07 0.08
213 0.7317 0.7967 0 0.0000 8.928 -9.00 0.92 0.01 -0.07 0.08
214 0.8809 0.8409 0 0.0000 8.928 -9.00 0.92 0.01 -0.07 0.08
215 0.8142 0.8726 0 0.0000 8.925 -8.99 0.92 0.01 -0.07 0.08
216 1.0638 0.9149 0 0.0000 8.919 -8.99 0.92 0.01 -0.07 0.08
217 0.8755 0.8546 0 0.0000 8.909 -8.98 0.92 0.01 -0.07 0.08
218 0.6906 0.8217 0 0.0000 8.897 -8.96 0.92 0.01 -0.07 0.08
219 0.8200 0.8530 0 0.0000 8.887 -8.95 0.92 0.01 -0.07 0.09
220 0.8162 0.8557 0 0.0000 8.877 -8.94 0.92 0.02 -0.07 0.09
221 0.7991 0.8617 0 0.0000 8.869 -8.94 0.92 0.02 -0.07 0.09
222 0.7593 0.8437 0 0.0000 8.863 -8.93 0.92 0.02 -0.07 0.09
223 0.6710 0.8055 0 0.0000 8.861 -8.93 0.91 0.02 -0.07 0.09
224 0.6999 0.8232 0 0.0000 8.862 -8.93 0.91 0.02 -0.07 0.09
225 0.7194 0.8428 0 0.0000 8.868 -8.93 0.91 0.02 -0.07 0.09
226 0.8461 0.8612 0 0.0000 8.876 -8.94 0.91 0.02 -0.07 0.09
227 0.9957 0.9241 0 0.0000 8.884 -8.95 0.91 0.02 -0.07 0.09
228 0.8443 0.8219 0 0.0000 8.890 -8.96 0.91 0.02 -0.07 0.09
229 0.8729 0.8266 0 0.0000 8.897 -8.96 0.91 0.02 -0.07 0.09
230 0.8425 0.8251 0 0.0000 8.904 -8.97 0.90 0.02 -0.07 0.09
231 0.8336 0.8132 0 0.0000 8.910 -8.98 0.90 0.02 -0.07 0.09
232 0.8164 0.8210 0 0.0000 8.917 -8.99 0.90 0.02 -0.07 0.09
233 0.9089 0.8680 0 0.0000 8.924 -8.99 0.90 0.02 -0.07 0.09
234 0.9259 0.8922 0 0.0000 8.929 -9.00 0.90 0.02 -0.07 0.09
235 0.9106 0.8718 0 0.0000 8.932 -9.00 0.90 0.02 -0.07 0.09
236 0.7704 0.8106 0 0.0000 8.933 -9.00 0.90 0.02 -0.07 0.09
237 0.7685 0.8049 0 0.0000 8.933 -9.00 0.90 0.02 -0.07 0.09
238 0.8969 0.8320 0 0.0000 8.933 -9.00 0.90 0.02 -0.07 0.09
239 0.7777 0.7901 0 0.0000 8.931 -9.00 0.90 0.02 -0.07 0.09
240 0.9045 0.8475 0 0.0000 8.927 -9.00 0.90 0.02 -0.07 0.09
241 0.8099 0.8048 0 0.0000 8.922 -8.99 0.90 0.02 -0.07 0.09
242 0.8399 0.7917 0 0.0000 8.916 -8.98 0.90 0.02 -0.07 0.09
243 0.8547 0.7921 0 0.0000 8.908 -8.98 0.90 0.02 -0.07 0.09
244 0.7815 0.7610 0 0.0000 8.900 -8.97 0.90 0.02 -0.07 0.09
245 0.7892 0.7843 0 0.0000 8.893 -8.96 0.90 0.02 -0.07 0.09
246 0.8431 0.7756 0 0.0000 8.887 -8.96 0.90 0.02 -0.07 0.09
247 0.8151 0.7878 0 0.0000 8.882 -8.95 0.90 0.02 -0.07 0.09
248 0.7232 0.7628 0 0.0000 8.880 -8.95 0.90 0.02 -0.07 0.09
249 0.7099 0.7707 0 0.0000 8.882 -8.95 0.89 0.02 -0.07 0.09
250 0.6738 0.7574 0 0.0000 8.889 -8.96 0.89 0.02 -0.07 0.09
251 0.6979 0.8120 0 0.0000 8.901 -8.97 0.89 0.02 -0.07 0.09
252 0.7470 0.7351 0 0.0000 8.915 -8.99 0.89 0.02 -0.07 0.09
253 0.8359 0.7324 0 0.0000 8.929 -9.00 0.89 0.02 -0.07 0.09
254 0.8759 0.8063 0 0.0000 8.942 -9.01 0.89 0.02 -0.07 0.09
255 0.8558 0.7749 0 0.0000 8.953 -9.02 0.88 0.02 -0.07 0.09
256 0.7616 0.7711 0 0.0000 8.962 -9.03 0.88 0.02 -0.07 0.09
257 0.8039 0.7529 0 0.0000 8.971 -9.04 0.88 0.02 -0.07 0.09
258 0.7867 0.7533 0 0.0000 8.977 -9.05 0.88 0.02 -0.07 0.09
259 0.7576 0.7674 0 0.0000 8.981 -9.05 0.88 0.02 -0.07 0.09
260 0.7885 0.7896 0 0.0000 8.981 -9.05 0.88 0.02 -0.07 0.09
261 0.8325 0.8290 0 0.0000 8.979 -9.05 0.88 0.02 -0.07 0.09
262 0.8006 0.8325 0 0.0000 8.973 -9.05 0.88 0.02 -0.07 0.09
263 0.7777 0.8172 0 0.0000 8.966 -9.04 0.88 0.02 -0.07 0.09
264 0.6756 0.7549 0 0.0000 8.958 -9.03 0.88 0.02 -0.07 0.09
265 0.7699 0.7933 0 0.0000 8.950 -9.02 0.88 0.02 -0.07 0.09
266 0.8175 0.8178 0 0.0000 8.942 -9.01 0.88 0.02 -0.07 0.09
267 0.7210 0.8078 0 0.0000 8.934 -9.01 0.88 0.02 -0.07 0.09
268 0.8137 0.8427 0 0.0000 8.927 -9.00 0.88 0.02 -0.07 0.09
269 0.8440 0.8570 0 0.0000 8.921 -8.99 0.88 0.02 -0.07 0.09
270 0.7751 0.8527 0 0.0000 8.915 -8.99 0.88 0.02 -0.07 0.09
271 0.8038 0.8488 0 0.0000 8.911 -8.98 0.88 0.02 -0.07 0.09
272 0.8464 0.8263 0 0.0000 8.908 -8.98 0.87 0.02 -0.07 0.09
273 1.0067 0.8533 0 0.0000 8.907 -8.98 0.87 0.03 -0.06 0.09
274 0.8170 0.8529 0 0.0000 8.905 -8.98 0.87 0.03 -0.06 0.09
275 0.8373 0.8798 0 0.0000 8.905 -8.98 0.87 0.03 -0.06 0.09
276 0.8060 0.8766 0 0.0000 8.907 -8.98 0.87 0.03 -0.06 0.09
277 0.8201 0.8895 0 0.0000 8.912 -8.98 0.87 0.03 -0.06 0.09
278 0.7708 0.8743 0 0.0000 8.919 -8.99 0.87 0.03 -0.06 0.09
279 0.7752 0.8754 0 0.0000 8.928 -9.00 0.87 0.03 -0.06 0.09
280 1.0441 0.9121 0 0.0000 8.936 -9.01 0.86 0.03 -0.06 0.09
281 1.0187 0.9264 0 0.0000 8.942 -9.02 0.86 0.03 -0.06 0.09
282 0.9619 0.9253 0 0.0000 8.944 -9.02 0.86 0.03 -0.06 0.09
283 0.7518 0.8311 0 0.0000 8.945 -9.02 0.86 0.03 -0.06 0.09
284 0.7156 0.8289 0 0.0000 8.947 -9.02 0.86 0.03 -0.06 0.09
285 0.8649 0.8582 0 0.0000 8.950 -9.02 0.86 0.03 -0.06 0.09
286 0.8216 0.8435 0 0.0000 8.951 -9.03 0.86 0.03 -0.06 0.09
287 0.7711 0.8247 0 0.0000 8.953 -9.03 0.86 0.03 -0.06 0.09
288 0.8789 0.8410 0 0.0000 8.954 -9.03 0.86 0.03 -0.06 0.09
289 0.7591 0.8418 0 0.0000 8.955 -9.03 0.86 0.03 -0.06 0.09
290 0.8427 0.8396 0 0.0000 8.957 -9.03 0.86 0.03 -0.06 0.09
291 0.7644 0.8140 0 0.0000 8.959 -9.03 0.86 0.03 -0.06 0.10
292 0.8331 0.8651 0 0.0000 8.960 -9.04 0.86 0.03 -0.06 0.10
293 0.8447 0.8761 0 0.0000 8.962 -9.04 0.86 0.03 -0.06 0.10
294 0.7823 0.8213 0 0.0000 8.962 -9.04 0.86 0.03 -0.06 0.10
295 0.7931 0.8232 0 0.0000 8.963 -9.04 0.86 0.03 -0.06 0.10
296 0.8490 0.8719 0 0.0000 8.964 -9.04 0.86 0.03 -0.06 0.10
297 0.7745 0.8325 0 0.0000 8.964 -9.04 0.86 0.03 -0.06 0.10
298 0.8597 0.8782 0 0.0000 8.963 -9.04 0.86 0.03 -0.06 0.10
299 0.7716 0.8486 0 0.0000 8.962 -9.04 0.86 0.03 -0.06 0.10
300 0.8261 0.8747 0 0.0000 8.960 -9.04 0.86 0.03 -0.06 0.10
301 0.7602 0.8329 0 0.0000 8.958 -9.03 0.85 0.03 -0.06 0.10
302 0.8732 0.8982 0 0.0000 8.956 -9.03 0.85 0.03 -0.06 0.10
303 0.7301 0.8294 0 0.0000 8.953 -9.03 0.85 0.03 -0.06 0.10
304 0.9230 0.8956 0 0.0000 8.951 -9.03 0.85 0.03 -0.06 0.10
305 0.7489 0.8306 0 0.0000 8.947 -9.02 0.85 0.04 -0.06 0.10
306 0.9036 0.8952 0 0.0000 8.944 -9.02 0.85 0.03 -0.06 0.10
307 0.7773 0.8595 0 0.0000 8.941 -9.02 0.85 0.03 -0.06 0.10
308 0.8848 0.8774 0 0.0000 8.938 -9.01 0.85 0.03 -0.06 0.10
309 0.7793 0.8786 0 0.0000 8.935 -9.01 0.85 0.04 -0.06 0.10
310 0.8223 0.8653 0 0.0000 8.934 -9.01 0.85 0.04 -0.06 0.10
311 0.8054 0.8624 0 0.0000 8.934 -9.01 0.85 0.04 -0.06 0.10
312 0.8198 0.8512 0 0.0000 8.935 -9.01 0.85 0.04 -0.06 0.10
313 0.7950 0.8344 0 0.0000 8.937 -9.01 0.85 0.04 -0.06 0.10
314 0.8497 0.8338 0 0.0000 8.941 -9.02 0.85 0.04 -0.06 0.10
315 0.8366 0.8163 0 0.0000 8.945 -9.02 0.84 0.04 -0.06 0.10
316 0.7641 0.8070 0 0.0000 8.949 -9.02 0.84 0.04 -0.06 0.10
317 0.8070 0.8100 0 0.0000 8.954 -9.03 0.84 0.04 -0.06 0.10
318 0.7972 0.8370 0 0.0000 8.959 -9.04 0.84 0.04 -0.06 0.10
319 0.8377 0.8542 0 0.0000 8.964 -9.04 0.84 0.03 -0.06 0.10
320 0.7745 0.7995 0 0.0000 8.969 -9.04 0.84 0.04 -0.06 0.10
321 0.9160 0.8639 0 0.0000 8.973 -9.05 0.84 0.04 -0.06 0.10
322 0.7440 0.7681 0 0.0000 8.976 -9.05 0.84 0.04 -0.06 0.10
323 0.8690 0.7976 0 0.0000 8.980 -9.06 0.84 0.04 -0.06 0.10
324 0.8268 0.8066 0 0.0000 8.982 -9.06 0.84 0.04 -0.06 0.10
325 0.8062 0.8029 0 0.0000 8.983 -9.06 0.84 0.04 -0.06 0.10
326 0.7588 0.8031 0 0.0000 8.982 -9.06 0.84 0.04 -0.06 0.10
327 0.7085 0.7884 0 0.0000 8.981 -9.06 0.83 0.04 -0.06 0.10
328 0.7355 0.7679 0 0.0000 8.979 -9.06 0.83 0.04 -0.06 0.10
329 0.7398 0.7691 0 0.0000 8.976 -9.05 0.83 0.04 -0.06 0.10
330 0.7249 0.7858 0 0.0000 8.972 -9.05 0.83 0.04 -0.06 0.10
331 0.7548 0.7868 0 0.0000 8.968 -9.05 0.83 0.04 -0.06 0.10
332 0.7071 0.7561 0 0.0000 8.964 -9.04 0.83 0.04 -0.06 0.10
333 0.8332 0.8166 0 0.0000 8.960 -9.04 0.83 0.04 -0.06 0.10
334 0.7555 0.7937 0 0.0000 8.956 -9.03 0.83 0.04 -0.06 0.10
335 0.7745 0.7909 0 0.0000 8.953 -9.03 0.83 0.04 -0.06 0.10
336 0.8000 0.7932 0 0.0000 8.951 -9.03 0.83 0.04 -0.06 0.10
337 0.7813 0.8256 0 0.0000 8.950 -9.03 0.83 0.04 -0.06 0.10
338 0.8364 0.8245 0 0.0000 8.950 -9.03 0.83 0.04 -0.06 0.10
339 0.8287 0.8099 0 0.0000 8.951 -9.03 0.83 0.04 -0.06 0.10
340 0.7927 0.7867 0 0.0000 8.954 -9.03 0.83 0.04 -0.06 0.10
341 0.7916 0.7694 0 0.0000 8.957 -9.03 0.83 0.04 -0.06 0.10
342 0.7857 0.7636 0 0.0000 8.960 -9.04 0.83 0.04 -0.06 0.10
343 0.8179 0.7543 0 0.0000 8.963 -9.04 0.83 0.04 -0.06 0.10
344 0.8233 0.7630 0 0.0000 8.965 -9.04 0.83 0.04 -0.06 0.10
345 0.7954 0.7598 0 0.0000 8.967 -9.04 0.83 0.04 -0.06 0.10
346 0.8327 0.7825 0 0.0000 8.968 -9.04 0.83 0.04 -0.06 0.10
347 0.7638 0.7613 0 0.0000 8.968 -9.04 0.83 0.04 -0.06 0.10
348 0.8866 0.7860 0 0.0000 8.967 -9.04 0.83 0.04 -0.06 0.10
349 0.7749 0.7661 0 0.0000 8.966 -9.04 0.83 0.04 -0.06 0.10
350 0.8710 0.7966 0 0.0000 8.963 -9.04 0.83 0.05 -0.06 0.10
351 0.8148 0.8217 0 0.0000 8.960 -9.04 0.83 0.05 -0.06 0.11
352 0.7692 0.8068 0 0.0000 8.956 -9.03 0.83 0.05 -0.06 0.11
353 0.7985 0.7997 0 0.0000 8.952 -9.03 0.83 0.05 -0.06 0.10
354 0.8721 0.7875 0 0.0000 8.949 -9.03 0.83 0.05 -0.06 0.11
355 0.8079 0.7926 0 0.0000 8.946 -9.02 0.83 0.05 -0.06 0.11
356 0.7867 0.7985 0 0.0000 8.944 -9.02 0.82 0.05 -0.06 0.11
357 0.8170 0.7908 0 0.0000 8.943 -9.02 0.82 0.05 -0.06 0.11
358 0.7606 0.8066 0 0.0000 8.942 -9.02 0.82 0.05 -0.06 0.11
359 0.7673 0.7844 0 0.0000 8.943 -9.02 0.82 0.05 -0.06 0.11
360 0.8591 0.8111 0 0.0000 8.944 -9.02 0.82 0.05 -0.06 0.11
361 0.7915 0.7814 0 0.0000 8.946 -9.02 0.82 0.05 -0.06 0.11
362 0.7658 0.7633 0 0.0000 8.947 -9.02 0.82 0.05 -0.06 0.11
363 0.8987 0.7863 0 0.0000 8.949 -9.03 0.82 0.05 -0.06 0.11
364 0.7773 0.7473 0 0.0000 8.951 -9.03 0.82 0.05 -0.06 0.11
365 0.8540 0.7692 0 0.0000 8.952 -9.03 0.82 0.05 -0.06 0.11
366 0.8073 0.7478 0 0.0000 8.953 -9.03 0.82 0.05 -0.06 0.11
367 0.8013 0.7472 0 0.0000 8.954 -9.03 0.82 0.05 -0.06 0.11
368 0.7536 0.7346 0 0.0000 8.954 -9.03 0.82 0.05 -0.06 0.11
369 0.8956 0.7854 0 0.0000 8.955 -9.03 0.82 0.05 -0.06 0.11
370 0.7274 0.7084 0 0.0000 8.955 -9.03 0.82 0.05 -0.06 0.11
371 0.8613 0.7870 0 0.0000 8.955 -9.03 0.82 0.05 -0.06 0.11
372 0.7899 0.7274 0 0.0000 8.955 -9.03 0.82 0.05 -0.06 0.11
373 0.7583 0.7335 0 0.0000 8.955 -9.03 0.82 0.05 -0.06 0.11
374 0.8559 0.7643 0 0.0000 8.955 -9.03 0.81 0.05 -0.06 0.11
375 0.7569 0.7360 0 0.0000 8.955 -9.03 0.81 0.05 -0.06 0.11
376 0.8559 0.7593 0 0.0000 8.955 -9.03 0.81 0.05 -0.06 0.11
377 0.7384 0.7472 0 0.0000 8.954 -9.03 0.81 0.05 -0.06 0.11
378 0.9336 0.8310 0 0.0000 8.954 -9.03 0.81 0.05 -0.06 0.11
379 0.7452 0.7674 0 0.0000 8.954 -9.03 0.81 0.05 -0.06 0.11
380 0.8940 0.8257 0 0.0000 8.953 -9.03 0.81 0.05 -0.06 0.11
381 0.7627 0.7702 0 0.0000 8.952 -9.03 0.81 0.05 -0.06 0.11
382 0.8294 0.8083 0 0.0000 8.950 -9.03 0.81 0.05 -0.06 0.11
383 0.7760 0.7906 0 0.0000 8.948 -9.03 0.81 0.05 -0.06 0.11
384 0.7678 0.7936 0 0.0000 8.947 -9.03 0.81 0.05 -0.06 0.11
385 0.8999 0.8310 0 0.0000 8.946 -9.02 0.81 0.05 -0.06 0.11
386 0.7164 0.8092 0 0.0000 8.946 -9.02 0.81 0.05 -0.06 0.11
387 0.7977 0.8051 0 0.0000 8.946 -9.02 0.81 0.05 -0.06 0.11
388 0.8070 0.7736 0 0.0000 8.947 -9.03 0.81 0.05 -0.06 0.11
389 0.7895 0.7804 0 0.0000 8.948 -9.03 0.81 0.06 -0.06 0.11
390 0.7654 0.7721 0 0.0000 8.949 -9.03 0.81 0.06 -0.06 0.11
391 0.7805 0.7801 0 0.0000 8.950 -9.03 0.81 0.06 -0.06 0.11
392 0.7758 0.7717 0 0.0000 8.951 -9.03 0.81 0.06 -0.06 0.11
393 0.6810 0.7460 0 0.0000 8.951 -9.03 0.81 0.06 -0.06 0.11
394 0.7958 0.8082 0 0.0000 8.952 -9.03 0.81 0.06 -0.06 0.11
395 0.7675 0.7711 0 0.0000 8.952 -9.03 0.81 0.06 -0.06 0.11
396 0.7861 0.8003 0 0.0000 8.953 -9.03 0.81 0.06 -0.06 0.11
397 0.8104 0.8098 0 0.0000 8.953 -9.03 0.81 0.06 -0.06 0.11
398 0.7058 0.7702 0 0.0000 8.953 -9.03 0.81 0.06 -0.06 0.11
399 0.8696 0.8075 0 0.0000 8.954 -9.03 0.81 0.06 -0.06 0.11
400 0.6667 0.7505 0 0.0000 8.953 -9.03 0.80 0.06 -0.06 0.11
401 0.6810 0.7747 0 0.0000 8.954 -9.03 0.80 0.06 -0.06 0.11
402 0.8121 0.8051 0 0.0000 8.955 -9.04 0.80 0.06 -0.06 0.11
403 0.6911 0.7882 0 0.0000 8.957 -9.04 0.80 0.06 -0.06 0.11
404 0.8144 0.7953 0 0.0000 8.960 -9.04 0.80 0.06 -0.06 0.12
405 0.8650 0.7551 0 0.0000 8.962 -9.04 0.80 0.06 -0.06 0.11
406 0.7463 0.7747 0 0.0000 8.963 -9.04 0.80 0.06 -0.06 0.12
407 0.8575 0.8159 0 0.0000 8.966 -9.05 0.80 0.06 -0.06 0.12
408 0.7611 0.7977 0 0.0000 8.968 -9.05 0.80 0.06 -0.06 0.12
409 0.7983 0.8181 0 0.0000 8.970 -9.05 0.80 0.06 -0.06 0.11
410 0.8120 0.8099 0 0.0000 8.973 -9.05 0.80 0.06 -0.06 0.12
411 0.8612 0.8202 0 0.0000 8.975 -9.06 0.80 0.06 -0.06 0.12
412 0.9158 0.8455 0 0.0000 8.975 -9.06 0.80 0.06 -0.06 0.12
413 0.7481 0.7735 0 0.0000 8.973 -9.05 0.80 0.06 -0.06 0.12
414 0.8023 0.8032 0 0.0000 8.971 -9.05 0.80 0.06 -0.06 0.12
415 0.7339 0.7926 0 0.0000 8.969 -9.05 0.80 0.06 -0.06 0.12
416 0.8170 0.8269 0 0.0000 8.968 -9.05 0.80 0.06 -0.06 0.12
417 0.7242 0.7812 0 0.0000 8.966 -9.05 0.80 0.06 -0.06 0.12
418 0.7954 0.7981 0 0.0000 8.966 -9.05 0.79 0.06 -0.06 0.12
419 0.8544 0.8029 0 0.0000 8.966 -9.05 0.79 0.06 -0.06 0.12
420 0.7602 0.7747 0 0.0000 8.966 -9.05 0.79 0.06 -0.06 0.12
421 0.8625 0.8164 0 0.0000 8.967 -9.05 0.79 0.06 -0.06 0.12
422 0.7288 0.7924 0 0.0000 8.968 -9.05 0.79 0.06 -0.06 0.12
423 0.8137 0.8102 0 0.0000 8.969 -9.05 0.79 0.06 -0.06 0.12
424 0.8560 0.8556 0 0.0000 8.971 -9.05 0.79 0.06 -0.06 0.11
425 0.7876 0.8019 0 0.0000 8.973 -9.05 0.79 0.06 -0.06 0.11
426 0.9120 0.8263 0 0.0000 8.975 -9.06 0.79 0.06 -0.05 0.11
427 0.8028 0.7781 0 0.0000 8.977 -9.06 0.79 0.06 -0.05 0.11
428 0.8303 0.7707 0 0.0000 8.979 -9.06 0.79 0.06 -0.05 0.12
429 0.8172 0.7569 0 0.0000 8.982 -9.06 0.79 0.06 -0.05 0.12
430 0.7664 0.7277 0 0.0000 8.985 -9.07 0.79 0.06 -0.05 0.11
431 0.8377 0.7347 0 0.0000 8.988 -9.07 0.79 0.06 -0.05 0.11
432 0.7137 0.7290 0 0.0000 8.991 -9.07 0.78 0.06 -0.05 0.11
433 0.7711 0.7776 0 0.0000 8.994 -9.08 0.78 0.06 -0.05 0.11
434 0.7770 0.8104 0 0.0000 8.997 -9.08 0.78 0.06 -0.05 0.11
435 0.8034 0.8108 0 0.0000 8.998 -9.08 0.78 0.06 -0.05 0.11
436 0.7238 0.7599 0 0.0000 8.999 -9.08 0.78 0.06 -0.05 0.12
437 0.7349 0.7789 0 0.0000 8.999 -9.08 0.78 0.06 -0.05 0.12
438 0.7384 0.7802 0 0.0000 8.999 -9.08 0.78 0.06 -0.05 0.12
439 0.7516 0.7771 0 0.0000 9.000 -9.08 0.78 0.06 -0.05 0.11
440 0.7212 0.7455 0 0.0000 9.000 -9.08 0.78 0.06 -0.05 0.12
441 0.7316 0.7295 0 0.0000 9.000 -9.08 0.78 0.06 -0.05 0.12
442 0.7066 0.7260 0 0.0000 8.999 -9.08 0.78 0.06 -0.05 0.12
443 0.7199 0.7129 0 0.0000 8.998 -9.08 0.78 0.06 -0.05 0.12
444 0.7209 0.7314 0 0.0000 8.997 -9.08 0.78 0.06 -0.05 0.12
445 0.7499 0.7223 0 0.0000 8.997 -9.08 0.78 0.06 -0.05 0.12
446 0.7252 0.7369 0 0.0000 8.996 -9.08 0.78 0.06 -0.05 0.12
447 0.7395 0.7185 0 0.0000 8.995 -9.08 0.78 0.06 -0.05 0.12
448 0.7139 0.7301 0 0.0000 8.994 -9.08 0.78 0.06 -0.05 0.12
449 0.7686 0.7435 0 0.0000 8.993 -9.08 0.78 0.06 -0.05 0.12
450 0.6948 0.7409 0 0.0000 8.993 -9.07 0.78 0.06 -0.05 0.12
451 0.8512 0.7508 0 0.0000 8.992 -9.07 0.78 0.06 -0.05 0.12
452 0.7441 0.7665 0 0.0000 8.991 -9.07 0.77 0.06 -0.05 0.12
453 0.6846 0.7565 0 0.0000 8.990 -9.07 0.77 0.06 -0.05 0.12
454 0.8501 0.8002 0 0.0000 8.990 -9.07 0.77 0.06 -0.05 0.12
455 0.7334 0.7629 0 0.0000 8.991 -9.07 0.77 0.06 -0.05 0.12
456 0.8282 0.8009 0 0.0000 8.991 -9.07 0.77 0.06 -0.05 0.12
457 0.7494 0.7557 0 0.0000 8.992 -9.07 0.77 0.06 -0.05 0.12
458 0.8716 0.7977 0 0.0000 8.992 -9.08 0.77 0.06 -0.05 0.12
459 0.7713 0.7510 0 0.0000 8.993 -9.08 0.77 0.06 -0.05 0.12
460 0.7545 0.7360 0 0.0000 8.993 -9.08 0.77 0.06 -0.05 0.12
461 0.8334 0.7724 0 0.0000 8.994 -9.08 0.77 0.06 -0.05 0.12
462 0.7278 0.7542 0 0.0000 8.994 -9.08 0.77 0.06 -0.05 0.12
463 0.8176 0.7871 0 0.0000 8.995 -9.08 0.77 0.06 -0.05 0.12
464 0.7170 0.7581 0 0.0000 8.996 -9.08 0.77 0.06 -0.05 0.12
465 0.7994 0.7961 0 0.0000 8.997 -9.08 0.76 0.06 -0.05 0.12
466 0.7517 0.7998 0 0.0000 8.998 -9.08 0.76 0.06 -0.05 0.12
467 0.7361 0.7872 0 0.0000 8.999 -9.08 0.76 0.06 -0.05 0.12
468 0.7766 0.7912 0 0.0000 9.000 -9.09 0.76 0.06 -0.05 0.12
469 0.7435 0.7826 0 0.0000 9.001 -9.09 0.76 0.07 -0.05 0.12
470 0.7821 0.8112 0 0.0000 9.002 -9.09 0.76 0.07 -0.05 0.12
471 0.7570 0.8039 0 0.0000 9.002 -9.09 0.76 0.07 -0.05 0.12
472 0.7467 0.8065 0 0.0000 9.002 -9.09 0.76 0.07 -0.05 0.12
473 0.7786 0.8146 0 0.0000 9.002 -9.09 0.76 0.07 -0.05 0.12
474 0.7401 0.8074 0 0.0000 9.001 -9.09 0.76 0.07 -0.05 0.12
475 0.8337 0.8367 0 0.0000 8.999 -9.09 0.76 0.07 -0.05 0.12
476 0.8384 0.8429 0 0.0000 8.998 -9.08 0.76 0.07 -0.05 0.12
477 0.8177 0.8079 0 0.0000 8.996 -9.08 0.76 0.07 -0.05 0.12
478 0.7187 0.8055 0 0.0000 8.994 -9.08 0.76 0.07 -0.05 0.12
479 0.9267 0.8223 0 0.0000 8.994 -9.08 0.76 0.07 -0.05 0.12
480 0.8641 0.8595 0 0.0000 8.992 -9.08 0.76 0.07 -0.05 0.12
481 0.7361 0.8285 0 0.0000 8.991 -9.08 0.76 0.07 -0.05 0.12
482 0.9244 0.8623 0 0.0000 8.990 -9.08 0.76 0.07 -0.05 0.12
483 0.8656 0.8344 0 0.0000 8.989 -9.08 0.76 0.07 -0.05 0.12
484 0.7359 0.7970 0 0.0000 8.988 -9.08 0.76 0.07 -0.05 0.12
485 0.7655 0.8146 0 0.0000 8.989 -9.08 0.76 0.07 -0.05 0.12
486 0.7832 0.8268 0 0.0000 8.991 -9.08 0.76 0.07 -0.05 0.12
487 0.8544 0.8458 0 0.0000 8.993 -9.08 0.76 0.07 -0.05 0.12
488 0.7599 0.8181 0 0.0000 8.997 -9.08 0.76 0.07 -0.05 0.12
489 0.7645 0.8039 0 0.0000 9.000 -9.09 0.76 0.07 -0.05 0.12
490 0.8659 0.8348 0 0.0000 9.005 -9.09 0.76 0.07 -0.05 0.12
491 0.7959 0.8061 0 0.0000 9.008 -9.10 0.76 0.07 -0.05 0.12
492 0.7877 0.7684 0 0.0000 9.011 -9.10 0.76 0.07 -0.05 0.12
493 0.7785 0.7463 0 0.0000 9.014 -9.10 0.75 0.07 -0.05 0.12
494 0.7106 0.7293 0 0.0000 9.017 -9.11 0.75 0.07 -0.05 0.12
495 0.7573 0.7401 0 0.0000 9.021 -9.11 0.75 0.07 -0.05 0.12
496 0.6745 0.7188 0 0.0000 9.024 -9.11 0.75 0.07 -0.05 0.12
497 0.6803 0.7015 0 0.0000 9.026 -9.12 0.75 0.07 -0.05 0.12
498 0.6296 0.6700 0 0.0000 9.029 -9.12 0.75 0.07 -0.05 0.12
499 0.7432 0.7384 0 0.0000 9.032 -9.12 0.75 0.07 -0.05 0.12
500 0.8719 0.7294 0 0.0000 9.034 -9.12 0.75 0.07 -0.05 0.12
501 0.7317 0.7151 0 0.0000 9.033 -9.12 0.75 0.07 -0.05 0.12
502 0.7321 0.7283 0 0.0000 9.031 -9.12 0.75 0.07 -0.05 0.12
503 0.6364 0.7022 0 0.0000 9.029 -9.12 0.75 0.07 -0.05 0.12
504 0.6387 0.7069 0 0.0000 9.027 -9.12 0.75 0.07 -0.05 0.12
505 0.7027 0.7153 0 0.0000 9.026 -9.11 0.75 0.07 -0.05 0.12
506 0.6472 0.7154 0 0.0000 9.025 -9.11 0.75 0.07 -0.05 0.12
507 0.6502 0.6941 0 0.0000 9.024 -9.11 0.75 0.07 -0.05 0.12
508 0.7125 0.7029 0 0.0000 9.024 -9.11 0.75 0.07 -0.05 0.12
509 0.7129 0.6834 0 0.0000 9.023 -9.11 0.75 0.07 -0.05 0.12
510 0.7304 0.6921 0 0.0000 9.022 -9.11 0.75 0.07 -0.05 0.12
511 0.7093 0.6773 0 0.0000 9.020 -9.11 0.75 0.07 -0.05 0.12
512 0.7131 0.6810 0 0.0000 9.019 -9.11 0.75 0.07 -0.05 0.12
513 0.7286 0.7177 0 0.0000 9.017 -9.11 0.75 0.07 -0.05 0.12
514 0.7352 0.7114 0 0.0000 9.016 -9.10 0.75 0.07 -0.05 0.12
515 0.7821 0.7342 0 0.0000 9.015 -9.10 0.75 0.07 -0.05 0.12
516 0.7334 0.7290 0 0.0000 9.014 -9.10 0.75 0.07 -0.05 0.12
517 0.7063 0.7279 0 0.0000 9.013 -9.10 0.75 0.07 -0.05 0.12
518 0.7414 0.7018 0 0.0000 9.013 -9.10 0.75 0.07 -0.05 0.12
519 0.7228 0.7168 0 0.0000 9.013 -9.10 0.75 0.07 -0.05 0.12
520 0.7142 0.6988 0 0.0000 9.014 -9.10 0.75 0.07 -0.05 0.12
521 0.7259 0.6725 0 0.0000 9.015 -9.10 0.75 0.07 -0.05 0.12
522 0.7362 0.7017 0 0.0000 9.017 -9.11 0.75 0.07 -0.05 0.12
523 0.7394 0.7006 0 0.0000 9.018 -9.11 0.75 0.07 -0.05 0.12
524 0.7553 0.6955 0 0.0000 9.020 -9.11 0.75 0.07 -0.05 0.12
525 0.6625 0.6321 0 0.0000 9.021 -9.11 0.75 0.07 -0.05 0.12
526 0.8228 0.6794 0 0.0000 9.023 -9.11 0.75 0.07 -0.05 0.12
527 0.7679 0.6750 0 0.0000 9.022 -9.11 0.75 0.07 -0.05 0.12
528 0.6670 0.6740 0 0.0000 9.021 -9.11 0.75 0.07 -0.05 0.12
529 0.7066 0.7022 0 0.0000 9.020 -9.11 0.75 0.07 -0.05 0.12
530 0.7047 0.7172 0 0.0000 9.019 -9.11 0.75 0.07 -0.05 0.12
531 0.7154 0.7252 0 0.0000 9.018 -9.11 0.75 0.07 -0.05 0.12
532 0.7882 0.7801 0 0.0000 9.016 -9.10 0.75 0.07 -0.05 0.12
533 0.7919 0.7608 0 0.0000 9.013 -9.10 0.75 0.07 -0.05 0.12
534 0.6639 0.7231 0 0.0000 9.010 -9.10 0.75 0.07 -0.05 0.12
535 0.7211 0.7272 0 0.0000 9.007 -9.10 0.75 0.07 -0.05 0.12
536 0.7094 0.7215 0 0.0000 9.004 -9.09 0.75 0.07 -0.05 0.12
537 0.7158 0.7334 0 0.0000 9.002 -9.09 0.75 0.07 -0.05 0.12
538 0.6929 0.7294 0 0.0000 9.000 -9.09 0.75 0.07 -0.05 0.12
539 0.7630 0.7486 0 0.0000 8.999 -9.09 0.75 0.07 -0.05 0.12
540 0.6796 0.7412 0 0.0000 8.997 -9.09 0.75 0.07 -0.05 0.12
541 0.7252 0.7413 0 0.0000 8.996 -9.08 0.75 0.07 -0.05 0.12
542 0.6836 0.7241 0 0.0000 8.995 -9.08 0.75 0.07 -0.05 0.13
543 0.7360 0.7265 0 0.0000 8.994 -9.08 0.75 0.07 -0.05 0.13
544 0.6291 0.7039 0 0.0000 8.994 -9.08 0.75 0.07 -0.05 0.13
545 0.6344 0.6967 0 0.0000 8.995 -9.08 0.75 0.07 -0.05 0.13
546 0.7310 0.7017 0 0.0000 8.997 -9.09 0.75 0.07 -0.05 0.12
547 0.6138 0.6659 0 0.0000 8.999 -9.09 0.75 0.07 -0.05 0.13
548 0.7519 0.7061 0 0.0000 9.001 -9.09 0.75 0.07 -0.05 0.13
549 0.6879 0.6906 0 0.0000 9.004 -9.09 0.75 0.07 -0.05 0.13
550 0.6146 0.6636 0 0.0000 9.007 -9.10 0.75 0.07 -0.05 0.13
551 0.6693 0.6877 0 0.0000 9.010 -9.10 0.75 0.08 -0.05 0.13
552 0.6353 0.6505 0 0.0000 9.014 -9.10 0.75 0.08 -0.05 0.13
553 0.6181 0.6432 0 0.0000 9.018 -9.11 0.75 0.08 -0.05 0.13
554 0.5740 0.6407 0 0.0000 9.022 -9.11 0.75 0.08 -0.05 0.13
555 0.6351 0.6576 0 0.0000 9.026 -9.12 0.75 0.08 -0.05 0.13
556 0.7758 0.5576 0 0.0000 9.030 -9.12 0.75 0.08 -0.05 0.13
557 0.7663 0.6299 0 0.0000 9.032 -9.12 0.75 0.08 -0.05 0.13
558 0.4990 0.5971 0 0.0000 9.033 -9.12 0.75 0.08 -0.05 0.13
559 0.6451 0.6276 0 0.0000 9.035 -9.12 0.75 0.08 -0.05 0.13
560 0.6336 0.5987 0 0.0000 9.038 -9.13 0.75 0.08 -0.05 0.13
561 0.6319 0.5843 0 0.0000 9.040 -9.13 0.75 0.08 -0.05 0.13
562 0.6408 0.6109 0 0.0000 9.043 -9.13 0.75 0.08 -0.05 0.13
563 0.7240 0.6258 0 0.0000 9.044 -9.13 0.75 0.08 -0.05 0.13
564 0.6488 0.6188 0 0.0000 9.045 -9.13 0.75 0.08 -0.05 0.13
565 0.6333 0.6383 0 0.0000 9.045 -9.14 0.75 0.08 -0.05 0.13
566 0.6510 0.6426 0 0.0000 9.045 -9.13 0.75 0.08 -0.05 0.13
567 0.5638 0.6263 0 0.0000 9.044 -9.13 0.75 0.08 -0.05 0.13
568 0.6688 0.6504 0 0.0000 9.042 -9.13 0.75 0.08 -0.05 0.13
569 0.6698 0.6785 0 0.0000 9.040 -9.13 0.75 0.08 -0.05 0.13
570 0.6788 0.6811 0 0.0000 9.035 -9.12 0.75 0.08 -0.05 0.13
571 0.6971 0.6793 0 0.0000 9.029 -9.12 0.75 0.08 -0.05 0.13
572 0.5983 0.6485 0 0.0000 9.022 -9.11 0.75 0.08 -0.05 0.13
573 0.6451 0.6551 0 0.0000 9.015 -9.10 0.75 0.08 -0.05 0.13
574 0.6632 0.6467 0 0.0000 9.008 -9.10 0.75 0.08 -0.05 0.13
575 0.6247 0.6528 0 0.0000 9.000 -9.09 0.75 0.08 -0.05 0.13
576 0.6351 0.6455 0 0.0000 8.992 -9.08 0.75 0.08 -0.05 0.13
577 0.6160 0.6490 0 0.0000 8.985 -9.07 0.75 0.08 -0.05 0.13
578 0.6156 0.6341 0 0.0000 8.979 -9.07 0.75 0.08 -0.05 0.13
579 0.7409 0.6659 0 0.0000 8.974 -9.06 0.75 0.08 -0.05 0.13
580 0.5886 0.6454 0 0.0000 8.970 -9.06 0.75 0.08 -0.05 0.13
581 0.6332 0.6470 0 0.0000 8.969 -9.06 0.75 0.08 -0.05 0.13
582 0.6474 0.6582 0 0.0000 8.969 -9.06 0.75 0.08 -0.05 0.13
583 0.7846 0.7063 0 0.0000 8.971 -9.06 0.75 0.08 -0.05 0.13
584 0.5988 0.6471 0 0.0000 8.974 -9.06 0.75 0.08 -0.05 0.13
585 0.7321 0.6811 0 0.0000 8.978 -9.07 0.75 0.08 -0.05 0.13
586 0.6909 0.6571 0 0.0000 8.982 -9.07 0.75 0.08 -0.05 0.13
587 0.7112 0.6625 0 0.0000 8.988 -9.08 0.75 0.08 -0.05 0.13
588 0.7621 0.6117 0 0.0000 8.995 -9.08 0.75 0.08 -0.05 0.13
589 0.6555 0.6248 0 0.0000 9.003 -9.09 0.75 0.08 -0.05 0.13
590 0.7942 0.6652 0 0.0000 9.011 -9.10 0.75 0.08 -0.05 0.13
591 0.6785 0.6473 0 0.0000 9.019 -9.11 0.74 0.08 -0.05 0.13
592 0.6845 0.6833 0 0.0000 9.028 -9.12 0.74 0.08 -0.05 0.13
593 0.6721 0.7162 0 0.0000 9.036 -9.13 0.74 0.08 -0.05 0.13
594 0.8086 0.5616 0 0.0000 9.042 -9.13 0.74 0.08 -0.05 0.12
595 0.7365 0.6458 0 0.0000 9.044 -9.13 0.74 0.08 -0.05 0.12
596 0.5312 0.6046 0 0.0000 9.045 -9.13 0.74 0.08 -0.05 0.13
597 0.5134 0.6233 0 0.0000 9.045 -9.14 0.74 0.08 -0.05 0.13
598 0.6696 0.6472 0 0.0000 9.046 -9.14 0.74 0.08 -0.05 0.13
599 0.6296 0.6707 0 0.0000 9.045 -9.14 0.74 0.08 -0.05 0.13
