# step wm_danger det_logit danger fire dist_t dx dy yaw tbrg offaxis
0 0.2845 0.3821 0 0.0000 1.000 6.00 6.00 2.18 0.00 2.18
1 -0.4728 0.5285 0 0.0000 12.042 -0.23 -11.86 1.57 1.57 0.00
2 -0.0441 0.6551 0 0.0000 12.042 -0.23 -11.86 1.56 1.57 0.01
3 0.0308 0.7417 0 0.0000 12.035 -0.24 -11.86 1.55 1.57 0.02
4 -0.0750 0.6016 0 0.0000 12.017 -0.26 -11.84 1.55 1.57 0.02
5 -0.0710 0.5891 0 0.0000 11.984 -0.29 -11.80 1.54 1.57 0.03
6 -0.2077 0.4943 0 0.0000 11.936 -0.32 -11.75 1.53 1.56 0.03
7 -0.4069 0.4125 0 0.0000 11.877 -0.37 -11.69 1.53 1.56 0.03
8 -0.5181 0.3503 0 0.0000 11.806 -0.41 -11.62 1.53 1.56 0.03
9 -0.5839 0.3452 0 0.0000 11.727 -0.47 -11.54 1.53 1.55 0.03
10 -0.7969 0.2756 0 0.0000 11.642 -0.52 -11.46 1.52 1.55 0.02
11 -1.0880 0.1933 0 0.0000 11.553 -0.58 -11.36 1.52 1.54 0.02
12 -1.4473 0.0690 0 0.0000 11.460 -0.64 -11.27 1.53 1.53 0.01
13 -1.8233 -0.1244 0 0.0000 11.366 -0.71 -11.17 1.52 1.53 0.01
14 -2.0226 -0.1965 0 0.0000 11.270 -0.78 -11.07 1.52 1.52 0.00
15 -2.2073 -0.2378 0 0.0000 11.174 -0.84 -10.97 1.52 1.52 0.00
16 -2.4015 -0.2619 0 0.0000 11.079 -0.91 -10.87 1.52 1.51 0.01
17 -2.6039 -0.3219 0 0.0000 10.985 -0.97 -10.77 1.51 1.50 0.01
18 -2.8028 -0.4116 0 0.0000 10.891 -1.03 -10.67 1.51 1.50 0.02
19 -3.0886 -0.5088 0 0.0000 10.797 -1.09 -10.57 1.51 1.49 0.02
20 -3.3533 -0.5665 0 0.0000 10.705 -1.14 -10.47 1.52 1.49 0.03
21 -3.6077 -0.7438 0 0.0000 10.613 -1.20 -10.38 1.51 1.48 0.03
22 -3.8585 -0.8526 0 0.0000 10.522 -1.27 -10.28 1.51 1.47 0.04
23 -4.2268 -1.0708 0 0.0000 10.431 -1.33 -10.18 1.51 1.47 0.05
24 -4.4509 -1.2016 0 0.0000 10.340 -1.39 -10.08 1.51 1.46 0.06
25 -4.4686 -1.1814 0 0.0000 10.249 -1.46 -9.98 1.51 1.45 0.06
26 -5.1871 -2.3454 0 0.0000 10.158 -1.54 -9.88 1.51 1.44 0.07
27 -5.1122 -2.6294 0 0.0000 10.069 -1.60 -9.78 1.51 1.43 0.08
28 -5.0293 -2.6177 0 0.0000 9.986 -1.66 -9.69 1.50 1.43 0.07
29 -5.1063 -2.6415 0 0.0000 9.917 -1.71 -9.61 1.49 1.42 0.07
30 -5.0976 -2.6391 0 0.0000 9.867 -1.75 -9.55 1.49 1.42 0.08
31 -5.0973 -2.6375 0 0.0000 9.838 -1.78 -9.52 1.49 1.41 0.08
32 -5.1006 -2.6388 0 0.0000 9.828 -1.80 -9.50 1.50 1.41 0.09
33 -5.1007 -2.6365 0 0.0000 9.836 -1.82 -9.51 1.50 1.41 0.09
34 -5.1103 -2.6389 0 0.0000 9.856 -1.84 -9.53 1.50 1.41 0.09
35 -4.9033 -2.5388 0 0.0000 9.887 -1.85 -9.56 1.50 1.41 0.09
36 -5.0545 -2.6135 0 0.0000 9.926 -1.86 -9.59 1.50 1.41 0.10
37 -5.0798 -2.6238 0 0.0000 9.970 -1.86 -9.64 1.50 1.41 0.10
38 -5.0890 -2.6258 0 0.0000 10.017 -1.87 -9.68 1.50 1.41 0.10
39 -5.0946 -2.6338 0 0.0000 10.066 -1.87 -9.73 1.50 1.41 0.10
40 -5.0086 -2.5904 0 0.0000 10.117 -1.88 -9.79 1.50 1.41 0.10
41 -5.0954 -2.6317 0 0.0000 10.169 -1.88 -9.84 1.50 1.41 0.09
42 -4.8283 -2.5123 0 0.0000 10.223 -1.89 -9.89 1.50 1.41 0.09
43 -5.1305 -2.6438 0 0.0000 10.277 -1.89 -9.95 1.50 1.41 0.09
44 -4.8228 -2.5210 0 0.0000 10.332 -1.89 -10.00 1.50 1.41 0.09
45 -5.1042 -2.6312 0 0.0000 10.389 -1.90 -10.06 1.50 1.41 0.09
46 -5.0800 -2.6081 0 0.0000 10.445 -1.90 -10.12 1.50 1.41 0.09
47 -5.0885 -2.6079 0 0.0000 10.503 -1.91 -10.17 1.50 1.41 0.09
48 -5.0942 -2.6147 0 0.0000 10.561 -1.91 -10.23 1.50 1.41 0.09
49 -4.9000 -2.5419 0 0.0000 10.620 -1.92 -10.29 1.50 1.41 0.09
50 -4.8770 -2.5230 0 0.0000 10.678 -1.92 -10.35 1.50 1.41 0.09
51 -5.0802 -2.6047 0 0.0000 10.735 -1.93 -10.41 1.50 1.41 0.09
52 -4.8653 -2.5215 0 0.0000 10.793 -1.93 -10.46 1.50 1.41 0.09
53 -5.0064 -2.5924 0 0.0000 10.851 -1.94 -10.52 1.50 1.41 0.09
54 -5.0098 -2.5986 0 0.0000 10.911 -1.94 -10.58 1.50 1.41 0.09
55 -4.8952 -2.5413 0 0.0000 10.975 -1.95 -10.65 1.50 1.41 0.09
56 -5.0891 -2.6264 0 0.0000 11.041 -1.95 -10.71 1.50 1.41 0.09
57 -4.8078 -2.2277 0 0.0000 11.111 -1.96 -10.78 1.50 1.41 0.09
58 -4.9091 -2.1938 0 0.0000 11.184 -1.97 -10.86 1.50 1.41 0.09
59 -4.7275 -1.9573 0 0.0000 11.259 -1.97 -10.93 1.51 1.42 0.09
60 -4.5097 -1.7637 0 0.0000 11.332 -1.97 -11.01 1.51 1.42 0.09
61 -4.3918 -1.6865 0 0.0000 11.401 -1.97 -11.08 1.51 1.42 0.09
62 -4.5855 -1.8499 0 0.0000 11.461 -1.97 -11.14 1.51 1.42 0.09
63 -4.0141 -1.3868 0 0.0000 11.509 -1.96 -11.19 1.51 1.42 0.09
64 -4.1056 -1.5252 0 0.0000 11.546 -1.95 -11.23 1.51 1.42 0.09
65 -4.1584 -1.5323 0 0.0000 11.564 -1.94 -11.25 1.51 1.42 0.08
66 -4.1755 -1.6009 0 0.0000 11.562 -1.92 -11.25 1.50 1.42 0.08
67 -4.0250 -1.4452 0 0.0000 11.542 -1.91 -11.23 1.50 1.42 0.08
68 -3.9820 -1.3917 0 0.0000 11.504 -1.89 -11.19 1.50 1.43 0.08
69 -4.2123 -1.5893 0 0.0000 11.452 -1.88 -11.14 1.50 1.43 0.08
70 -4.3058 -1.6105 0 0.0000 11.391 -1.86 -11.08 1.51 1.43 0.08
71 -4.5845 -1.7420 0 0.0000 11.322 -1.84 -11.01 1.50 1.43 0.07
72 -4.7457 -1.8025 0 0.0000 11.247 -1.82 -10.94 1.50 1.43 0.07
73 -4.8697 -1.8722 0 0.0000 11.165 -1.80 -10.86 1.50 1.43 0.07
74 -5.0681 -1.9620 0 0.0000 11.078 -1.78 -10.77 1.50 1.43 0.07
75 -5.1307 -2.6612 0 0.0000 10.988 -1.76 -10.69 1.50 1.43 0.07
76 -5.1421 -2.6486 0 0.0000 10.896 -1.73 -10.60 1.50 1.43 0.07
77 -5.0949 -2.6441 0 0.0000 10.816 -1.71 -10.52 1.50 1.43 0.07
78 -5.0833 -2.6449 0 0.0000 10.758 -1.69 -10.46 1.50 1.43 0.07
79 -4.9396 -2.5763 0 0.0000 10.725 -1.68 -10.43 1.50 1.43 0.07
80 -4.9323 -2.5629 0 0.0000 10.715 -1.67 -10.42 1.50 1.44 0.07
81 -4.9743 -2.5810 0 0.0000 10.725 -1.67 -10.43 1.50 1.44 0.06
82 -5.1087 -2.6410 0 0.0000 10.750 -1.67 -10.46 1.50 1.44 0.06
83 -5.0182 -2.6036 0 0.0000 10.786 -1.67 -10.49 1.50 1.44 0.06
84 -5.0903 -2.6474 0 0.0000 10.832 -1.67 -10.54 1.50 1.44 0.06
85 -4.8148 -2.5303 0 0.0000 10.887 -1.67 -10.59 1.50 1.44 0.06
86 -5.0716 -2.6222 0 0.0000 10.949 -1.68 -10.66 1.50 1.44 0.06
87 -5.0653 -2.6249 0 0.0000 11.018 -1.69 -10.73 1.49 1.44 0.06
88 -4.9928 -2.2604 0 0.0000 11.090 -1.69 -10.80 1.49 1.44 0.06
89 -4.7655 -2.0929 0 0.0000 11.165 -1.70 -10.87 1.50 1.44 0.06
90 -3.9232 -1.4650 0 0.0000 11.240 -1.71 -10.95 1.50 1.44 0.06
91 -3.8120 -1.2668 0 0.0000 11.310 -1.71 -11.02 1.50 1.44 0.06
92 -4.0311 -1.4137 0 0.0000 11.364 -1.71 -11.07 1.50 1.44 0.06
93 -3.8461 -1.2672 0 0.0000 11.394 -1.71 -11.10 1.50 1.44 0.06
94 -3.9480 -1.3771 0 0.0000 11.398 -1.69 -11.11 1.50 1.44 0.06
95 -3.8502 -1.3258 0 0.0000 11.379 -1.68 -11.09 1.50 1.44 0.06
96 -3.7408 -1.1843 0 0.0000 11.342 -1.65 -11.06 1.50 1.44 0.06
97 -3.8129 -1.2244 0 0.0000 11.289 -1.63 -11.01 1.50 1.45 0.05
98 -3.5367 -0.9791 0 0.0000 11.224 -1.60 -10.94 1.50 1.45 0.05
99 -3.6500 -0.9604 0 0.0000 11.149 -1.57 -10.87 1.50 1.45 0.05
100 -3.5588 -0.8049 0 0.0000 11.067 -1.54 -10.79 1.50 1.45 0.04
101 -5.3916 -2.5402 0 0.0000 10.981 -1.51 -10.71 1.49 1.45 0.04
102 -2.8088 -0.4008 0 0.0000 10.894 -1.48 -10.62 1.50 1.46 0.04
103 -2.2640 0.0890 0 0.0000 10.816 -1.45 -10.55 1.50 1.46 0.04
104 -4.3648 -0.9827 0 0.0000 10.753 -1.43 -10.49 1.50 1.46 0.04
105 -4.4115 -1.1823 0 0.0000 10.702 -1.41 -10.44 1.49 1.46 0.03
106 -3.8633 -1.0622 0 0.0000 10.655 -1.40 -10.39 1.48 1.46 0.02
107 -3.9697 -1.2012 0 0.0000 10.606 -1.40 -10.34 1.47 1.46 0.01
108 -4.1972 -1.3706 0 0.0000 10.550 -1.41 -10.28 1.47 1.46 0.01
109 -4.4052 -1.5654 0 0.0000 10.487 -1.43 -10.22 1.47 1.46 0.01
110 -3.7493 -0.5914 0 0.0000 10.417 -1.47 -10.14 1.47 1.45 0.02
111 -4.8458 -2.3704 0 0.0000 10.340 -1.50 -10.06 1.47 1.45 0.03
112 -5.3820 -2.5198 0 0.0000 10.259 -1.54 -9.97 1.47 1.44 0.03
113 -5.5069 -2.6282 0 0.0000 10.185 -1.57 -9.90 1.46 1.44 0.02
114 -5.1500 -2.6371 0 0.0000 10.127 -1.60 -9.83 1.46 1.43 0.02
115 -4.8187 -2.5265 0 0.0000 10.091 -1.62 -9.79 1.46 1.43 0.02
116 -5.0972 -2.6403 0 0.0000 10.076 -1.64 -9.77 1.46 1.43 0.03
117 -4.9939 -2.5794 0 0.0000 10.081 -1.66 -9.78 1.46 1.43 0.03
118 -4.9112 -2.5441 0 0.0000 10.101 -1.67 -9.80 1.46 1.43 0.03
119 -5.1343 -2.6411 0 0.0000 10.134 -1.68 -9.83 1.46 1.43 0.04
120 -4.8997 -2.5391 0 0.0000 10.175 -1.69 -9.87 1.46 1.43 0.04
121 -5.1279 -2.6425 0 0.0000 10.222 -1.70 -9.91 1.46 1.43 0.04
122 -5.0636 -2.6113 0 0.0000 10.274 -1.71 -9.97 1.46 1.43 0.04
123 -5.1187 -2.6304 0 0.0000 10.328 -1.72 -10.02 1.47 1.43 0.04
124 -5.1177 -2.6343 0 0.0000 10.383 -1.73 -10.07 1.47 1.43 0.04
125 -5.1267 -2.6400 0 0.0000 10.439 -1.73 -10.13 1.47 1.43 0.04
126 -5.1145 -2.6254 0 0.0000 10.495 -1.74 -10.19 1.47 1.43 0.04
127 -5.1144 -2.6288 0 0.0000 10.551 -1.75 -10.24 1.47 1.43 0.04
128 -4.8415 -2.5107 0 0.0000 10.608 -1.75 -10.30 1.47 1.43 0.04
129 -4.8577 -2.5172 0 0.0000 10.664 -1.75 -10.36 1.47 1.43 0.04
130 -4.8827 -2.5341 0 0.0000 10.721 -1.76 -10.41 1.47 1.43 0.04
131 -4.8673 -2.5327 0 0.0000 10.779 -1.76 -10.47 1.47 1.43 0.04
132 -5.0857 -2.6174 0 0.0000 10.837 -1.77 -10.53 1.47 1.43 0.04
133 -5.0680 -2.6131 0 0.0000 10.895 -1.78 -10.59 1.47 1.43 0.04
134 -4.7843 -2.4923 0 0.0000 10.955 -1.78 -10.65 1.47 1.43 0.04
135 -4.8497 -2.5213 0 0.0000 11.018 -1.79 -10.71 1.47 1.43 0.04
136 -4.9574 -2.1260 0 0.0000 11.084 -1.80 -10.78 1.47 1.43 0.04
137 -4.8804 -2.1857 0 0.0000 11.154 -1.81 -10.85 1.47 1.43 0.04
138 -4.5920 -1.9375 0 0.0000 11.227 -1.82 -10.92 1.47 1.43 0.04
139 -4.3813 -1.6114 0 0.0000 11.302 -1.83 -10.99 1.47 1.43 0.04
140 -3.7626 -1.1275 0 0.0000 11.371 -1.83 -11.06 1.48 1.43 0.05
141 -4.2008 -1.5141 0 0.0000 11.423 -1.83 -11.11 1.48 1.43 0.05
142 -4.0516 -1.4261 0 0.0000 11.452 -1.83 -11.14 1.47 1.43 0.04
143 -4.2331 -1.5370 0 0.0000 11.455 -1.83 -11.15 1.48 1.43 0.05
144 -4.0608 -1.4120 0 0.0000 11.435 -1.82 -11.13 1.48 1.43 0.05
145 -4.0712 -1.4050 0 0.0000 11.395 -1.81 -11.09 1.48 1.43 0.05
146 -4.3754 -1.5768 0 0.0000 11.338 -1.80 -11.03 1.48 1.43 0.04
147 -4.4016 -1.5297 0 0.0000 11.268 -1.79 -10.96 1.47 1.43 0.04
148 -4.9386 -1.9037 0 0.0000 11.189 -1.78 -10.88 1.47 1.43 0.04
149 -5.1468 -2.0282 0 0.0000 11.103 -1.76 -10.80 1.47 1.43 0.04
150 -5.0863 -2.6528 0 0.0000 11.011 -1.75 -10.71 1.47 1.43 0.04
151 -5.1183 -2.6389 0 0.0000 10.919 -1.73 -10.62 1.47 1.43 0.04
152 -5.1012 -2.6428 0 0.0000 10.839 -1.72 -10.54 1.47 1.43 0.04
153 -5.1052 -2.6431 0 0.0000 10.780 -1.70 -10.48 1.47 1.43 0.04
154 -4.9406 -2.5659 0 0.0000 10.745 -1.69 -10.44 1.47 1.43 0.04
155 -5.0484 -2.6179 0 0.0000 10.732 -1.69 -10.43 1.47 1.43 0.04
156 -5.0582 -2.6190 0 0.0000 10.738 -1.68 -10.44 1.47 1.43 0.04
157 -5.0747 -2.6336 0 0.0000 10.760 -1.68 -10.46 1.47 1.43 0.04
158 -5.0115 -2.5910 0 0.0000 10.794 -1.68 -10.50 1.47 1.44 0.04
159 -4.9875 -2.5914 0 0.0000 10.838 -1.69 -10.54 1.47 1.44 0.04
160 -5.0302 -2.5939 0 0.0000 10.891 -1.69 -10.59 1.47 1.44 0.04
161 -5.0800 -2.6231 0 0.0000 10.949 -1.70 -10.65 1.47 1.44 0.04
162 -5.0331 -2.6011 0 0.0000 11.012 -1.71 -10.71 1.47 1.44 0.04
163 -5.0922 -2.2637 0 0.0000 11.077 -1.72 -10.78 1.47 1.44 0.04
164 -4.7734 -2.0816 0 0.0000 11.145 -1.72 -10.85 1.47 1.44 0.04
165 -4.6170 -1.8191 0 0.0000 11.214 -1.73 -10.92 1.47 1.44 0.04
166 -4.0892 -1.3488 0 0.0000 11.279 -1.73 -10.98 1.48 1.44 0.04
167 -4.3100 -1.5599 0 0.0000 11.330 -1.73 -11.03 1.48 1.44 0.04
168 -4.1571 -1.3821 0 0.0000 11.359 -1.73 -11.06 1.47 1.44 0.04
169 -4.2464 -1.4807 0 0.0000 11.363 -1.72 -11.07 1.47 1.44 0.04
170 -4.1674 -1.4322 0 0.0000 11.343 -1.71 -11.05 1.47 1.44 0.03
171 -4.0965 -1.3822 0 0.0000 11.304 -1.70 -11.01 1.47 1.44 0.03
172 -4.2539 -1.4586 0 0.0000 11.248 -1.68 -10.96 1.47 1.44 0.03
173 -4.1098 -1.3421 0 0.0000 11.179 -1.65 -10.89 1.47 1.44 0.03
174 -4.7359 -1.7082 0 0.0000 11.100 -1.63 -10.81 1.47 1.44 0.03
175 -4.9892 -2.5267 0 0.0000 11.014 -1.60 -10.73 1.47 1.45 0.03
176 -5.3455 -2.6246 0 0.0000 10.924 -1.58 -10.64 1.47 1.45 0.03
177 -5.1289 -2.4302 0 0.0000 10.844 -1.56 -10.56 1.48 1.45 0.03
178 -4.6043 -2.1975 0 0.0000 10.783 -1.54 -10.50 1.48 1.45 0.03
179 -4.0151 -1.8326 0 0.0000 10.746 -1.53 -10.47 1.48 1.45 0.03
180 -4.0340 -1.7662 0 0.0000 10.731 -1.52 -10.45 1.48 1.45 0.03
181 -3.5720 -1.3748 0 0.0000 10.737 -1.52 -10.46 1.48 1.45 0.03
182 -4.0991 -1.7174 0 0.0000 10.762 -1.51 -10.48 1.48 1.45 0.03
183 -4.8199 -2.2171 0 0.0000 10.801 -1.51 -10.52 1.48 1.45 0.02
184 -5.0052 -2.2824 0 0.0000 10.853 -1.51 -10.58 1.48 1.45 0.02
185 -4.9624 -2.2888 0 0.0000 10.913 -1.51 -10.64 1.48 1.45 0.02
186 -4.9056 -2.3089 0 0.0000 10.979 -1.51 -10.70 1.48 1.45 0.02
187 -2.1777 0.1147 0 0.0000 11.048 -1.51 -10.77 1.48 1.45 0.02
188 -2.7421 -0.3590 0 0.0000 11.116 -1.51 -10.84 1.48 1.46 0.02
189 -2.7906 -0.3897 0 0.0000 11.173 -1.51 -10.90 1.47 1.46 0.01
190 -3.0378 -0.6724 0 0.0000 11.209 -1.51 -10.94 1.47 1.46 0.01
191 -3.1969 -0.7149 0 0.0000 11.220 -1.52 -10.95 1.47 1.46 0.01
192 -3.1890 -0.6666 0 0.0000 11.206 -1.52 -10.93 1.47 1.46 0.01
193 -3.2920 -0.6542 0 0.0000 11.172 -1.52 -10.90 1.47 1.45 0.02
194 -3.4930 -0.7228 0 0.0000 11.120 -1.52 -10.84 1.47 1.45 0.02
195 -3.7038 -0.8303 0 0.0000 11.054 -1.53 -10.78 1.47 1.45 0.02
196 -4.7028 -2.1227 0 0.0000 10.978 -1.53 -10.70 1.48 1.45 0.02
197 -5.1308 -2.3612 0 0.0000 10.896 -1.54 -10.62 1.47 1.45 0.02
198 -4.9847 -2.2486 0 0.0000 10.816 -1.54 -10.54 1.47 1.45 0.02
199 -4.7958 -2.2124 0 0.0000 10.750 -1.54 -10.47 1.47 1.45 0.02
200 -4.8871 -2.2723 0 0.0000 10.704 -1.54 -10.42 1.47 1.45 0.02
201 -4.6132 -2.1362 0 0.0000 10.679 -1.54 -10.40 1.47 1.45 0.02
202 -4.9390 -2.3570 0 0.0000 10.676 -1.55 -10.39 1.47 1.45 0.02
203 -4.9535 -2.4009 0 0.0000 10.692 -1.55 -10.41 1.47 1.45 0.02
204 -5.0493 -2.4036 0 0.0000 10.724 -1.55 -10.44 1.47 1.45 0.02
205 -5.0103 -2.3678 0 0.0000 10.771 -1.55 -10.49 1.47 1.45 0.02
206 -5.2575 -2.5483 0 0.0000 10.828 -1.55 -10.55 1.47 1.45 0.02
207 -5.2564 -2.5200 0 0.0000 10.893 -1.56 -10.61 1.47 1.45 0.02
208 -4.9270 -2.3070 0 0.0000 10.964 -1.56 -10.68 1.47 1.45 0.02
209 -4.0163 -1.3622 0 0.0000 11.038 -1.57 -10.76 1.47 1.45 0.02
210 -4.7876 -1.5835 0 0.0000 11.112 -1.57 -10.83 1.47 1.45 0.02
211 -4.5946 -1.5739 0 0.0000 11.172 -1.57 -10.89 1.48 1.45 0.03
212 -4.2690 -1.4150 0 0.0000 11.209 -1.57 -10.93 1.48 1.45 0.03
213 -4.0867 -1.2854 0 0.0000 11.221 -1.56 -10.94 1.48 1.45 0.03
214 -3.7542 -1.0336 0 0.0000 11.210 -1.54 -10.93 1.48 1.45 0.02
215 -3.3597 -0.7155 0 0.0000 11.179 -1.52 -10.90 1.48 1.45 0.02
216 -3.0198 -0.4562 0 0.0000 11.130 -1.50 -10.86 1.48 1.46 0.02
217 -3.1601 -0.5870 0 0.0000 11.067 -1.48 -10.80 1.49 1.46 0.03
218 -3.7872 -0.6045 0 0.0000 10.993 -1.46 -10.72 1.49 1.46 0.03
219 -4.2748 -1.0129 0 0.0000 10.910 -1.45 -10.64 1.49 1.46 0.03
220 -4.5217 -1.3197 0 0.0000 10.822 -1.43 -10.55 1.49 1.46 0.03
221 -4.6003 -1.4216 0 0.0000 10.731 -1.43 -10.46 1.49 1.46 0.04
222 -4.7428 -1.5077 0 0.0000 10.639 -1.43 -10.37 1.49 1.46 0.03
223 -4.4963 -0.9586 0 0.0000 10.546 -1.45 -10.27 1.49 1.45 0.04
224 -3.7805 -0.9111 0 0.0000 10.452 -1.48 -10.17 1.49 1.45 0.04
225 -5.0010 -2.3745 0 0.0000 10.358 -1.51 -10.08 1.49 1.45 0.04
226 -5.2144 -2.4497 0 0.0000 10.271 -1.53 -9.98 1.48 1.44 0.04
227 -5.2609 -2.4937 0 0.0000 10.196 -1.55 -9.90 1.48 1.44 0.04
228 -5.4109 -2.5777 0 0.0000 10.142 -1.57 -9.85 1.48 1.44 0.04
229 -5.5441 -2.7168 0 0.0000 10.110 -1.58 -9.81 1.48 1.44 0.04
230 -5.4406 -2.7237 0 0.0000 10.101 -1.59 -9.80 1.48 1.44 0.04
231 -5.3039 -2.6591 0 0.0000 10.112 -1.59 -9.81 1.48 1.43 0.04
232 -5.3987 -2.7809 0 0.0000 10.139 -1.60 -9.84 1.48 1.43 0.05
233 -4.8894 -2.4966 0 0.0000 10.178 -1.60 -9.88 1.48 1.43 0.05
234 -4.8760 -2.5367 0 0.0000 10.227 -1.61 -9.93 1.48 1.44 0.05
235 -5.1428 -2.6503 0 0.0000 10.283 -1.61 -9.98 1.48 1.44 0.05
236 -5.0358 -2.5952 0 0.0000 10.341 -1.62 -10.04 1.48 1.44 0.05
237 -5.0933 -2.6278 0 0.0000 10.401 -1.62 -10.10 1.48 1.44 0.05
238 -4.9537 -2.5656 0 0.0000 10.462 -1.63 -10.16 1.49 1.44 0.05
239 -5.1327 -2.6358 0 0.0000 10.522 -1.63 -10.22 1.48 1.44 0.05
240 -4.9126 -2.5388 0 0.0000 10.581 -1.64 -10.28 1.48 1.44 0.05
241 -5.1258 -2.6302 0 0.0000 10.639 -1.64 -10.34 1.48 1.44 0.05
242 -4.9325 -2.5518 0 0.0000 10.697 -1.65 -10.40 1.48 1.44 0.05
243 -4.9085 -2.5469 0 0.0000 10.754 -1.65 -10.46 1.48 1.44 0.05
244 -4.8969 -2.5445 0 0.0000 10.811 -1.66 -10.51 1.48 1.44 0.04
245 -5.1134 -2.6361 0 0.0000 10.869 -1.66 -10.57 1.48 1.44 0.04
246 -4.9157 -2.5570 0 0.0000 10.930 -1.67 -10.63 1.48 1.44 0.04
247 -5.0217 -2.6118 0 0.0000 10.993 -1.67 -10.70 1.48 1.44 0.04
248 -5.1721 -2.2730 0 0.0000 11.061 -1.68 -10.76 1.48 1.44 0.04
249 -5.0680 -2.2376 0 0.0000 11.132 -1.69 -10.84 1.48 1.44 0.04
250 -4.4107 -1.7791 0 0.0000 11.206 -1.69 -10.91 1.48 1.44 0.05
251 -4.0361 -1.4292 0 0.0000 11.280 -1.70 -10.98 1.49 1.44 0.05
252 -4.0306 -1.4279 0 0.0000 11.342 -1.70 -11.05 1.49 1.44 0.05
253 -3.9616 -1.3793 0 0.0000 11.380 -1.70 -11.08 1.49 1.44 0.05
254 -3.9956 -1.3499 0 0.0000 11.393 -1.69 -11.10 1.49 1.44 0.04
255 -4.0705 -1.4185 0 0.0000 11.381 -1.68 -11.09 1.48 1.44 0.04
256 -3.8838 -1.2701 0 0.0000 11.348 -1.67 -11.06 1.48 1.44 0.04
257 -3.9017 -1.2372 0 0.0000 11.296 -1.65 -11.01 1.48 1.44 0.03
258 -3.8210 -1.1664 0 0.0000 11.230 -1.62 -10.94 1.48 1.45 0.03
259 -4.0027 -1.1771 0 0.0000 11.154 -1.59 -10.87 1.48 1.45 0.03
260 -4.2421 -1.2872 0 0.0000 11.069 -1.57 -10.79 1.48 1.45 0.03
261 -5.1395 -2.3844 0 0.0000 10.979 -1.54 -10.70 1.47 1.45 0.02
262 -4.7205 -2.0663 0 0.0000 10.886 -1.51 -10.61 1.47 1.45 0.02
263 -2.1197 -0.2556 0 0.0000 10.802 -1.48 -10.53 1.48 1.45 0.02
264 -0.4121 0.6574 0 0.0000 10.738 -1.46 -10.46 1.48 1.46 0.02
265 -2.4618 0.0690 0 0.0000 10.695 -1.45 -10.42 1.48 1.46 0.02
266 -3.9521 -0.7014 0 0.0000 10.670 -1.44 -10.40 1.47 1.46 0.01
267 -3.8405 -0.9371 0 0.0000 10.651 -1.43 -10.38 1.46 1.46 0.01
268 -3.7223 -0.9059 0 0.0000 10.628 -1.44 -10.35 1.45 1.46 0.01
269 -3.9018 -0.8149 0 0.0000 10.597 -1.46 -10.32 1.45 1.45 0.01
270 -3.2340 -1.0462 0 0.0000 10.554 -1.49 -10.27 1.45 1.45 0.00
271 -5.0724 -2.3509 0 0.0000 10.501 -1.53 -10.21 1.45 1.45 0.01
272 -5.4104 -2.4842 0 0.0000 10.446 -1.56 -10.15 1.45 1.44 0.01
273 -5.4479 -2.7234 0 0.0000 10.397 -1.59 -10.10 1.45 1.44 0.01
274 -4.7458 -2.4617 0 0.0000 10.363 -1.62 -10.06 1.44 1.44 0.01
275 -4.8212 -2.5175 0 0.0000 10.345 -1.64 -10.04 1.44 1.43 0.01
276 -5.1539 -2.6521 0 0.0000 10.344 -1.66 -10.04 1.45 1.43 0.01
277 -5.1486 -2.6446 0 0.0000 10.359 -1.67 -10.05 1.44 1.43 0.01
278 -5.0006 -2.5833 0 0.0000 10.385 -1.69 -10.08 1.45 1.43 0.02
279 -5.1182 -2.6370 0 0.0000 10.419 -1.70 -10.11 1.45 1.43 0.02
280 -5.1268 -2.6417 0 0.0000 10.461 -1.71 -10.15 1.45 1.43 0.02
281 -5.1222 -2.6341 0 0.0000 10.508 -1.72 -10.20 1.45 1.43 0.02
282 -4.7896 -2.4996 0 0.0000 10.558 -1.73 -10.25 1.45 1.43 0.02
283 -4.8818 -2.5403 0 0.0000 10.609 -1.74 -10.30 1.45 1.43 0.02
284 -5.1142 -2.6241 0 0.0000 10.662 -1.74 -10.35 1.45 1.43 0.02
285 -5.1022 -2.6208 0 0.0000 10.716 -1.75 -10.40 1.45 1.43 0.02
286 -4.8527 -2.5194 0 0.0000 10.771 -1.75 -10.46 1.45 1.43 0.02
287 -4.8618 -2.5245 0 0.0000 10.827 -1.76 -10.51 1.45 1.43 0.02
288 -4.8815 -2.5358 0 0.0000 10.883 -1.77 -10.57 1.45 1.43 0.02
289 -5.0305 -2.6029 0 0.0000 10.940 -1.77 -10.63 1.44 1.43 0.01
290 -4.8968 -2.5443 0 0.0000 10.997 -1.78 -10.68 1.44 1.43 0.01
291 -3.6067 -1.2417 0 0.0000 11.056 -1.79 -10.74 1.44 1.43 0.01
292 -4.7851 -2.1568 0 0.0000 11.118 -1.80 -10.80 1.44 1.43 0.01
293 -4.8472 -2.0696 0 0.0000 11.184 -1.81 -10.87 1.44 1.43 0.01
294 -4.4246 -1.7289 0 0.0000 11.253 -1.82 -10.94 1.44 1.43 0.01
295 -4.0436 -1.3420 0 0.0000 11.322 -1.83 -11.01 1.45 1.43 0.02
296 -3.7631 -1.1529 0 0.0000 11.384 -1.83 -11.07 1.45 1.43 0.02
297 -3.9854 -1.3451 0 0.0000 11.429 -1.84 -11.11 1.45 1.43 0.02
298 -4.1497 -1.4737 0 0.0000 11.451 -1.84 -11.14 1.45 1.43 0.02
299 -4.1661 -1.5080 0 0.0000 11.448 -1.84 -11.13 1.45 1.43 0.02
300 -4.0214 -1.3892 0 0.0000 11.425 -1.83 -11.11 1.45 1.43 0.02
301 -4.0780 -1.4124 0 0.0000 11.383 -1.82 -11.07 1.44 1.43 0.01
302 -4.1532 -1.4168 0 0.0000 11.326 -1.80 -11.01 1.44 1.43 0.01
303 -4.3927 -1.5083 0 0.0000 11.258 -1.78 -10.95 1.44 1.43 0.01
304 -4.9943 -1.9594 0 0.0000 11.182 -1.76 -10.87 1.44 1.43 0.01
305 -5.1315 -2.0108 0 0.0000 11.099 -1.74 -10.79 1.44 1.43 0.01
306 -5.0761 -2.6531 0 0.0000 11.011 -1.72 -10.70 1.44 1.43 0.01
307 -5.1443 -2.6554 0 0.0000 10.921 -1.70 -10.62 1.44 1.44 0.01
308 -5.1025 -2.6429 0 0.0000 10.842 -1.68 -10.54 1.44 1.44 0.01
309 -4.9058 -2.5563 0 0.0000 10.782 -1.67 -10.48 1.44 1.44 0.01
310 -4.8931 -2.5487 0 0.0000 10.745 -1.66 -10.44 1.44 1.44 0.01
311 -5.0936 -2.6359 0 0.0000 10.730 -1.65 -10.43 1.44 1.44 0.01
312 -5.0386 -2.6027 0 0.0000 10.735 -1.65 -10.43 1.44 1.44 0.01
313 -5.1440 -2.6502 0 0.0000 10.756 -1.65 -10.46 1.44 1.44 0.01
314 -5.1307 -2.6422 0 0.0000 10.789 -1.65 -10.49 1.44 1.44 0.01
315 -5.1207 -2.6409 0 0.0000 10.832 -1.66 -10.53 1.44 1.44 0.01
316 -5.1292 -2.6462 0 0.0000 10.881 -1.67 -10.58 1.44 1.44 0.01
317 -4.9185 -2.5623 0 0.0000 10.936 -1.67 -10.64 1.44 1.44 0.01
318 -5.1016 -2.6431 0 0.0000 10.997 -1.68 -10.70 1.44 1.44 0.01
319 -5.1466 -2.2907 0 0.0000 11.063 -1.69 -10.76 1.44 1.44 0.01
320 -4.9331 -2.0614 0 0.0000 11.135 -1.71 -10.83 1.44 1.44 0.00
321 -4.3241 -1.5846 0 0.0000 11.209 -1.72 -10.91 1.44 1.44 0.01
322 -4.0779 -1.3532 0 0.0000 11.279 -1.73 -10.98 1.45 1.44 0.01
323 -4.0053 -1.3341 0 0.0000 11.335 -1.73 -11.03 1.45 1.44 0.01
324 -3.9086 -1.2615 0 0.0000 11.368 -1.73 -11.07 1.45 1.44 0.01
325 -4.0265 -1.3908 0 0.0000 11.376 -1.73 -11.08 1.45 1.44 0.01
326 -3.8717 -1.2530 0 0.0000 11.363 -1.71 -11.06 1.45 1.44 0.01
327 -3.9174 -1.2840 0 0.0000 11.331 -1.70 -11.03 1.45 1.44 0.01
328 -3.9430 -1.2740 0 0.0000 11.282 -1.67 -10.99 1.45 1.44 0.01
329 -3.9111 -1.2548 0 0.0000 11.219 -1.65 -10.93 1.45 1.44 0.01
330 -4.2168 -1.3759 0 0.0000 11.145 -1.62 -10.85 1.46 1.44 0.01
331 -4.4039 -1.4379 0 0.0000 11.063 -1.60 -10.78 1.46 1.45 0.01
332 -5.1618 -2.4231 0 0.0000 10.978 -1.57 -10.69 1.46 1.45 0.01
333 -4.8525 -2.1890 0 0.0000 10.891 -1.54 -10.61 1.46 1.45 0.01
334 -3.1824 -1.3833 0 0.0000 10.814 -1.52 -10.53 1.46 1.45 0.01
335 -2.1348 -0.5866 0 0.0000 10.758 -1.50 -10.48 1.46 1.45 0.01
336 -1.0554 0.2152 0 0.0000 10.728 -1.49 -10.45 1.46 1.45 0.01
337 -0.8451 0.4546 0 0.0000 10.721 -1.48 -10.44 1.46 1.45 0.01
338 -2.7048 0.0242 0 0.0000 10.732 -1.47 -10.45 1.46 1.45 0.01
339 -3.8098 -0.6434 0 0.0000 10.749 -1.47 -10.47 1.46 1.46 0.00
340 -3.2928 -0.3070 0 0.0000 10.760 -1.47 -10.48 1.45 1.45 0.01
341 -2.8769 -0.2865 0 0.0000 10.757 -1.48 -10.48 1.45 1.45 0.01
342 -2.7745 -0.9047 0 0.0000 10.738 -1.49 -10.46 1.45 1.45 0.00
343 -4.6261 -1.9433 0 0.0000 10.705 -1.51 -10.42 1.45 1.45 0.00
344 -5.2746 -2.4349 0 0.0000 10.670 -1.52 -10.39 1.45 1.45 0.00
345 -4.5160 -2.0544 0 0.0000 10.641 -1.53 -10.36 1.44 1.45 0.00
346 -4.6424 -2.1389 0 0.0000 10.623 -1.54 -10.34 1.44 1.45 0.00
347 -4.8282 -2.2593 0 0.0000 10.620 -1.55 -10.33 1.44 1.45 0.00
348 -4.6585 -2.1476 0 0.0000 10.632 -1.56 -10.34 1.44 1.45 0.00
349 -5.2089 -2.4694 0 0.0000 10.657 -1.56 -10.37 1.44 1.44 0.00
350 -5.2159 -2.4820 0 0.0000 10.694 -1.57 -10.40 1.44 1.44 0.00
351 -5.2992 -2.5624 0 0.0000 10.741 -1.58 -10.45 1.44 1.44 0.00
352 -5.3372 -2.6680 0 0.0000 10.795 -1.59 -10.50 1.44 1.44 0.00
353 -5.0328 -2.5744 0 0.0000 10.858 -1.59 -10.57 1.44 1.44 0.00
354 -4.9050 -2.4740 0 0.0000 10.926 -1.60 -10.64 1.45 1.44 0.00
355 -4.8940 -2.5019 0 0.0000 11.000 -1.61 -10.71 1.45 1.44 0.00
356 -4.2238 -1.6966 0 0.0000 11.079 -1.62 -10.79 1.45 1.44 0.00
357 -4.6697 -1.7749 0 0.0000 11.159 -1.63 -10.87 1.44 1.44 0.00
358 -4.2623 -1.3934 0 0.0000 11.228 -1.65 -10.94 1.44 1.44 0.00
359 -4.2708 -1.4625 0 0.0000 11.274 -1.65 -10.98 1.45 1.44 0.00
360 -4.3182 -1.4714 0 0.0000 11.293 -1.65 -11.00 1.44 1.44 0.00
361 -4.2983 -1.4690 0 0.0000 11.288 -1.65 -10.99 1.44 1.44 0.00
362 -4.1231 -1.3159 0 0.0000 11.259 -1.63 -10.97 1.44 1.45 0.00
363 -4.1150 -1.2408 0 0.0000 11.212 -1.61 -10.92 1.44 1.45 0.01
364 -4.0381 -1.1421 0 0.0000 11.149 -1.59 -10.86 1.44 1.45 0.01
365 -3.9008 -1.0246 0 0.0000 11.075 -1.56 -10.79 1.44 1.45 0.01
366 -4.3100 -1.7171 0 0.0000 10.993 -1.53 -10.71 1.44 1.45 0.02
367 -2.9937 -0.8293 0 0.0000 10.904 -1.50 -10.63 1.44 1.45 0.02
368 -3.1275 -0.3320 0 0.0000 10.812 -1.47 -10.53 1.44 1.46 0.02
369 -3.9583 -0.9120 0 0.0000 10.718 -1.45 -10.44 1.44 1.46 0.02
370 -3.9555 -0.9181 0 0.0000 10.624 -1.43 -10.35 1.44 1.46 0.02
371 -3.9824 -0.9736 0 0.0000 10.531 -1.42 -10.25 1.43 1.46 0.02
372 -4.1276 -1.0868 0 0.0000 10.438 -1.43 -10.16 1.43 1.46 0.03
373 -4.2100 -1.0663 0 0.0000 10.344 -1.44 -10.06 1.43 1.45 0.02
374 -3.3370 -0.1880 0 0.0000 10.249 -1.47 -9.96 1.43 1.45 0.02
375 -4.3697 -1.6793 0 0.0000 10.153 -1.51 -9.86 1.43 1.44 0.01
376 -5.4276 -2.5846 0 0.0000 10.059 -1.55 -9.76 1.43 1.44 0.01
377 -5.5200 -2.6493 0 0.0000 9.973 -1.58 -9.67 1.42 1.43 0.01
378 -5.0793 -2.6305 0 0.0000 9.905 -1.62 -9.59 1.42 1.43 0.01
379 -5.0320 -2.6282 0 0.0000 9.859 -1.64 -9.54 1.42 1.43 0.01
380 -5.0613 -2.6299 0 0.0000 9.836 -1.66 -9.51 1.42 1.42 0.00
381 -5.1207 -2.6397 0 0.0000 9.833 -1.68 -9.51 1.42 1.42 0.00
382 -5.1206 -2.6384 0 0.0000 9.847 -1.70 -9.52 1.42 1.42 0.00
383 -4.8877 -2.5376 0 0.0000 9.874 -1.72 -9.55 1.42 1.42 0.01
384 -5.1238 -2.6358 0 0.0000 9.911 -1.73 -9.58 1.42 1.42 0.00
385 -4.8887 -2.5390 0 0.0000 9.956 -1.74 -9.63 1.42 1.42 0.01
386 -4.9055 -2.5471 0 0.0000 10.006 -1.76 -9.67 1.43 1.42 0.01
387 -5.1291 -2.6380 0 0.0000 10.060 -1.77 -9.73 1.43 1.42 0.01
388 -5.1308 -2.6391 0 0.0000 10.117 -1.78 -9.78 1.43 1.42 0.01
389 -4.7502 -2.4826 0 0.0000 10.175 -1.80 -9.84 1.43 1.42 0.01
390 -5.0370 -2.6137 0 0.0000 10.234 -1.81 -9.90 1.42 1.42 0.01
391 -4.9202 -2.5574 0 0.0000 10.294 -1.82 -9.96 1.43 1.41 0.01
392 -5.0609 -2.6185 0 0.0000 10.355 -1.83 -10.02 1.43 1.41 0.01
393 -5.0659 -2.6208 0 0.0000 10.415 -1.84 -10.08 1.43 1.41 0.01
394 -5.0673 -2.6198 0 0.0000 10.475 -1.85 -10.14 1.43 1.41 0.01
395 -5.0569 -2.6096 0 0.0000 10.534 -1.86 -10.20 1.43 1.41 0.01
396 -4.7990 -2.4955 0 0.0000 10.591 -1.87 -10.26 1.43 1.41 0.01
397 -4.8182 -2.5029 0 0.0000 10.648 -1.88 -10.31 1.43 1.41 0.01
398 -4.8406 -2.5146 0 0.0000 10.704 -1.89 -10.37 1.43 1.41 0.01
399 -4.8276 -2.5096 0 0.0000 10.760 -1.90 -10.42 1.43 1.41 0.01
400 -5.1175 -2.6282 0 0.0000 10.818 -1.91 -10.48 1.43 1.41 0.01
401 -4.8278 -2.5104 0 0.0000 10.876 -1.92 -10.54 1.43 1.41 0.01
402 -5.1037 -2.6264 0 0.0000 10.935 -1.93 -10.60 1.43 1.41 0.01
403 -5.0143 -2.5918 0 0.0000 10.996 -1.94 -10.66 1.43 1.41 0.01
404 -4.9155 -2.5589 0 0.0000 11.060 -1.95 -10.72 1.43 1.41 0.01
405 -4.8720 -2.2560 0 0.0000 11.128 -1.96 -10.79 1.43 1.41 0.01
406 -4.6188 -1.9417 0 0.0000 11.201 -1.98 -10.86 1.43 1.41 0.02
407 -4.5701 -1.8514 0 0.0000 11.277 -1.99 -10.93 1.43 1.41 0.02
408 -4.3438 -1.5375 0 0.0000 11.353 -2.00 -11.01 1.43 1.41 0.02
409 -4.5051 -1.5772 0 0.0000 11.416 -2.01 -11.07 1.44 1.41 0.02
410 -4.2543 -1.3803 0 0.0000 11.456 -2.01 -11.11 1.44 1.41 0.02
411 -4.4080 -1.5325 0 0.0000 11.470 -2.00 -11.13 1.43 1.41 0.02
412 -4.2450 -1.3809 0 0.0000 11.459 -2.00 -11.12 1.44 1.42 0.02
413 -4.6697 -1.7394 0 0.0000 11.427 -1.99 -11.09 1.44 1.42 0.02
414 -4.6761 -1.7399 0 0.0000 11.376 -1.98 -11.04 1.44 1.42 0.03
415 -4.7215 -1.7728 0 0.0000 11.312 -1.98 -10.97 1.44 1.42 0.03
416 -4.8769 -1.8597 0 0.0000 11.236 -1.97 -10.90 1.45 1.42 0.03
417 -5.0706 -1.9705 0 0.0000 11.152 -1.95 -10.81 1.45 1.42 0.03
418 -5.1359 -2.6816 0 0.0000 11.062 -1.94 -10.72 1.45 1.42 0.04
419 -5.0769 -2.6232 0 0.0000 10.971 -1.92 -10.63 1.45 1.42 0.03
420 -5.0092 -2.6051 0 0.0000 10.890 -1.90 -10.55 1.45 1.42 0.03
421 -5.0096 -2.5985 0 0.0000 10.831 -1.89 -10.50 1.45 1.42 0.03
422 -5.0030 -2.5912 0 0.0000 10.796 -1.88 -10.46 1.45 1.42 0.03
423 -5.0158 -2.5942 0 0.0000 10.782 -1.87 -10.45 1.45 1.42 0.03
424 -5.0942 -2.6311 0 0.0000 10.786 -1.87 -10.45 1.45 1.42 0.03
425 -5.1240 -2.6452 0 0.0000 10.804 -1.87 -10.47 1.45 1.42 0.03
426 -5.1125 -2.6284 0 0.0000 10.833 -1.88 -10.50 1.45 1.42 0.03
427 -5.0984 -2.6246 0 0.0000 10.870 -1.88 -10.54 1.45 1.42 0.03
428 -5.0889 -2.6273 0 0.0000 10.914 -1.88 -10.58 1.45 1.42 0.03
429 -5.0817 -2.6331 0 0.0000 10.964 -1.89 -10.63 1.45 1.42 0.03
430 -4.8554 -2.5313 0 0.0000 11.021 -1.90 -10.69 1.45 1.42 0.03
431 -4.1966 -2.0895 0 0.0000 11.084 -1.91 -10.75 1.45 1.42 0.03
432 -5.5343 -2.3585 0 0.0000 11.149 -1.92 -10.82 1.45 1.42 0.03
433 -5.0467 -2.0031 0 0.0000 11.206 -1.92 -10.87 1.45 1.42 0.03
434 -5.0060 -1.9331 0 0.0000 11.252 -1.93 -10.92 1.45 1.42 0.04
435 -4.9665 -1.8976 0 0.0000 11.281 -1.93 -10.95 1.46 1.42 0.04
436 -4.9738 -1.8807 0 0.0000 11.287 -1.92 -10.96 1.45 1.42 0.03
437 -5.0058 -1.8953 0 0.0000 11.272 -1.91 -10.94 1.45 1.42 0.03
438 -5.1071 -1.9626 0 0.0000 11.237 -1.89 -10.91 1.45 1.42 0.03
439 -5.2247 -2.0594 0 0.0000 11.185 -1.88 -10.86 1.45 1.42 0.03
440 -5.4247 -2.1989 0 0.0000 11.120 -1.86 -10.79 1.45 1.42 0.03
441 -5.1025 -2.7681 0 0.0000 11.045 -1.84 -10.72 1.45 1.42 0.03
442 -5.1040 -2.6698 0 0.0000 10.963 -1.81 -10.64 1.45 1.43 0.02
443 -4.9495 -2.5833 0 0.0000 10.890 -1.79 -10.57 1.45 1.43 0.03
444 -5.0470 -2.6378 0 0.0000 10.835 -1.77 -10.52 1.45 1.43 0.03
445 -5.0455 -2.6331 0 0.0000 10.803 -1.76 -10.49 1.45 1.43 0.03
446 -5.0667 -2.6389 0 0.0000 10.792 -1.76 -10.48 1.45 1.43 0.02
447 -5.0836 -2.6436 0 0.0000 10.801 -1.75 -10.49 1.45 1.43 0.02
448 -4.8560 -2.5402 0 0.0000 10.824 -1.76 -10.51 1.45 1.43 0.02
449 -5.0950 -2.6386 0 0.0000 10.859 -1.76 -10.55 1.45 1.43 0.02
450 -4.9874 -2.5848 0 0.0000 10.903 -1.77 -10.59 1.45 1.43 0.02
451 -5.0922 -2.6353 0 0.0000 10.954 -1.77 -10.64 1.45 1.43 0.02
452 -5.0710 -2.6259 0 0.0000 11.012 -1.78 -10.70 1.45 1.43 0.02
453 -5.0475 -2.2395 0 0.0000 11.076 -1.79 -10.76 1.45 1.43 0.02
454 -4.8915 -2.2054 0 0.0000 11.147 -1.80 -10.83 1.45 1.43 0.02
455 -4.4600 -1.8451 0 0.0000 11.222 -1.81 -10.91 1.45 1.43 0.02
456 -4.6040 -1.7628 0 0.0000 11.300 -1.82 -10.98 1.45 1.43 0.02
457 -4.1264 -1.4016 0 0.0000 11.365 -1.83 -11.05 1.45 1.43 0.03
458 -4.1445 -1.4277 0 0.0000 11.407 -1.83 -11.09 1.45 1.43 0.02
459 -4.2101 -1.4933 0 0.0000 11.424 -1.83 -11.11 1.45 1.43 0.02
460 -4.1021 -1.4211 0 0.0000 11.415 -1.82 -11.10 1.46 1.43 0.03
461 -4.1269 -1.4411 0 0.0000 11.384 -1.81 -11.07 1.46 1.43 0.03
462 -4.2218 -1.4924 0 0.0000 11.334 -1.80 -11.02 1.46 1.43 0.03
463 -4.2574 -1.4285 0 0.0000 11.271 -1.79 -10.96 1.46 1.43 0.03
464 -4.8582 -1.8561 0 0.0000 11.195 -1.77 -10.89 1.46 1.43 0.03
465 -5.0524 -1.9500 0 0.0000 11.112 -1.75 -10.80 1.46 1.43 0.03
466 -5.1416 -2.7041 0 0.0000 11.023 -1.74 -10.72 1.46 1.43 0.02
467 -5.1248 -2.6477 0 0.0000 10.931 -1.72 -10.63 1.46 1.43 0.02
468 -4.9373 -2.5747 0 0.0000 10.851 -1.70 -10.55 1.46 1.43 0.03
469 -5.0672 -2.6397 0 0.0000 10.792 -1.69 -10.49 1.46 1.43 0.03
470 -5.0815 -2.6427 0 0.0000 10.757 -1.69 -10.45 1.46 1.43 0.03
471 -5.0839 -2.6391 0 0.0000 10.746 -1.69 -10.44 1.46 1.43 0.03
472 -5.0935 -2.6390 0 0.0000 10.755 -1.69 -10.45 1.46 1.43 0.03
473 -5.1016 -2.6476 0 0.0000 10.779 -1.69 -10.47 1.46 1.43 0.03
474 -4.8030 -2.5106 0 0.0000 10.815 -1.70 -10.51 1.47 1.43 0.03
475 -4.8539 -2.5345 0 0.0000 10.860 -1.70 -10.56 1.47 1.43 0.03
476 -5.0188 -2.6177 0 0.0000 10.913 -1.71 -10.61 1.47 1.43 0.03
477 -4.8623 -2.5263 0 0.0000 10.972 -1.72 -10.67 1.47 1.43 0.03
478 -4.7813 -2.4972 0 0.0000 11.037 -1.72 -10.73 1.47 1.43 0.03
479 -4.8801 -2.1589 0 0.0000 11.106 -1.73 -10.80 1.47 1.43 0.03
480 -4.4001 -1.8027 0 0.0000 11.180 -1.74 -10.88 1.47 1.43 0.03
481 -4.1313 -1.4693 0 0.0000 11.258 -1.75 -10.95 1.47 1.43 0.03
482 -3.9480 -1.3674 0 0.0000 11.333 -1.76 -11.03 1.47 1.43 0.04
483 -4.0856 -1.4608 0 0.0000 11.396 -1.77 -11.09 1.47 1.43 0.04
484 -3.9010 -1.3342 0 0.0000 11.435 -1.77 -11.13 1.47 1.44 0.04
485 -4.0622 -1.4075 0 0.0000 11.448 -1.77 -11.14 1.47 1.44 0.04
486 -4.0723 -1.4387 0 0.0000 11.437 -1.77 -11.13 1.47 1.44 0.04
487 -3.8391 -1.3060 0 0.0000 11.404 -1.77 -11.10 1.47 1.44 0.04
488 -3.9743 -1.3740 0 0.0000 11.353 -1.76 -11.05 1.47 1.44 0.03
489 -3.8977 -1.2733 0 0.0000 11.287 -1.75 -10.98 1.47 1.44 0.03
490 -4.4732 -1.5598 0 0.0000 11.211 -1.74 -10.91 1.47 1.44 0.03
491 -5.0858 -1.9711 0 0.0000 11.127 -1.73 -10.82 1.47 1.44 0.03
492 -5.1342 -2.6762 0 0.0000 11.037 -1.72 -10.73 1.46 1.44 0.03
493 -5.0351 -2.6065 0 0.0000 10.946 -1.70 -10.64 1.46 1.44 0.03
494 -5.1151 -2.6463 0 0.0000 10.863 -1.69 -10.56 1.46 1.44 0.03
495 -5.0998 -2.6406 0 0.0000 10.801 -1.68 -10.50 1.46 1.44 0.03
496 -5.0977 -2.6390 0 0.0000 10.762 -1.67 -10.46 1.46 1.44 0.03
497 -5.1116 -2.6361 0 0.0000 10.746 -1.67 -10.44 1.46 1.44 0.03
498 -5.1176 -2.6411 0 0.0000 10.748 -1.67 -10.45 1.46 1.44 0.03
499 -5.0926 -2.6386 0 0.0000 10.766 -1.67 -10.46 1.46 1.44 0.03
500 -4.8220 -2.5323 0 0.0000 10.799 -1.68 -10.50 1.46 1.44 0.03
501 -4.8341 -2.5265 0 0.0000 10.844 -1.68 -10.54 1.46 1.44 0.03
502 -5.0697 -2.6082 0 0.0000 10.898 -1.69 -10.60 1.46 1.44 0.03
503 -5.1114 -2.6301 0 0.0000 10.956 -1.69 -10.65 1.46 1.44 0.03
504 -4.9737 -2.5788 0 0.0000 11.017 -1.70 -10.72 1.46 1.44 0.03
505 -5.1004 -2.1591 0 0.0000 11.080 -1.71 -10.78 1.47 1.44 0.03
506 -4.6953 -1.9760 0 0.0000 11.145 -1.72 -10.84 1.46 1.44 0.03
507 -4.1425 -1.5272 0 0.0000 11.211 -1.72 -10.91 1.46 1.44 0.03
508 -3.7532 -1.0784 0 0.0000 11.275 -1.73 -10.97 1.47 1.44 0.03
509 -4.0903 -1.4297 0 0.0000 11.327 -1.73 -11.03 1.46 1.44 0.03
510 -4.1615 -1.4445 0 0.0000 11.358 -1.74 -11.06 1.46 1.44 0.02
511 -4.2963 -1.5190 0 0.0000 11.364 -1.74 -11.06 1.46 1.44 0.03
512 -4.2100 -1.5030 0 0.0000 11.347 -1.74 -11.05 1.46 1.44 0.03
513 -4.1207 -1.4369 0 0.0000 11.310 -1.73 -11.01 1.46 1.44 0.03
514 -4.4007 -1.5716 0 0.0000 11.255 -1.72 -10.95 1.46 1.44 0.03
515 -4.4509 -1.5396 0 0.0000 11.187 -1.71 -10.89 1.46 1.44 0.02
516 -5.2276 -2.0852 0 0.0000 11.109 -1.68 -10.81 1.46 1.44 0.02
517 -5.0558 -2.6282 0 0.0000 11.025 -1.66 -10.73 1.46 1.44 0.02
518 -5.1481 -2.6551 0 0.0000 10.937 -1.63 -10.64 1.46 1.44 0.02
519 -4.8806 -2.5337 0 0.0000 10.859 -1.61 -10.57 1.46 1.44 0.02
520 -5.3114 -2.7022 0 0.0000 10.802 -1.59 -10.51 1.47 1.44 0.02
521 -5.0681 -2.4517 0 0.0000 10.769 -1.57 -10.48 1.47 1.45 0.02
522 -5.1804 -2.4643 0 0.0000 10.760 -1.56 -10.47 1.46 1.45 0.02
523 -5.0352 -2.3335 0 0.0000 10.773 -1.56 -10.49 1.46 1.45 0.02
524 -4.9453 -2.2670 0 0.0000 10.803 -1.56 -10.52 1.46 1.45 0.02
525 -5.0853 -2.3156 0 0.0000 10.847 -1.56 -10.56 1.46 1.45 0.02
526 -5.0049 -2.3509 0 0.0000 10.904 -1.57 -10.62 1.46 1.45 0.02
527 -5.1916 -2.5018 0 0.0000 10.969 -1.57 -10.69 1.46 1.45 0.02
528 -3.8914 -1.3469 0 0.0000 11.042 -1.58 -10.76 1.46 1.45 0.02
529 -4.5640 -1.5190 0 0.0000 11.118 -1.58 -10.83 1.46 1.45 0.01
530 -4.3097 -1.3770 0 0.0000 11.185 -1.59 -10.90 1.46 1.45 0.01
531 -3.9195 -1.2098 0 0.0000 11.229 -1.59 -10.95 1.46 1.45 0.01
532 -4.0529 -1.3068 0 0.0000 11.248 -1.59 -10.96 1.46 1.45 0.01
533 -3.9872 -1.2246 0 0.0000 11.242 -1.59 -10.96 1.46 1.45 0.01
534 -3.8540 -1.0849 0 0.0000 11.213 -1.58 -10.93 1.45 1.45 0.00
535 -3.8317 -0.9842 0 0.0000 11.165 -1.56 -10.89 1.45 1.45 0.00
536 -3.5287 -0.7339 0 0.0000 11.103 -1.54 -10.82 1.45 1.45 0.00
537 -3.2354 -0.8861 0 0.0000 11.028 -1.52 -10.75 1.45 1.45 0.01
538 -3.8386 -1.4443 0 0.0000 10.946 -1.50 -10.67 1.45 1.45 0.00
539 -3.1123 -0.7516 0 0.0000 10.857 -1.49 -10.58 1.45 1.45 0.00
540 -3.0196 -0.2237 0 0.0000 10.767 -1.48 -10.49 1.45 1.45 0.00
541 -3.6094 -0.4417 0 0.0000 10.676 -1.47 -10.40 1.45 1.45 0.01
542 -3.7876 -0.6060 0 0.0000 10.586 -1.47 -10.31 1.45 1.45 0.01
543 -3.8966 -0.6472 0 0.0000 10.494 -1.47 -10.22 1.45 1.45 0.00
544 -3.3906 -0.3000 0 0.0000 10.402 -1.47 -10.12 1.45 1.45 0.00
545 -3.3602 -0.5312 0 0.0000 10.308 -1.49 -10.03 1.45 1.45 0.00
546 -3.6376 -1.1238 0 0.0000 10.213 -1.50 -9.93 1.45 1.45 0.00
547 -4.3961 -1.6698 0 0.0000 10.118 -1.51 -9.83 1.44 1.44 0.00
548 -4.9917 -2.0442 0 0.0000 10.030 -1.51 -9.74 1.44 1.44 0.00
549 -3.7019 -1.5926 0 0.0000 9.957 -1.52 -9.66 1.43 1.44 0.01
550 -3.0379 -1.3098 0 0.0000 9.904 -1.52 -9.61 1.43 1.44 0.01
551 -3.5725 -1.5456 0 0.0000 9.873 -1.52 -9.58 1.43 1.44 0.01
552 -4.6714 -2.1083 0 0.0000 9.864 -1.52 -9.57 1.43 1.44 0.01
553 -4.8822 -2.1744 0 0.0000 9.873 -1.53 -9.58 1.43 1.44 0.00
554 -5.2597 -2.4015 0 0.0000 9.897 -1.53 -9.60 1.44 1.44 0.00
555 -5.1975 -2.4506 0 0.0000 9.933 -1.54 -9.64 1.44 1.44 0.00
556 -5.3651 -2.5853 0 0.0000 9.978 -1.54 -9.68 1.44 1.44 0.00
557 -5.3058 -2.4688 0 0.0000 10.031 -1.55 -9.73 1.44 1.44 0.00
558 -5.4586 -2.5462 0 0.0000 10.088 -1.55 -9.79 1.44 1.44 0.00
559 -5.4367 -2.5434 0 0.0000 10.149 -1.56 -9.85 1.44 1.44 0.00
560 -5.1857 -2.3904 0 0.0000 10.213 -1.56 -9.92 1.44 1.44 0.00
561 -5.3142 -2.4895 0 0.0000 10.277 -1.57 -9.98 1.44 1.44 0.00
562 -5.3296 -2.4717 0 0.0000 10.341 -1.57 -10.05 1.44 1.44 0.00
563 -5.3973 -2.5544 0 0.0000 10.405 -1.58 -10.11 1.44 1.44 0.01
564 -5.3896 -2.5578 0 0.0000 10.469 -1.58 -10.17 1.44 1.44 0.00
565 -5.4631 -2.6600 0 0.0000 10.533 -1.59 -10.24 1.44 1.44 0.01
566 -5.3247 -2.6148 0 0.0000 10.596 -1.59 -10.30 1.44 1.44 0.01
567 -5.1582 -2.6098 0 0.0000 10.659 -1.60 -10.36 1.43 1.44 0.01
568 -5.0569 -2.5623 0 0.0000 10.721 -1.61 -10.43 1.43 1.44 0.01
569 -4.7874 -2.4237 0 0.0000 10.785 -1.61 -10.49 1.44 1.44 0.01
570 -5.1015 -2.6281 0 0.0000 10.848 -1.62 -10.55 1.44 1.44 0.00
571 -4.9125 -2.5539 0 0.0000 10.910 -1.63 -10.62 1.44 1.44 0.00
572 -5.0866 -2.6265 0 0.0000 10.974 -1.64 -10.68 1.44 1.44 0.00
573 -3.6720 -1.2528 0 0.0000 11.039 -1.65 -10.74 1.44 1.44 0.01
574 -4.3539 -1.7479 0 0.0000 11.106 -1.66 -10.81 1.44 1.44 0.01
575 -4.5124 -1.6775 0 0.0000 11.177 -1.67 -10.88 1.43 1.44 0.01
576 -4.1467 -1.3772 0 0.0000 11.244 -1.68 -10.95 1.44 1.44 0.00
577 -4.4338 -1.6111 0 0.0000 11.296 -1.69 -11.00 1.44 1.44 0.00
578 -4.3277 -1.5084 0 0.0000 11.325 -1.69 -11.03 1.44 1.44 0.00
579 -4.3169 -1.4968 0 0.0000 11.329 -1.68 -11.03 1.44 1.44 0.00
580 -4.1919 -1.4026 0 0.0000 11.310 -1.67 -11.02 1.44 1.44 0.00
581 -3.9021 -1.1934 0 0.0000 11.271 -1.65 -10.98 1.44 1.44 0.01
582 -3.9348 -1.1493 0 0.0000 11.218 -1.62 -10.93 1.44 1.45 0.01
583 -4.0341 -1.1782 0 0.0000 11.153 -1.59 -10.87 1.44 1.45 0.01
584 -3.6383 -0.8159 0 0.0000 11.080 -1.55 -10.80 1.44 1.45 0.01
585 -4.6534 -1.9404 0 0.0000 11.000 -1.52 -10.72 1.44 1.45 0.01
586 -2.9549 -0.7085 0 0.0000 10.914 -1.49 -10.64 1.45 1.45 0.01
587 -3.6237 -0.5788 0 0.0000 10.825 -1.46 -10.55 1.45 1.46 0.01
588 -3.9131 -0.9825 0 0.0000 10.736 -1.44 -10.46 1.45 1.46 0.01
589 -3.9858 -1.0764 0 0.0000 10.648 -1.42 -10.38 1.45 1.46 0.01
590 -4.0597 -1.0945 0 0.0000 10.559 -1.42 -10.29 1.45 1.46 0.01
591 -4.0765 -1.0868 0 0.0000 10.468 -1.43 -10.19 1.45 1.46 0.01
592 -4.0998 -0.9309 0 0.0000 10.375 -1.45 -10.10 1.45 1.45 0.00
593 -3.9457 -1.1942 0 0.0000 10.281 -1.48 -10.00 1.45 1.45 0.00
594 -5.4473 -2.4622 0 0.0000 10.187 -1.53 -9.89 1.45 1.44 0.01
595 -5.4180 -2.5342 0 0.0000 10.095 -1.57 -9.80 1.45 1.44 0.01
596 -4.8667 -2.5220 0 0.0000 10.016 -1.62 -9.71 1.44 1.43 0.01
597 -5.0737 -2.6308 0 0.0000 9.956 -1.65 -9.64 1.44 1.43 0.01
598 -5.1049 -2.6320 0 0.0000 9.919 -1.68 -9.60 1.44 1.42 0.02
599 -5.1132 -2.6341 0 0.0000 9.904 -1.70 -9.58 1.44 1.42 0.02
