# step wm_danger det_logit danger fire dist_t dx dy yaw tbrg offaxis
0 -2.5251 -0.1203 0 0.0000 18.028 -12.00 -12.00 -2.65 0.00 2.65
1 -0.6975 1.2164 0 0.0000 12.041 12.03 0.31 3.14 3.14 0.00
2 -0.3433 1.5959 0 0.0000 12.032 12.02 0.31 -3.14 3.14 0.00
3 -0.4534 1.5666 0 0.0000 12.011 12.00 0.31 3.14 3.14 0.00
4 -0.4109 1.6797 0 0.0000 11.977 11.96 0.31 -3.14 -3.14 0.00
5 -0.4469 1.7013 0 0.0000 11.930 11.92 0.31 -3.14 -3.14 0.00
6 -0.5931 1.6631 0 0.0000 11.871 11.86 0.32 -3.14 -3.14 0.00
7 -0.7324 1.5669 0 0.0000 11.803 11.79 0.33 -3.14 -3.14 0.00
8 -0.8698 1.4949 0 0.0000 11.728 11.72 0.34 -3.14 -3.14 0.00
9 -0.9812 1.4371 0 0.0000 11.651 11.64 0.35 -3.14 -3.14 0.00
10 -1.0709 1.3773 0 0.0000 11.571 11.56 0.36 -3.14 -3.14 0.00
11 -1.0913 1.3771 0 0.0000 11.488 11.47 0.38 -3.13 -3.14 0.00
12 -1.1881 1.3139 0 0.0000 11.403 11.39 0.39 -3.13 -3.13 0.00
13 -1.2999 1.2411 0 0.0000 11.314 11.30 0.41 -3.13 -3.13 0.00
14 -1.4343 1.1422 0 0.0000 11.223 11.21 0.43 -3.13 -3.13 0.00
15 -1.6605 0.9585 0 0.0000 11.130 11.11 0.44 -3.13 -3.13 0.00
16 -1.6779 0.8978 0 0.0000 11.037 11.02 0.46 -3.12 -3.13 0.00
17 -1.6151 0.9035 0 0.0000 10.946 10.93 0.48 -3.12 -3.13 0.00
18 -1.5209 0.8936 0 0.0000 10.860 10.84 0.50 -3.12 -3.12 0.00
19 -1.4928 0.8791 0 0.0000 10.781 10.76 0.51 -3.13 -3.12 0.00
20 -1.5311 0.8537 0 0.0000 10.711 10.69 0.53 -3.13 -3.12 0.00
21 -1.6368 0.8238 0 0.0000 10.651 10.63 0.55 -3.13 -3.12 0.01
22 -1.7339 0.6486 0 0.0000 10.604 10.58 0.58 -3.13 -3.12 0.01
23 -1.8379 0.4904 0 0.0000 10.567 10.54 0.60 -3.13 -3.11 0.01
24 -1.6390 0.5546 0 0.0000 10.536 10.51 0.62 -3.13 -3.11 0.02
25 -1.7469 0.6668 0 0.0000 10.515 10.49 0.64 -3.13 -3.11 0.02
26 -1.7934 0.5307 0 0.0000 10.505 10.48 0.67 -3.13 -3.11 0.02
27 -1.8745 0.4977 0 0.0000 10.505 10.48 0.69 -3.13 -3.11 0.03
28 -2.1294 0.4088 0 0.0000 10.513 10.49 0.72 -3.13 -3.10 0.03
29 -2.4981 0.2172 0 0.0000 10.528 10.50 0.74 -3.13 -3.10 0.03
30 -2.6750 0.2658 0 0.0000 10.545 10.52 0.77 -3.13 -3.10 0.04
31 -2.4905 0.3790 0 0.0000 10.556 10.53 0.79 -3.13 -3.10 0.04
32 -2.4548 0.4094 0 0.0000 10.558 10.53 0.82 -3.13 -3.09 0.04
33 -2.5383 0.3523 0 0.0000 10.545 10.51 0.84 -3.13 -3.09 0.04
34 -2.6156 0.2670 0 0.0000 10.519 10.48 0.86 -3.12 -3.09 0.03
35 -2.6031 0.1912 0 0.0000 10.480 10.45 0.88 -3.12 -3.09 0.03
36 -2.6630 0.0863 0 0.0000 10.434 10.40 0.89 -3.12 -3.09 0.04
37 -2.6895 0.0922 0 0.0000 10.384 10.35 0.91 -3.12 -3.08 0.04
38 -2.7750 0.0852 0 0.0000 10.334 10.30 0.92 -3.12 -3.08 0.04
39 -2.7785 0.0381 0 0.0000 10.286 10.25 0.93 -3.13 -3.08 0.04
40 -2.7466 0.0097 0 0.0000 10.243 10.20 0.95 -3.13 -3.08 0.05
41 -2.8360 0.0446 0 0.0000 10.204 10.16 0.96 -3.13 -3.08 0.05
42 -2.8199 0.0005 0 0.0000 10.172 10.13 0.97 -3.13 -3.08 0.05
43 -2.9287 0.0093 0 0.0000 10.144 10.10 0.99 -3.13 -3.07 0.05
44 -3.2151 -0.1444 0 0.0000 10.119 10.07 1.00 -3.13 -3.07 0.06
45 -3.1517 -0.2158 0 0.0000 10.093 10.05 1.02 -3.13 -3.07 0.06
46 -3.4158 -0.3271 0 0.0000 10.064 10.02 1.04 -3.13 -3.07 0.06
47 -3.3528 -0.3302 0 0.0000 10.031 9.98 1.05 -3.13 -3.07 0.07
48 -3.4868 -0.3765 0 0.0000 9.995 9.94 1.07 -3.13 -3.07 0.07
49 -3.5168 -0.3397 0 0.0000 9.956 9.90 1.09 -3.13 -3.06 0.07
50 -3.5125 -0.3773 0 0.0000 9.916 9.86 1.10 -3.13 -3.06 0.07
51 -3.5864 -0.3689 0 0.0000 9.874 9.82 1.12 -3.13 -3.06 0.07
52 -3.5456 -0.3331 0 0.0000 9.830 9.77 1.13 -3.13 -3.06 0.07
53 -3.4530 -0.3264 0 0.0000 9.786 9.73 1.15 -3.12 -3.06 0.07
54 -3.5467 -0.3376 0 0.0000 9.742 9.68 1.17 -3.12 -3.05 0.07
55 -3.5341 -0.3334 0 0.0000 9.697 9.63 1.18 -3.12 -3.05 0.07
56 -3.5223 -0.3383 0 0.0000 9.652 9.59 1.20 -3.12 -3.05 0.07
57 -3.5502 -0.3643 0 0.0000 9.607 9.54 1.22 -3.11 -3.05 0.07
58 -3.6065 -0.4084 0 0.0000 9.561 9.49 1.24 -3.11 -3.04 0.07
59 -3.9400 -0.6309 0 0.0000 9.517 9.45 1.25 -3.14 -3.04 0.10
60 -3.8800 -0.6247 0 0.0000 9.497 9.43 1.23 3.14 -3.04 0.10
61 -3.5495 -0.4655 0 0.0000 9.475 9.41 1.22 3.14 -3.05 0.10
62 -3.2874 -0.3627 0 0.0000 9.445 9.38 1.21 3.14 -3.05 0.10
63 -3.2946 -0.3944 0 0.0000 9.404 9.34 1.20 -3.14 -3.05 0.09
64 -3.1216 -0.3584 0 0.0000 9.356 9.29 1.20 -3.14 -3.05 0.09
65 -3.3801 -0.4066 0 0.0000 9.304 9.23 1.20 3.14 -3.05 0.10
66 -3.3991 -0.3779 0 0.0000 9.254 9.18 1.21 3.14 -3.04 0.10
67 -3.4646 -0.4436 0 0.0000 9.208 9.13 1.22 -3.14 -3.04 0.10
68 -3.5412 -0.4774 0 0.0000 9.164 9.09 1.24 3.14 -3.04 0.10
69 -3.3780 -0.4458 0 0.0000 9.131 9.05 1.25 3.14 -3.04 0.10
70 -3.3436 -0.4704 0 0.0000 9.112 9.04 1.25 3.14 -3.04 0.10
71 -3.3241 -0.4743 0 0.0000 9.098 9.02 1.24 -3.14 -3.04 0.10
72 -3.2620 -0.4347 0 0.0000 9.085 9.01 1.24 -3.14 -3.04 0.10
73 -3.2809 -0.4514 0 0.0000 9.075 9.00 1.24 3.14 -3.04 0.10
74 -3.1896 -0.4246 0 0.0000 9.069 8.99 1.24 -3.14 -3.04 0.10
75 -3.1332 -0.4010 0 0.0000 9.065 8.99 1.24 3.14 -3.04 0.10
76 -3.1298 -0.4400 0 0.0000 9.064 8.99 1.24 3.14 -3.04 0.10
77 -3.0975 -0.4168 0 0.0000 9.064 8.99 1.24 3.14 -3.04 0.10
78 -3.1331 -0.4085 0 0.0000 9.064 8.99 1.24 3.14 -3.04 0.10
79 -3.1396 -0.4212 0 0.0000 9.064 8.99 1.24 3.14 -3.04 0.10
80 -3.1095 -0.3883 0 0.0000 9.064 8.99 1.24 3.14 -3.04 0.10
81 -3.1371 -0.3883 0 0.0000 9.064 8.99 1.24 3.14 -3.04 0.10
82 -3.1348 -0.3834 0 0.0000 9.064 8.99 1.24 3.14 -3.04 0.10
83 -3.1209 -0.3941 0 0.0000 9.064 8.99 1.24 3.14 -3.04 0.10
84 -3.0974 -0.3935 0 0.0000 9.063 8.99 1.24 3.14 -3.04 0.10
85 -3.1215 -0.3939 0 0.0000 9.063 8.99 1.24 3.14 -3.04 0.10
86 -3.1041 -0.3636 0 0.0000 9.063 8.99 1.24 3.14 -3.04 0.10
87 -3.0852 -0.3541 0 0.0000 9.063 8.99 1.24 3.14 -3.04 0.10
88 -3.1249 -0.3936 0 0.0000 9.063 8.99 1.24 3.14 -3.04 0.10
89 -3.1055 -0.4000 0 0.0000 9.063 8.99 1.24 3.14 -3.04 0.10
90 -3.0666 -0.3983 0 0.0000 9.063 8.99 1.24 3.14 -3.04 0.10
91 -3.0445 -0.3824 0 0.0000 9.063 8.99 1.24 3.14 -3.04 0.10
92 -3.0309 -0.3899 0 0.0000 9.063 8.99 1.24 3.14 -3.04 0.10
93 -3.0325 -0.3887 0 0.0000 9.063 8.99 1.24 3.14 -3.04 0.10
94 -3.0130 -0.3728 0 0.0000 9.063 8.99 1.24 3.14 -3.04 0.10
95 -3.0019 -0.3702 0 0.0000 9.063 8.99 1.24 3.14 -3.04 0.10
96 -2.9808 -0.3843 0 0.0000 9.063 8.99 1.24 3.14 -3.04 0.10
97 -2.9885 -0.3711 0 0.0000 9.063 8.99 1.24 3.14 -3.04 0.10
98 -3.0446 -0.3921 0 0.0000 9.063 8.99 1.24 3.14 -3.04 0.10
99 -3.0448 -0.3677 0 0.0000 9.063 8.99 1.24 3.14 -3.04 0.10
100 -2.9907 -0.3840 0 0.0000 9.063 8.99 1.24 3.14 -3.04 0.10
101 -2.9760 -0.3549 0 0.0000 9.063 8.99 1.24 3.14 -3.04 0.10
102 -2.9776 -0.3604 0 0.0000 9.063 8.99 1.24 3.14 -3.04 0.10
103 -3.0151 -0.3909 0 0.0000 9.063 8.99 1.24 3.14 -3.04 0.10
104 -2.9431 -0.3903 0 0.0000 9.063 8.99 1.24 3.14 -3.04 0.10
105 -2.9393 -0.3799 0 0.0000 9.063 8.99 1.24 3.14 -3.04 0.10
106 -2.9436 -0.3797 0 0.0000 9.063 8.99 1.24 3.14 -3.04 0.10
107 -2.9685 -0.3907 0 0.0000 9.063 8.99 1.24 3.14 -3.04 0.10
108 -2.9954 -0.3983 0 0.0000 9.063 8.99 1.24 3.14 -3.04 0.10
109 -3.0311 -0.4175 0 0.0000 9.063 8.99 1.24 3.14 -3.04 0.10
110 -3.0155 -0.3832 0 0.0000 9.063 8.99 1.24 3.14 -3.04 0.10
111 -3.0409 -0.4088 0 0.0000 9.063 8.99 1.24 3.14 -3.04 0.10
112 -3.0396 -0.4004 0 0.0000 9.063 8.99 1.24 3.14 -3.04 0.10
113 -3.0517 -0.4035 0 0.0000 9.063 8.99 1.24 3.14 -3.04 0.10
114 -3.0788 -0.3992 0 0.0000 9.063 8.99 1.24 3.14 -3.04 0.10
115 -3.0730 -0.3912 0 0.0000 9.063 8.99 1.24 3.14 -3.04 0.10
116 -3.0578 -0.3797 0 0.0000 9.063 8.99 1.24 3.14 -3.04 0.10
117 -3.0208 -0.3693 0 0.0000 9.063 8.99 1.24 3.14 -3.04 0.10
118 -3.0317 -0.3621 0 0.0000 9.063 8.99 1.24 3.14 -3.04 0.10
119 -3.0134 -0.3366 0 0.0000 9.062 8.99 1.24 3.14 -3.04 0.10
120 -3.0189 -0.3470 0 0.0000 9.062 8.99 1.24 3.14 -3.04 0.10
121 -3.0211 -0.3662 0 0.0000 9.062 8.99 1.24 3.14 -3.04 0.10
122 -3.0418 -0.3437 0 0.0000 9.062 8.99 1.24 3.14 -3.04 0.10
123 -2.9946 -0.3462 0 0.0000 9.062 8.99 1.24 3.14 -3.04 0.10
124 -2.9762 -0.3505 0 0.0000 9.062 8.99 1.24 3.14 -3.04 0.10
125 -3.0253 -0.3819 0 0.0000 9.062 8.99 1.24 3.14 -3.04 0.10
126 -3.0490 -0.4051 0 0.0000 9.062 8.99 1.24 3.14 -3.04 0.10
127 -3.0484 -0.3891 0 0.0000 9.062 8.99 1.24 3.14 -3.04 0.10
128 -3.0026 -0.3589 0 0.0000 9.062 8.99 1.24 3.14 -3.04 0.10
129 -3.0502 -0.3777 0 0.0000 9.062 8.99 1.24 3.14 -3.04 0.10
130 -3.0836 -0.3768 0 0.0000 9.062 8.99 1.24 3.14 -3.04 0.10
131 -3.0839 -0.3816 0 0.0000 9.062 8.99 1.24 3.14 -3.04 0.10
132 -2.8915 -0.2876 0 0.0000 9.062 8.98 1.24 3.14 -3.04 0.10
133 -2.9079 -0.3000 0 0.0000 9.060 8.98 1.24 3.14 -3.04 0.10
134 -2.8963 -0.2768 0 0.0000 9.059 8.98 1.24 3.14 -3.04 0.10
135 -2.8858 -0.2669 0 0.0000 9.058 8.98 1.24 3.14 -3.04 0.10
136 -2.8808 -0.2491 0 0.0000 9.057 8.98 1.24 3.14 -3.04 0.10
137 -3.0297 -0.3093 0 0.0000 9.054 8.98 1.24 -3.14 -3.04 0.10
138 -2.9837 -0.2770 0 0.0000 9.051 8.97 1.24 3.14 -3.04 0.10
139 -2.9950 -0.3228 0 0.0000 9.046 8.97 1.24 -3.14 -3.04 0.10
140 -2.9485 -0.3108 0 0.0000 9.040 8.96 1.24 3.14 -3.04 0.10
141 -2.8804 -0.3083 0 0.0000 9.033 8.96 1.24 3.14 -3.04 0.10
142 -2.7236 -0.2438 0 0.0000 9.025 8.95 1.24 -3.14 -3.04 0.10
143 -2.7323 -0.2501 0 0.0000 9.016 8.94 1.24 3.14 -3.04 0.10
144 -2.8339 -0.2826 0 0.0000 9.008 8.93 1.24 3.14 -3.04 0.10
145 -2.8331 -0.2671 0 0.0000 9.002 8.92 1.24 3.14 -3.04 0.10
146 -2.8459 -0.2470 0 0.0000 8.997 8.92 1.24 3.14 -3.04 0.10
147 -2.8445 -0.2567 0 0.0000 8.996 8.92 1.24 3.14 -3.04 0.10
148 -2.8225 -0.2302 0 0.0000 8.996 8.92 1.24 3.14 -3.04 0.10
149 -2.7859 -0.2309 0 0.0000 8.996 8.92 1.24 3.14 -3.04 0.10
150 -2.7716 -0.2224 0 0.0000 8.996 8.92 1.24 3.14 -3.04 0.10
151 -2.7961 -0.2991 0 0.0000 8.996 8.92 1.24 3.14 -3.04 0.10
152 -2.8045 -0.3002 0 0.0000 8.996 8.92 1.24 3.14 -3.04 0.10
153 -2.8373 -0.2957 0 0.0000 8.996 8.92 1.24 3.14 -3.04 0.10
154 -2.8296 -0.2730 0 0.0000 8.996 8.92 1.24 3.14 -3.04 0.10
155 -2.8635 -0.2704 0 0.0000 8.996 8.92 1.24 3.14 -3.04 0.10
156 -2.8530 -0.2820 0 0.0000 8.996 8.92 1.24 3.14 -3.04 0.10
157 -2.8453 -0.2780 0 0.0000 8.996 8.92 1.24 3.14 -3.04 0.10
158 -2.9044 -0.3025 0 0.0000 8.996 8.92 1.24 3.14 -3.04 0.10
159 -2.9297 -0.3100 0 0.0000 8.996 8.92 1.24 3.14 -3.04 0.10
160 -2.9019 -0.2965 0 0.0000 8.996 8.92 1.24 3.14 -3.04 0.10
161 -2.9295 -0.3014 0 0.0000 8.996 8.92 1.24 3.14 -3.04 0.10
162 -2.9764 -0.3343 0 0.0000 8.996 8.92 1.24 3.14 -3.04 0.10
163 -2.9797 -0.3467 0 0.0000 8.996 8.92 1.24 3.14 -3.04 0.10
164 -2.9390 -0.3245 0 0.0000 8.996 8.92 1.24 3.14 -3.04 0.10
165 -2.9696 -0.3294 0 0.0000 8.996 8.92 1.24 3.14 -3.04 0.10
166 -2.9801 -0.3317 0 0.0000 8.996 8.92 1.24 3.14 -3.04 0.10
167 -3.0006 -0.3705 0 0.0000 8.996 8.92 1.24 3.14 -3.04 0.10
168 -3.0285 -0.3643 0 0.0000 8.996 8.92 1.24 3.14 -3.04 0.10
169 -3.0278 -0.3531 0 0.0000 8.996 8.92 1.24 3.14 -3.04 0.10
170 -3.0670 -0.3656 0 0.0000 8.996 8.92 1.24 3.14 -3.04 0.10
171 -3.0490 -0.3679 0 0.0000 8.996 8.92 1.24 3.14 -3.04 0.10
172 -3.0187 -0.3316 0 0.0000 8.996 8.92 1.24 3.14 -3.04 0.10
173 -2.9920 -0.3262 0 0.0000 8.996 8.92 1.24 3.14 -3.04 0.10
174 -2.9958 -0.3263 0 0.0000 8.996 8.92 1.24 3.14 -3.04 0.10
175 -2.9838 -0.3356 0 0.0000 8.996 8.92 1.24 3.14 -3.04 0.10
176 -2.9475 -0.3484 0 0.0000 8.996 8.92 1.24 3.14 -3.04 0.10
177 -2.9527 -0.3471 0 0.0000 8.996 8.92 1.24 3.14 -3.04 0.10
178 -3.0135 -0.3694 0 0.0000 8.996 8.92 1.24 3.14 -3.04 0.10
179 -2.9990 -0.3665 0 0.0000 8.996 8.92 1.24 3.14 -3.04 0.10
180 -2.9910 -0.3464 0 0.0000 8.996 8.92 1.24 3.14 -3.04 0.10
181 -2.9974 -0.3523 0 0.0000 8.996 8.92 1.24 3.14 -3.04 0.10
182 -3.0015 -0.3413 0 0.0000 8.996 8.92 1.24 3.14 -3.04 0.10
183 -3.0459 -0.3535 0 0.0000 8.996 8.92 1.24 3.14 -3.04 0.10
184 -3.0269 -0.3448 0 0.0000 8.996 8.92 1.24 3.14 -3.04 0.10
185 -3.0343 -0.3516 0 0.0000 8.996 8.92 1.24 3.14 -3.04 0.10
186 -3.0198 -0.3579 0 0.0000 8.996 8.92 1.24 3.14 -3.04 0.10
187 -2.9690 -0.3579 0 0.0000 8.996 8.92 1.24 3.14 -3.04 0.10
188 -2.9598 -0.3692 0 0.0000 8.996 8.92 1.24 3.14 -3.04 0.10
189 -2.9495 -0.3709 0 0.0000 8.996 8.92 1.24 3.14 -3.04 0.10
190 -3.0022 -0.3923 0 0.0000 8.996 8.92 1.24 3.14 -3.04 0.10
191 -2.9648 -0.3654 0 0.0000 8.996 8.92 1.24 3.14 -3.04 0.10
192 -2.9590 -0.3658 0 0.0000 8.996 8.92 1.24 3.14 -3.04 0.10
193 -2.9583 -0.3532 0 0.0000 8.996 8.92 1.24 3.14 -3.04 0.10
194 -3.0016 -0.3484 0 0.0000 8.996 8.92 1.24 3.14 -3.04 0.10
195 -3.0234 -0.3664 0 0.0000 8.996 8.92 1.24 3.14 -3.04 0.10
196 -2.9547 -0.3282 0 0.0000 8.996 8.92 1.24 3.14 -3.04 0.10
197 -2.8583 -0.3031 0 0.0000 8.995 8.92 1.24 3.14 -3.04 0.10
198 -2.8554 -0.3121 0 0.0000 8.995 8.92 1.24 3.14 -3.04 0.10
199 -2.8412 -0.3124 0 0.0000 8.995 8.92 1.24 3.14 -3.04 0.10
200 -2.8270 -0.3035 0 0.0000 8.995 8.92 1.24 3.14 -3.04 0.10
201 -2.8661 -0.3221 0 0.0000 8.995 8.92 1.24 3.14 -3.04 0.10
202 -2.8830 -0.3099 0 0.0000 8.995 8.92 1.24 3.14 -3.04 0.10
203 -2.8417 -0.3006 0 0.0000 8.995 8.92 1.24 3.14 -3.04 0.10
204 -2.7357 -0.2781 0 0.0000 8.995 8.92 1.24 3.14 -3.04 0.10
205 -2.7616 -0.2874 0 0.0000 8.995 8.92 1.24 3.14 -3.04 0.10
206 -2.7712 -0.2965 0 0.0000 8.995 8.92 1.24 3.14 -3.04 0.10
207 -2.7637 -0.3085 0 0.0000 8.995 8.92 1.24 3.14 -3.04 0.10
208 -2.7776 -0.3039 0 0.0000 8.995 8.92 1.24 3.14 -3.04 0.10
209 -2.8110 -0.3284 0 0.0000 8.995 8.92 1.24 3.14 -3.04 0.10
210 -2.8108 -0.3032 0 0.0000 8.995 8.92 1.24 3.14 -3.04 0.10
211 -2.8239 -0.3145 0 0.0000 8.995 8.92 1.24 3.14 -3.04 0.10
212 -2.8330 -0.3121 0 0.0000 8.995 8.92 1.24 3.14 -3.04 0.10
213 -2.8222 -0.3215 0 0.0000 8.995 8.92 1.24 3.14 -3.04 0.10
214 -2.8188 -0.3023 0 0.0000 8.995 8.92 1.24 3.14 -3.04 0.10
215 -2.8042 -0.3114 0 0.0000 8.995 8.92 1.24 3.14 -3.04 0.10
216 -2.8551 -0.3209 0 0.0000 8.995 8.92 1.24 3.14 -3.04 0.10
217 -2.8623 -0.3146 0 0.0000 8.995 8.92 1.24 3.14 -3.04 0.10
218 -2.8555 -0.2880 0 0.0000 8.995 8.92 1.24 3.14 -3.04 0.10
219 -2.8403 -0.2860 0 0.0000 8.995 8.92 1.24 3.14 -3.04 0.10
220 -2.8033 -0.3057 0 0.0000 8.995 8.92 1.24 3.14 -3.04 0.10
221 -2.7762 -0.2880 0 0.0000 8.995 8.92 1.24 3.14 -3.04 0.10
222 -2.8062 -0.2882 0 0.0000 8.995 8.92 1.24 3.14 -3.04 0.10
223 -2.8034 -0.2756 0 0.0000 8.995 8.92 1.24 3.14 -3.04 0.10
224 -2.7813 -0.2609 0 0.0000 8.995 8.92 1.24 3.14 -3.04 0.10
225 -2.8014 -0.2633 0 0.0000 8.995 8.92 1.24 3.14 -3.04 0.10
226 -2.8204 -0.2779 0 0.0000 8.995 8.92 1.24 3.14 -3.04 0.10
227 -2.8181 -0.2954 0 0.0000 8.995 8.92 1.24 3.14 -3.04 0.10
228 -2.7845 -0.3040 0 0.0000 8.995 8.92 1.24 3.14 -3.04 0.10
229 -2.7976 -0.2958 0 0.0000 8.995 8.92 1.24 3.14 -3.04 0.10
230 -2.8409 -0.3280 0 0.0000 8.995 8.92 1.24 3.14 -3.04 0.10
231 -2.8517 -0.3431 0 0.0000 8.995 8.92 1.24 3.14 -3.04 0.10
232 -2.8120 -0.3441 0 0.0000 8.995 8.92 1.24 3.14 -3.04 0.10
233 -2.7985 -0.3283 0 0.0000 8.995 8.92 1.24 3.14 -3.04 0.10
234 -2.8612 -0.3275 0 0.0000 8.994 8.92 1.24 3.14 -3.04 0.10
235 -2.8868 -0.3496 0 0.0000 8.994 8.92 1.24 3.14 -3.04 0.10
236 -2.9022 -0.3310 0 0.0000 8.994 8.92 1.24 3.14 -3.04 0.10
237 -2.8877 -0.3418 0 0.0000 8.994 8.92 1.24 3.14 -3.04 0.10
238 -2.8989 -0.3277 0 0.0000 8.994 8.92 1.24 3.14 -3.04 0.10
239 -2.9062 -0.3168 0 0.0000 8.994 8.92 1.24 3.14 -3.04 0.10
240 -2.9009 -0.3220 0 0.0000 8.994 8.92 1.24 3.14 -3.04 0.10
241 -2.8767 -0.2965 0 0.0000 8.994 8.92 1.24 3.14 -3.04 0.10
242 -2.9503 -0.3225 0 0.0000 8.994 8.92 1.24 3.14 -3.04 0.10
243 -2.9324 -0.3190 0 0.0000 8.994 8.92 1.24 3.14 -3.04 0.10
244 -2.8788 -0.3044 0 0.0000 8.994 8.92 1.24 3.14 -3.04 0.10
245 -2.9701 -0.3385 0 0.0000 8.994 8.92 1.24 3.14 -3.04 0.10
246 -2.9525 -0.3403 0 0.0000 8.994 8.92 1.24 3.14 -3.04 0.10
247 -2.8905 -0.3331 0 0.0000 8.994 8.92 1.24 3.14 -3.04 0.10
248 -2.8060 -0.3214 0 0.0000 8.994 8.92 1.24 3.14 -3.04 0.10
249 -2.8226 -0.3187 0 0.0000 8.994 8.92 1.24 3.14 -3.04 0.10
250 -2.8899 -0.3341 0 0.0000 8.994 8.92 1.24 3.14 -3.04 0.10
251 -2.9380 -0.3475 0 0.0000 8.994 8.92 1.24 3.14 -3.04 0.10
252 -2.8998 -0.3293 0 0.0000 8.993 8.92 1.24 3.14 -3.04 0.10
253 -2.8465 -0.3269 0 0.0000 8.992 8.91 1.24 3.14 -3.04 0.10
254 -2.8677 -0.3154 0 0.0000 8.991 8.91 1.24 3.14 -3.04 0.10
255 -2.8635 -0.3134 0 0.0000 8.991 8.91 1.24 3.14 -3.04 0.10
256 -2.7769 -0.2809 0 0.0000 8.990 8.91 1.24 3.14 -3.04 0.10
257 -2.7486 -0.2756 0 0.0000 8.989 8.91 1.24 3.14 -3.04 0.10
258 -2.7766 -0.2941 0 0.0000 8.989 8.91 1.24 3.14 -3.04 0.10
259 -2.7458 -0.2845 0 0.0000 8.989 8.91 1.24 3.14 -3.04 0.10
260 -2.7107 -0.2748 0 0.0000 8.989 8.91 1.24 3.14 -3.04 0.10
261 -2.7472 -0.2914 0 0.0000 8.988 8.91 1.24 3.14 -3.04 0.10
262 -2.7136 -0.3068 0 0.0000 8.988 8.91 1.24 3.14 -3.04 0.10
263 -2.7599 -0.3060 0 0.0000 8.988 8.91 1.24 3.14 -3.04 0.10
264 -2.7393 -0.3049 0 0.0000 8.988 8.91 1.24 3.14 -3.04 0.10
265 -2.7392 -0.2910 0 0.0000 8.988 8.91 1.24 3.14 -3.04 0.10
266 -2.7870 -0.2769 0 0.0000 8.988 8.91 1.24 3.14 -3.04 0.10
267 -2.7810 -0.2769 0 0.0000 8.988 8.91 1.24 3.14 -3.04 0.10
268 -2.7720 -0.2996 0 0.0000 8.988 8.91 1.24 3.14 -3.04 0.10
269 -2.7927 -0.3057 0 0.0000 8.988 8.91 1.24 3.14 -3.04 0.10
270 -2.8082 -0.3110 0 0.0000 8.988 8.91 1.24 3.14 -3.04 0.10
271 -2.7827 -0.2901 0 0.0000 8.987 8.91 1.24 3.14 -3.04 0.10
272 -2.7592 -0.2759 0 0.0000 8.987 8.91 1.24 3.14 -3.04 0.10
273 -2.7787 -0.2830 0 0.0000 8.987 8.91 1.24 3.14 -3.04 0.10
274 -2.8110 -0.3055 0 0.0000 8.986 8.91 1.24 3.14 -3.04 0.10
275 -2.8229 -0.3221 0 0.0000 8.986 8.91 1.24 3.14 -3.04 0.10
276 -2.7875 -0.3166 0 0.0000 8.986 8.91 1.24 3.14 -3.04 0.10
277 -2.8167 -0.3221 0 0.0000 8.986 8.91 1.24 3.14 -3.04 0.10
278 -2.8016 -0.3149 0 0.0000 8.985 8.91 1.24 3.14 -3.04 0.10
279 -2.7746 -0.3147 0 0.0000 8.985 8.91 1.24 3.14 -3.04 0.10
280 -2.7334 -0.3042 0 0.0000 8.985 8.91 1.24 3.14 -3.04 0.10
281 -2.7443 -0.3200 0 0.0000 8.985 8.91 1.24 3.14 -3.04 0.10
282 -2.7986 -0.3190 0 0.0000 8.985 8.91 1.24 3.14 -3.04 0.10
283 -2.8250 -0.3181 0 0.0000 8.985 8.91 1.24 3.14 -3.04 0.10
284 -2.8454 -0.3082 0 0.0000 8.985 8.91 1.24 3.14 -3.04 0.10
285 -2.8417 -0.3189 0 0.0000 8.984 8.91 1.24 3.14 -3.04 0.10
286 -2.8799 -0.3232 0 0.0000 8.984 8.91 1.24 3.14 -3.04 0.10
287 -2.8281 -0.3071 0 0.0000 8.984 8.91 1.24 3.14 -3.04 0.10
288 -2.7274 -0.2795 0 0.0000 8.984 8.91 1.24 3.14 -3.04 0.10
289 -2.7483 -0.2960 0 0.0000 8.984 8.91 1.24 3.14 -3.04 0.10
290 -2.7312 -0.2751 0 0.0000 8.984 8.91 1.24 3.14 -3.04 0.10
291 -2.7081 -0.3018 0 0.0000 8.984 8.91 1.24 3.14 -3.04 0.10
292 -2.7465 -0.3050 0 0.0000 8.984 8.91 1.24 3.14 -3.04 0.10
293 -2.7465 -0.2771 0 0.0000 8.984 8.91 1.24 3.14 -3.04 0.10
294 -2.7765 -0.2991 0 0.0000 8.984 8.91 1.24 3.14 -3.04 0.10
295 -2.7958 -0.3163 0 0.0000 8.984 8.91 1.24 3.14 -3.04 0.10
296 -2.8074 -0.3258 0 0.0000 8.984 8.91 1.24 3.14 -3.04 0.10
297 -2.8320 -0.3318 0 0.0000 8.984 8.91 1.24 3.14 -3.04 0.10
298 -2.8680 -0.3341 0 0.0000 8.984 8.91 1.24 3.14 -3.04 0.10
299 -2.8773 -0.3334 0 0.0000 8.984 8.91 1.24 3.14 -3.04 0.10
300 -2.8108 -0.3141 0 0.0000 8.984 8.91 1.24 3.14 -3.04 0.10
301 -2.8335 -0.3260 0 0.0000 8.984 8.91 1.24 3.14 -3.04 0.10
302 -2.8661 -0.3118 0 0.0000 8.984 8.91 1.24 3.14 -3.04 0.10
303 -2.8289 -0.3023 0 0.0000 8.984 8.91 1.24 3.14 -3.04 0.10
304 -2.8237 -0.2953 0 0.0000 8.984 8.91 1.24 3.14 -3.04 0.10
305 -2.8387 -0.3277 0 0.0000 8.984 8.91 1.24 3.14 -3.04 0.10
306 -2.8413 -0.3248 0 0.0000 8.984 8.91 1.24 3.14 -3.04 0.10
307 -2.8226 -0.3297 0 0.0000 8.984 8.91 1.24 3.14 -3.04 0.10
308 -2.7740 -0.3200 0 0.0000 8.984 8.91 1.24 3.14 -3.04 0.10
309 -2.7718 -0.3087 0 0.0000 8.984 8.91 1.24 3.14 -3.04 0.10
310 -2.8032 -0.3058 0 0.0000 8.984 8.91 1.24 3.14 -3.04 0.10
311 -2.8059 -0.2944 0 0.0000 8.984 8.91 1.24 3.14 -3.04 0.10
312 -2.8148 -0.2988 0 0.0000 8.984 8.91 1.24 3.14 -3.04 0.10
313 -2.8066 -0.2874 0 0.0000 8.984 8.91 1.24 3.14 -3.04 0.10
314 -2.8595 -0.2778 0 0.0000 8.984 8.91 1.24 3.14 -3.04 0.10
315 -2.8220 -0.2899 0 0.0000 8.984 8.91 1.24 3.14 -3.04 0.10
316 -2.7960 -0.2973 0 0.0000 8.984 8.91 1.24 3.14 -3.04 0.10
317 -2.7930 -0.2857 0 0.0000 8.984 8.91 1.24 3.14 -3.04 0.10
318 -2.8096 -0.2804 0 0.0000 8.984 8.91 1.24 3.14 -3.04 0.10
319 -2.7940 -0.2719 0 0.0000 8.984 8.91 1.24 3.14 -3.04 0.10
320 -2.8405 -0.2856 0 0.0000 8.984 8.91 1.24 3.14 -3.04 0.10
321 -2.8377 -0.2911 0 0.0000 8.984 8.91 1.24 3.14 -3.04 0.10
322 -2.8091 -0.2630 0 0.0000 8.984 8.91 1.24 3.14 -3.04 0.10
323 -2.7704 -0.2779 0 0.0000 8.983 8.91 1.24 3.14 -3.04 0.10
324 -2.7277 -0.2559 0 0.0000 8.983 8.91 1.24 3.14 -3.04 0.10
325 -2.7597 -0.2377 0 0.0000 8.983 8.91 1.24 3.14 -3.04 0.10
326 -2.7763 -0.2413 0 0.0000 8.983 8.91 1.24 3.14 -3.04 0.10
327 -2.7965 -0.2785 0 0.0000 8.983 8.91 1.24 3.14 -3.04 0.10
328 -2.7919 -0.2652 0 0.0000 8.983 8.91 1.24 3.14 -3.04 0.10
329 -2.8304 -0.2861 0 0.0000 8.983 8.91 1.24 3.14 -3.04 0.10
330 -2.8566 -0.3021 0 0.0000 8.983 8.91 1.24 3.14 -3.04 0.10
331 -2.8627 -0.3016 0 0.0000 8.983 8.91 1.24 3.14 -3.04 0.10
332 -2.8192 -0.2822 0 0.0000 8.983 8.91 1.24 3.14 -3.04 0.10
333 -2.8056 -0.2916 0 0.0000 8.983 8.91 1.24 3.14 -3.04 0.10
334 -2.8582 -0.2990 0 0.0000 8.983 8.91 1.24 3.14 -3.04 0.10
335 -2.8643 -0.3070 0 0.0000 8.983 8.91 1.24 3.14 -3.04 0.10
336 -2.8827 -0.3067 0 0.0000 8.983 8.91 1.24 3.14 -3.04 0.10
337 -2.9584 -0.3247 0 0.0000 8.983 8.91 1.24 3.14 -3.04 0.10
338 -2.9385 -0.3088 0 0.0000 8.983 8.91 1.24 3.14 -3.04 0.10
339 -2.9382 -0.3132 0 0.0000 8.983 8.91 1.24 3.14 -3.04 0.10
340 -2.8872 -0.3128 0 0.0000 8.983 8.91 1.24 3.14 -3.04 0.10
341 -2.8692 -0.3122 0 0.0000 8.983 8.91 1.24 3.14 -3.04 0.10
342 -2.8970 -0.3236 0 0.0000 8.983 8.91 1.24 3.14 -3.04 0.10
343 -2.9275 -0.3348 0 0.0000 8.983 8.90 1.24 3.14 -3.04 0.10
344 -2.8796 -0.3221 0 0.0000 8.982 8.90 1.24 3.14 -3.04 0.10
345 -2.8907 -0.3189 0 0.0000 8.982 8.90 1.24 3.14 -3.04 0.10
346 -2.9078 -0.3339 0 0.0000 8.982 8.90 1.24 3.14 -3.04 0.10
347 -2.9121 -0.3195 0 0.0000 8.982 8.90 1.24 3.14 -3.04 0.10
348 -2.8625 -0.2919 0 0.0000 8.982 8.90 1.24 3.14 -3.04 0.10
349 -2.8573 -0.2906 0 0.0000 8.982 8.90 1.24 3.14 -3.04 0.10
350 -2.8320 -0.2871 0 0.0000 8.982 8.90 1.24 3.14 -3.04 0.10
351 -2.8822 -0.2786 0 0.0000 8.982 8.90 1.24 3.14 -3.04 0.10
352 -2.8498 -0.2823 0 0.0000 8.982 8.90 1.24 3.14 -3.04 0.10
353 -2.8745 -0.3002 0 0.0000 8.982 8.90 1.24 3.14 -3.04 0.10
354 -2.9106 -0.3173 0 0.0000 8.982 8.90 1.24 3.14 -3.04 0.10
355 -2.9251 -0.3242 0 0.0000 8.982 8.90 1.24 3.14 -3.04 0.10
356 -2.8798 -0.3185 0 0.0000 8.982 8.90 1.24 3.14 -3.04 0.10
357 -2.8942 -0.3153 0 0.0000 8.982 8.90 1.24 3.14 -3.04 0.10
358 -2.9414 -0.3056 0 0.0000 8.982 8.90 1.24 3.14 -3.04 0.10
359 -2.8864 -0.2904 0 0.0000 8.981 8.90 1.24 3.14 -3.04 0.10
360 -2.8593 -0.2981 0 0.0000 8.981 8.90 1.24 3.14 -3.04 0.10
361 -2.8908 -0.3017 0 0.0000 8.981 8.90 1.24 3.14 -3.04 0.10
362 -2.9204 -0.3046 0 0.0000 8.982 8.90 1.24 3.14 -3.04 0.10
363 -2.8883 -0.3202 0 0.0000 8.981 8.90 1.24 3.14 -3.04 0.10
364 -2.8766 -0.3010 0 0.0000 8.981 8.90 1.24 3.14 -3.04 0.10
365 -2.8613 -0.3003 0 0.0000 8.981 8.90 1.24 3.14 -3.04 0.10
366 -2.9377 -0.3179 0 0.0000 8.981 8.90 1.24 3.14 -3.04 0.10
367 -2.7563 -0.2643 0 0.0000 8.981 8.90 1.24 3.14 -3.04 0.10
368 -2.7273 -0.2688 0 0.0000 8.980 8.90 1.24 3.14 -3.04 0.10
369 -2.7520 -0.2761 0 0.0000 8.980 8.90 1.24 3.14 -3.04 0.10
370 -2.7953 -0.2756 0 0.0000 8.980 8.90 1.24 3.14 -3.04 0.10
371 -2.8098 -0.2702 0 0.0000 8.979 8.90 1.24 3.14 -3.04 0.10
372 -2.7990 -0.2930 0 0.0000 8.979 8.90 1.24 3.14 -3.04 0.10
373 -2.7797 -0.2753 0 0.0000 8.979 8.90 1.24 3.14 -3.04 0.10
374 -2.8095 -0.2870 0 0.0000 8.979 8.90 1.24 3.14 -3.04 0.10
375 -2.7545 -0.2726 0 0.0000 8.979 8.90 1.24 3.14 -3.04 0.10
376 -2.7322 -0.2844 0 0.0000 8.979 8.90 1.24 3.14 -3.04 0.10
377 -2.7082 -0.2481 0 0.0000 8.979 8.90 1.24 3.14 -3.04 0.10
378 -2.7201 -0.2249 0 0.0000 8.979 8.90 1.24 3.14 -3.04 0.10
379 -2.7153 -0.2374 0 0.0000 8.979 8.90 1.24 3.14 -3.04 0.10
380 -2.6830 -0.2231 0 0.0000 8.978 8.90 1.24 3.14 -3.04 0.10
381 -2.6834 -0.2174 0 0.0000 8.978 8.90 1.24 3.14 -3.04 0.10
382 -2.6480 -0.2238 0 0.0000 8.978 8.90 1.24 3.14 -3.04 0.10
383 -2.6491 -0.2114 0 0.0000 8.978 8.90 1.24 3.14 -3.04 0.10
384 -2.6265 -0.2334 0 0.0000 8.977 8.90 1.24 3.14 -3.04 0.10
385 -2.6835 -0.2169 0 0.0000 8.977 8.90 1.24 3.14 -3.04 0.10
386 -2.6943 -0.2441 0 0.0000 8.977 8.90 1.24 3.14 -3.04 0.10
387 -2.6433 -0.2342 0 0.0000 8.977 8.90 1.24 3.14 -3.04 0.10
388 -2.6402 -0.2312 0 0.0000 8.977 8.90 1.24 3.14 -3.04 0.10
389 -2.7203 -0.2699 0 0.0000 8.977 8.90 1.24 3.14 -3.04 0.10
390 -2.7598 -0.2617 0 0.0000 8.976 8.90 1.24 3.14 -3.04 0.10
391 -2.7490 -0.2639 0 0.0000 8.976 8.90 1.24 3.14 -3.04 0.10
392 -2.7284 -0.2595 0 0.0000 8.976 8.90 1.24 3.14 -3.04 0.10
393 -2.7120 -0.2511 0 0.0000 8.976 8.90 1.24 3.14 -3.04 0.10
394 -2.8171 -0.2669 0 0.0000 8.976 8.90 1.24 3.14 -3.04 0.10
395 -2.8331 -0.3057 0 0.0000 8.976 8.90 1.24 3.14 -3.04 0.10
396 -2.7266 -0.2786 0 0.0000 8.976 8.90 1.24 3.14 -3.04 0.10
397 -2.7356 -0.2848 0 0.0000 8.976 8.90 1.24 3.14 -3.04 0.10
398 -2.7116 -0.2838 0 0.0000 8.976 8.90 1.24 3.14 -3.04 0.10
399 -2.7452 -0.2989 0 0.0000 8.976 8.90 1.24 3.14 -3.04 0.10
400 -2.6822 -0.2765 0 0.0000 8.976 8.90 1.24 3.14 -3.04 0.10
401 -2.6615 -0.2368 0 0.0000 8.976 8.90 1.24 3.14 -3.04 0.10
402 -2.7005 -0.2573 0 0.0000 8.976 8.90 1.24 3.14 -3.04 0.10
403 -2.7426 -0.2456 0 0.0000 8.975 8.90 1.24 3.14 -3.04 0.10
404 -2.7415 -0.2195 0 0.0000 8.974 8.90 1.24 3.14 -3.04 0.10
405 -2.7437 -0.2262 0 0.0000 8.974 8.90 1.24 3.14 -3.04 0.10
406 -2.7389 -0.2442 0 0.0000 8.974 8.90 1.24 3.14 -3.04 0.10
407 -2.7569 -0.2610 0 0.0000 8.974 8.90 1.24 3.14 -3.04 0.10
408 -2.7291 -0.2525 0 0.0000 8.974 8.90 1.24 3.14 -3.04 0.10
409 -2.7801 -0.2612 0 0.0000 8.974 8.90 1.24 3.14 -3.04 0.10
410 -2.8161 -0.2846 0 0.0000 8.974 8.90 1.24 3.14 -3.04 0.10
411 -2.8756 -0.2866 0 0.0000 8.974 8.90 1.24 3.14 -3.04 0.10
412 -2.8346 -0.2871 0 0.0000 8.974 8.90 1.24 3.14 -3.04 0.10
413 -2.8106 -0.2798 0 0.0000 8.974 8.90 1.24 3.14 -3.04 0.10
414 -2.8645 -0.2900 0 0.0000 8.974 8.90 1.24 3.14 -3.04 0.10
415 -2.8522 -0.2719 0 0.0000 8.974 8.90 1.24 3.14 -3.04 0.10
416 -2.8166 -0.2599 0 0.0000 8.974 8.90 1.24 3.14 -3.04 0.10
417 -2.8039 -0.2581 0 0.0000 8.974 8.90 1.24 3.14 -3.04 0.10
418 -2.7960 -0.2574 0 0.0000 8.974 8.90 1.24 3.14 -3.04 0.10
419 -2.7922 -0.2712 0 0.0000 8.974 8.90 1.24 3.14 -3.04 0.10
420 -2.7663 -0.2495 0 0.0000 8.974 8.90 1.24 3.14 -3.04 0.10
421 -2.7912 -0.2526 0 0.0000 8.974 8.90 1.24 3.14 -3.04 0.10
422 -2.8227 -0.2644 0 0.0000 8.974 8.90 1.24 3.14 -3.04 0.10
423 -2.7918 -0.2635 0 0.0000 8.974 8.90 1.24 3.14 -3.04 0.10
424 -2.8140 -0.2549 0 0.0000 8.974 8.90 1.24 3.14 -3.04 0.10
425 -2.8273 -0.2743 0 0.0000 8.974 8.90 1.24 3.14 -3.04 0.10
426 -2.8530 -0.2521 0 0.0000 8.974 8.90 1.24 3.14 -3.04 0.10
427 -2.8858 -0.2711 0 0.0000 8.974 8.90 1.24 3.14 -3.04 0.10
428 -2.9025 -0.2768 0 0.0000 8.974 8.90 1.24 3.14 -3.04 0.10
429 -2.8975 -0.2697 0 0.0000 8.974 8.90 1.24 3.14 -3.04 0.10
430 -2.9312 -0.2988 0 0.0000 8.974 8.90 1.24 3.14 -3.04 0.10
431 -2.9355 -0.3275 0 0.0000 8.974 8.90 1.24 3.14 -3.04 0.10
432 -2.9107 -0.3108 0 0.0000 8.974 8.90 1.24 3.14 -3.04 0.10
433 -2.8967 -0.2923 0 0.0000 8.974 8.90 1.24 3.14 -3.04 0.10
434 -2.9335 -0.3087 0 0.0000 8.974 8.90 1.24 3.14 -3.04 0.10
435 -2.8869 -0.3087 0 0.0000 8.974 8.90 1.24 3.14 -3.04 0.10
436 -2.8473 -0.2874 0 0.0000 8.974 8.90 1.24 3.14 -3.04 0.10
437 -2.8884 -0.2882 0 0.0000 8.974 8.90 1.24 3.14 -3.04 0.10
438 -2.9465 -0.3092 0 0.0000 8.974 8.90 1.24 3.14 -3.04 0.10
439 -2.8434 -0.2915 0 0.0000 8.974 8.90 1.24 3.14 -3.04 0.10
440 -2.8393 -0.3085 0 0.0000 8.974 8.90 1.24 3.14 -3.04 0.10
441 -2.8172 -0.2992 0 0.0000 8.974 8.90 1.24 3.14 -3.04 0.10
442 -2.8161 -0.3098 0 0.0000 8.974 8.90 1.24 3.14 -3.04 0.10
443 -2.7988 -0.3135 0 0.0000 8.974 8.90 1.24 3.14 -3.04 0.10
444 -2.8266 -0.3092 0 0.0000 8.974 8.90 1.24 3.14 -3.04 0.10
445 -2.8475 -0.3207 0 0.0000 8.974 8.90 1.24 3.14 -3.04 0.10
446 -2.8365 -0.2938 0 0.0000 8.974 8.90 1.24 3.14 -3.04 0.10
447 -2.8004 -0.2806 0 0.0000 8.974 8.90 1.24 3.14 -3.04 0.10
448 -2.7618 -0.2685 0 0.0000 8.974 8.90 1.24 3.14 -3.04 0.10
449 -2.8112 -0.2883 0 0.0000 8.974 8.90 1.24 3.14 -3.04 0.10
450 -2.7882 -0.2902 0 0.0000 8.974 8.90 1.24 3.14 -3.04 0.10
451 -2.7391 -0.2863 0 0.0000 8.974 8.90 1.24 3.14 -3.04 0.10
452 -2.7663 -0.2880 0 0.0000 8.974 8.90 1.24 3.14 -3.04 0.10
453 -2.8100 -0.3002 0 0.0000 8.974 8.90 1.24 3.14 -3.04 0.10
454 -2.7966 -0.3018 0 0.0000 8.974 8.90 1.24 3.14 -3.04 0.10
455 -2.7821 -0.2887 0 0.0000 8.974 8.90 1.24 3.14 -3.04 0.10
456 -2.7787 -0.2980 0 0.0000 8.974 8.90 1.24 3.14 -3.04 0.10
457 -2.8547 -0.3055 0 0.0000 8.973 8.90 1.24 3.14 -3.04 0.10
458 -2.9410 -0.3282 0 0.0000 8.973 8.90 1.24 3.14 -3.04 0.10
459 -2.8185 -0.2998 0 0.0000 8.973 8.89 1.24 3.14 -3.04 0.10
460 -2.7584 -0.2910 0 0.0000 8.972 8.89 1.24 3.14 -3.04 0.10
461 -2.7157 -0.2753 0 0.0000 8.972 8.89 1.24 3.14 -3.04 0.10
462 -2.8222 -0.3054 0 0.0000 8.972 8.89 1.24 3.14 -3.04 0.10
463 -2.9580 -0.3675 0 0.0000 8.971 8.89 1.24 3.14 -3.04 0.10
464 -2.8932 -0.3556 0 0.0000 8.971 8.89 1.24 3.14 -3.04 0.10
465 -2.9126 -0.3651 0 0.0000 8.970 8.89 1.24 3.14 -3.04 0.10
466 -2.9629 -0.3589 0 0.0000 8.969 8.89 1.24 3.14 -3.04 0.10
467 -2.8780 -0.3476 0 0.0000 8.969 8.89 1.24 3.14 -3.04 0.10
468 -2.7715 -0.3183 0 0.0000 8.969 8.89 1.24 3.14 -3.04 0.10
469 -2.7515 -0.3139 0 0.0000 8.969 8.89 1.24 3.14 -3.04 0.10
470 -2.7730 -0.3402 0 0.0000 8.969 8.89 1.24 3.14 -3.04 0.10
471 -2.7531 -0.3277 0 0.0000 8.969 8.89 1.24 3.14 -3.04 0.10
472 -2.7462 -0.3265 0 0.0000 8.969 8.89 1.24 3.14 -3.04 0.10
473 -2.8314 -0.3295 0 0.0000 8.968 8.89 1.24 3.14 -3.04 0.10
474 -2.8528 -0.3303 0 0.0000 8.967 8.89 1.24 3.14 -3.04 0.10
475 -2.8564 -0.3274 0 0.0000 8.967 8.89 1.24 3.14 -3.04 0.10
476 -2.8645 -0.3233 0 0.0000 8.967 8.89 1.24 3.14 -3.04 0.10
477 -2.8751 -0.3238 0 0.0000 8.967 8.89 1.24 3.14 -3.04 0.10
478 -2.9088 -0.3397 0 0.0000 8.967 8.89 1.24 3.14 -3.04 0.10
479 -2.8579 -0.3320 0 0.0000 8.967 8.89 1.24 3.14 -3.04 0.10
480 -2.7918 -0.3355 0 0.0000 8.967 8.89 1.24 3.14 -3.04 0.10
481 -2.7860 -0.3171 0 0.0000 8.967 8.89 1.24 3.14 -3.04 0.10
482 -2.7730 -0.3091 0 0.0000 8.967 8.89 1.24 3.14 -3.04 0.10
483 -2.7551 -0.3093 0 0.0000 8.967 8.89 1.24 3.14 -3.04 0.10
484 -2.7974 -0.3042 0 0.0000 8.967 8.89 1.24 3.14 -3.04 0.10
485 -2.8312 -0.2937 0 0.0000 8.967 8.89 1.24 3.14 -3.04 0.10
486 -2.8475 -0.3002 0 0.0000 8.967 8.89 1.24 3.14 -3.04 0.10
487 -2.8420 -0.2996 0 0.0000 8.967 8.89 1.24 3.14 -3.04 0.10
488 -2.8393 -0.2995 0 0.0000 8.967 8.89 1.24 3.14 -3.04 0.10
489 -2.8196 -0.3123 0 0.0000 8.967 8.89 1.24 3.14 -3.04 0.10
490 -2.8509 -0.2973 0 0.0000 8.967 8.89 1.24 3.14 -3.04 0.10
491 -2.8381 -0.3123 0 0.0000 8.967 8.89 1.24 3.14 -3.04 0.10
492 -2.8179 -0.2957 0 0.0000 8.967 8.89 1.24 3.14 -3.04 0.10
493 -2.8277 -0.3021 0 0.0000 8.966 8.89 1.24 3.14 -3.04 0.10
494 -2.8567 -0.3091 0 0.0000 8.966 8.89 1.24 3.14 -3.04 0.10
495 -2.8263 -0.2989 0 0.0000 8.966 8.89 1.24 3.14 -3.04 0.10
496 -2.8201 -0.2778 0 0.0000 8.966 8.89 1.24 3.14 -3.04 0.10
497 -2.8315 -0.2874 0 0.0000 8.966 8.89 1.24 3.14 -3.04 0.10
498 -2.8307 -0.2706 0 0.0000 8.966 8.89 1.24 3.14 -3.04 0.10
499 -2.7869 -0.2728 0 0.0000 8.966 8.89 1.24 3.14 -3.04 0.10
500 -2.7800 -0.2776 0 0.0000 8.966 8.89 1.24 3.14 -3.04 0.10
501 -2.7676 -0.2720 0 0.0000 8.966 8.89 1.24 3.14 -3.04 0.10
502 -2.7645 -0.2699 0 0.0000 8.966 8.89 1.24 3.14 -3.04 0.10
503 -2.7741 -0.2696 0 0.0000 8.966 8.89 1.24 3.14 -3.04 0.10
504 -2.7394 -0.2667 0 0.0000 8.966 8.89 1.24 3.14 -3.04 0.10
505 -2.7293 -0.2650 0 0.0000 8.966 8.89 1.24 3.14 -3.04 0.10
506 -2.7549 -0.2776 0 0.0000 8.966 8.89 1.24 3.14 -3.04 0.10
507 -2.7385 -0.2726 0 0.0000 8.966 8.89 1.24 3.14 -3.04 0.10
508 -2.7310 -0.2876 0 0.0000 8.966 8.89 1.24 3.14 -3.04 0.10
509 -2.7083 -0.2947 0 0.0000 8.966 8.89 1.24 3.14 -3.04 0.10
510 -2.7667 -0.2992 0 0.0000 8.966 8.89 1.24 3.14 -3.04 0.10
511 -2.7620 -0.2771 0 0.0000 8.966 8.89 1.24 3.14 -3.04 0.10
512 -2.7507 -0.2944 0 0.0000 8.966 8.89 1.24 3.14 -3.04 0.10
513 -2.7824 -0.2856 0 0.0000 8.966 8.89 1.24 3.14 -3.04 0.10
514 -2.7597 -0.2859 0 0.0000 8.966 8.89 1.24 3.14 -3.04 0.10
515 -2.7546 -0.2818 0 0.0000 8.966 8.89 1.24 3.14 -3.04 0.10
516 -2.7137 -0.2819 0 0.0000 8.966 8.89 1.24 3.14 -3.04 0.10
517 -2.7667 -0.2840 0 0.0000 8.966 8.89 1.24 3.14 -3.04 0.10
518 -2.8194 -0.2958 0 0.0000 8.966 8.89 1.24 3.14 -3.04 0.10
519 -2.8239 -0.2860 0 0.0000 8.966 8.89 1.24 3.14 -3.04 0.10
520 -2.8347 -0.2660 0 0.0000 8.966 8.89 1.24 3.14 -3.04 0.10
521 -2.8401 -0.2722 0 0.0000 8.966 8.89 1.24 3.14 -3.04 0.10
522 -2.8728 -0.2910 0 0.0000 8.966 8.89 1.24 3.14 -3.04 0.10
523 -2.9043 -0.3063 0 0.0000 8.966 8.89 1.24 3.14 -3.04 0.10
524 -2.8594 -0.2879 0 0.0000 8.966 8.89 1.24 3.14 -3.04 0.10
525 -2.8082 -0.2910 0 0.0000 8.966 8.89 1.24 3.14 -3.04 0.10
526 -2.7603 -0.2700 0 0.0000 8.966 8.89 1.24 3.14 -3.04 0.10
527 -2.7516 -0.2797 0 0.0000 8.966 8.89 1.24 3.14 -3.04 0.10
528 -2.7755 -0.2921 0 0.0000 8.966 8.89 1.24 3.14 -3.04 0.10
529 -2.7758 -0.2836 0 0.0000 8.966 8.89 1.24 3.14 -3.04 0.10
530 -2.8456 -0.2811 0 0.0000 8.966 8.89 1.24 3.14 -3.04 0.10
531 -2.8977 -0.3121 0 0.0000 8.966 8.89 1.24 3.14 -3.04 0.10
532 -2.9239 -0.3354 0 0.0000 8.966 8.89 1.24 3.14 -3.04 0.10
533 -2.9425 -0.3399 0 0.0000 8.965 8.89 1.24 3.14 -3.04 0.10
534 -2.9407 -0.3440 0 0.0000 8.965 8.89 1.24 3.14 -3.04 0.10
535 -2.8729 -0.3219 0 0.0000 8.965 8.89 1.24 3.14 -3.04 0.10
536 -2.8600 -0.3211 0 0.0000 8.965 8.89 1.24 3.14 -3.04 0.10
537 -2.8818 -0.3207 0 0.0000 8.965 8.89 1.24 3.14 -3.04 0.10
538 -2.8831 -0.3197 0 0.0000 8.965 8.89 1.24 3.14 -3.04 0.10
539 -2.8476 -0.3110 0 0.0000 8.965 8.89 1.24 3.14 -3.04 0.10
540 -2.8358 -0.3059 0 0.0000 8.965 8.89 1.24 3.14 -3.04 0.10
541 -2.8695 -0.3230 0 0.0000 8.965 8.89 1.24 3.14 -3.04 0.10
542 -2.8818 -0.3216 0 0.0000 8.965 8.89 1.24 3.14 -3.04 0.10
543 -2.8572 -0.3125 0 0.0000 8.965 8.89 1.24 3.14 -3.04 0.10
544 -2.8281 -0.3210 0 0.0000 8.965 8.89 1.24 3.14 -3.04 0.10
545 -2.8174 -0.3190 0 0.0000 8.965 8.89 1.24 3.14 -3.04 0.10
546 -2.8245 -0.3268 0 0.0000 8.965 8.89 1.24 3.14 -3.04 0.10
547 -2.7956 -0.3182 0 0.0000 8.965 8.89 1.24 3.14 -3.04 0.10
548 -2.7990 -0.3077 0 0.0000 8.965 8.89 1.24 3.14 -3.04 0.10
549 -2.8267 -0.3029 0 0.0000 8.965 8.89 1.24 3.14 -3.04 0.10
550 -2.8328 -0.3165 0 0.0000 8.965 8.89 1.24 3.14 -3.04 0.10
551 -2.8159 -0.3043 0 0.0000 8.965 8.89 1.24 3.14 -3.04 0.10
552 -2.8290 -0.3088 0 0.0000 8.965 8.89 1.24 3.14 -3.04 0.10
553 -2.8341 -0.3228 0 0.0000 8.965 8.89 1.24 3.14 -3.04 0.10
554 -2.8538 -0.3280 0 0.0000 8.965 8.89 1.24 3.14 -3.04 0.10
555 -2.8243 -0.3187 0 0.0000 8.965 8.89 1.24 3.14 -3.04 0.10
556 -2.8052 -0.3287 0 0.0000 8.964 8.89 1.24 3.14 -3.04 0.10
557 -2.7776 -0.3375 0 0.0000 8.964 8.89 1.24 3.14 -3.04 0.10
558 -2.8442 -0.3662 0 0.0000 8.964 8.89 1.24 3.14 -3.04 0.10
559 -2.8332 -0.3643 0 0.0000 8.964 8.89 1.24 3.14 -3.04 0.10
560 -2.8370 -0.3756 0 0.0000 8.964 8.89 1.24 3.14 -3.04 0.10
561 -2.8875 -0.3710 0 0.0000 8.964 8.89 1.24 3.14 -3.04 0.10
562 -2.9017 -0.3929 0 0.0000 8.964 8.89 1.24 3.14 -3.04 0.10
563 -2.9131 -0.3862 0 0.0000 8.964 8.89 1.24 3.14 -3.04 0.10
564 -2.8291 -0.3565 0 0.0000 8.964 8.89 1.24 3.14 -3.04 0.10
565 -2.8274 -0.3661 0 0.0000 8.964 8.89 1.24 3.14 -3.04 0.10
566 -2.8373 -0.3620 0 0.0000 8.964 8.89 1.24 3.14 -3.04 0.10
567 -2.8697 -0.3716 0 0.0000 8.963 8.89 1.24 3.14 -3.04 0.10
568 -2.8676 -0.3623 0 0.0000 8.963 8.88 1.24 3.14 -3.04 0.10
569 -2.8509 -0.3496 0 0.0000 8.963 8.88 1.24 3.14 -3.04 0.10
570 -2.8916 -0.3469 0 0.0000 8.963 8.88 1.24 3.14 -3.04 0.10
571 -2.8674 -0.3463 0 0.0000 8.963 8.88 1.24 3.14 -3.04 0.10
572 -2.8557 -0.3620 0 0.0000 8.963 8.88 1.24 3.14 -3.04 0.10
573 -2.8503 -0.3593 0 0.0000 8.963 8.88 1.24 3.14 -3.04 0.10
574 -2.8275 -0.3562 0 0.0000 8.963 8.88 1.24 3.14 -3.04 0.10
575 -2.8289 -0.3487 0 0.0000 8.963 8.88 1.24 3.14 -3.04 0.10
576 -2.8522 -0.3559 0 0.0000 8.963 8.88 1.24 3.14 -3.04 0.10
577 -2.8800 -0.3383 0 0.0000 8.963 8.88 1.24 3.14 -3.04 0.10
578 -2.9227 -0.3384 0 0.0000 8.963 8.88 1.24 3.14 -3.04 0.10
579 -2.9063 -0.3287 0 0.0000 8.963 8.88 1.24 3.14 -3.04 0.10
580 -2.9015 -0.3367 0 0.0000 8.963 8.88 1.24 3.14 -3.04 0.10
581 -2.8688 -0.3224 0 0.0000 8.963 8.88 1.24 3.14 -3.04 0.10
582 -2.8514 -0.3193 0 0.0000 8.963 8.88 1.24 3.14 -3.04 0.10
583 -2.8642 -0.3071 0 0.0000 8.963 8.88 1.24 3.14 -3.04 0.10
584 -2.8591 -0.3060 0 0.0000 8.963 8.88 1.24 3.14 -3.04 0.10
585 -2.8102 -0.2892 0 0.0000 8.963 8.88 1.24 3.14 -3.04 0.10
586 -2.8389 -0.2904 0 0.0000 8.963 8.88 1.24 3.14 -3.04 0.10
587 -2.8184 -0.3007 0 0.0000 8.963 8.88 1.24 3.14 -3.04 0.10
588 -2.8238 -0.3065 0 0.0000 8.963 8.88 1.24 3.14 -3.04 0.10
589 -2.8284 -0.3288 0 0.0000 8.963 8.88 1.24 3.14 -3.04 0.10
590 -2.8529 -0.3305 0 0.0000 8.963 8.88 1.24 3.14 -3.04 0.10
591 -2.7806 -0.3110 0 0.0000 8.963 8.88 1.24 3.14 -3.04 0.10
592 -2.8028 -0.3237 0 0.0000 8.963 8.88 1.24 3.14 -3.04 0.10
593 -2.8235 -0.3301 0 0.0000 8.963 8.88 1.24 3.14 -3.04 0.10
594 -2.8599 -0.3153 0 0.0000 8.963 8.88 1.24 3.14 -3.04 0.10
595 -2.8161 -0.3162 0 0.0000 8.963 8.88 1.24 3.14 -3.04 0.10
596 -2.7913 -0.2979 0 0.0000 8.963 8.88 1.24 3.14 -3.04 0.10
597 -2.7603 -0.2892 0 0.0000 8.963 8.88 1.24 3.14 -3.04 0.10
598 -2.7648 -0.2905 0 0.0000 8.963 8.88 1.24 3.14 -3.04 0.10
599 -2.7640 -0.3039 0 0.0000 8.963 8.88 1.24 3.14 -3.04 0.10
