# step wm_danger det_logit danger fire dist_t dx dy yaw tbrg offaxis
0 0.7960 0.2166 0 0.0000 12.042 -11.66 0.00 0.00 0.00 0.00
1 -0.3921 0.2895 0 0.0000 12.040 -11.65 0.00 -0.00 -0.00 0.00
2 -0.1520 0.2972 0 0.0000 12.032 -11.65 0.00 -0.00 -0.00 0.00
3 -0.1492 0.3438 0 0.0000 12.013 -11.63 0.00 -0.01 -0.00 0.00
4 -0.1442 0.3651 0 0.0000 11.980 -11.59 0.01 -0.01 -0.00 0.01
5 -0.4407 0.3383 0 0.0000 11.934 -11.55 0.02 -0.01 -0.00 0.00
6 -0.8545 0.3152 0 0.0000 11.875 -11.49 0.04 -0.01 -0.00 0.00
7 -1.0979 0.2722 0 0.0000 11.808 -11.42 0.05 -0.01 -0.00 0.01
8 -1.3011 0.2478 0 0.0000 11.734 -11.35 0.08 -0.02 -0.01 0.01
9 -1.5248 0.1957 0 0.0000 11.653 -11.27 0.10 -0.02 -0.01 0.01
10 -1.6452 0.1037 0 0.0000 11.568 -11.18 0.13 -0.02 -0.01 0.01
11 -1.7226 -0.0164 0 0.0000 11.480 -11.09 0.16 -0.02 -0.01 0.01
12 -1.3994 0.2050 0 0.0000 11.394 -11.00 0.19 -0.02 -0.02 0.01
13 -1.1682 0.3491 0 0.0000 11.317 -10.93 0.22 -0.03 -0.02 0.01
14 -1.2159 0.2551 0 0.0000 11.252 -10.86 0.24 -0.02 -0.02 0.00
15 -1.0542 0.3440 0 0.0000 11.198 -10.80 0.26 -0.03 -0.02 0.00
16 -0.9868 0.3480 0 0.0000 11.157 -10.76 0.28 -0.03 -0.02 0.00
17 -0.9555 0.3369 0 0.0000 11.128 -10.73 0.29 -0.03 -0.03 0.00
18 -0.8866 0.3527 0 0.0000 11.111 -10.71 0.30 -0.03 -0.03 0.00
19 -0.9074 0.3198 0 0.0000 11.104 -10.71 0.31 -0.02 -0.03 0.00
20 -0.9261 0.3113 0 0.0000 11.108 -10.71 0.32 -0.02 -0.03 0.00
21 -0.9389 0.2733 0 0.0000 11.121 -10.72 0.32 -0.02 -0.03 0.01
22 -1.1480 0.1327 0 0.0000 11.140 -10.74 0.33 -0.02 -0.03 0.01
23 -1.2743 -0.0193 0 0.0000 11.163 -10.76 0.34 -0.02 -0.03 0.01
24 -1.2095 0.1201 0 0.0000 11.190 -10.79 0.35 -0.02 -0.03 0.01
25 -1.0665 0.1458 0 0.0000 11.217 -10.82 0.36 -0.02 -0.03 0.01
26 -0.9635 0.1649 0 0.0000 11.241 -10.84 0.37 -0.03 -0.03 0.01
27 -0.2565 0.1798 0 0.0000 11.253 -10.85 0.38 -0.03 -0.03 0.01
28 -0.2253 0.0952 0 0.0000 11.250 -10.85 0.39 -0.03 -0.03 0.01
29 -0.3888 0.2278 0 0.0000 11.228 -10.82 0.40 -0.04 -0.04 0.00
30 -0.6582 0.2296 0 0.0000 11.190 -10.79 0.41 -0.04 -0.04 0.00
31 -0.8925 0.2026 0 0.0000 11.137 -10.73 0.42 -0.04 -0.04 0.00
32 -1.3200 0.0511 0 0.0000 11.071 -10.66 0.44 -0.04 -0.04 0.00
33 -1.3658 -0.2573 0 0.0000 10.997 -10.59 0.46 -0.04 -0.04 0.00
34 -0.7289 0.2653 0 0.0000 10.921 -10.51 0.48 -0.04 -0.04 0.00
35 -0.6196 0.4892 0 0.0000 10.853 -10.44 0.50 -0.04 -0.05 0.00
36 -0.6486 0.3538 0 0.0000 10.800 -10.39 0.52 -0.04 -0.05 0.01
37 -0.8573 0.0478 0 0.0000 10.758 -10.34 0.54 -0.04 -0.05 0.01
38 -0.6971 0.2502 0 0.0000 10.724 -10.31 0.55 -0.04 -0.05 0.01
39 -0.8421 0.2671 0 0.0000 10.700 -10.28 0.57 -0.04 -0.05 0.01
40 -0.7729 0.1712 0 0.0000 10.688 -10.27 0.58 -0.04 -0.05 0.02
41 -0.8349 0.1012 0 0.0000 10.684 -10.26 0.59 -0.04 -0.06 0.02
42 -0.8766 0.0412 0 0.0000 10.687 -10.27 0.60 -0.04 -0.06 0.02
43 -0.9464 0.0068 0 0.0000 10.696 -10.27 0.61 -0.04 -0.06 0.02
44 -1.0223 -0.0491 0 0.0000 10.713 -10.29 0.61 -0.03 -0.06 0.02
45 -1.0822 -0.0768 0 0.0000 10.735 -10.31 0.62 -0.03 -0.06 0.02
46 -1.3398 -0.1966 0 0.0000 10.760 -10.34 0.62 -0.03 -0.06 0.03
47 -0.9860 -0.1110 0 0.0000 10.784 -10.36 0.63 -0.03 -0.06 0.02
48 -0.3869 -0.1836 0 0.0000 10.801 -10.37 0.63 -0.04 -0.06 0.02
49 -0.6884 -0.1513 0 0.0000 10.803 -10.38 0.64 -0.04 -0.06 0.02
50 -0.9454 -0.1728 0 0.0000 10.788 -10.36 0.64 -0.04 -0.06 0.02
51 -1.4525 -0.2798 0 0.0000 10.755 -10.33 0.65 -0.04 -0.06 0.02
52 -1.5706 -0.3514 0 0.0000 10.707 -10.28 0.66 -0.05 -0.06 0.01
53 -1.6233 -0.6096 0 0.0000 10.647 -10.22 0.67 -0.04 -0.06 0.02
54 -1.1991 -0.2198 0 0.0000 10.582 -10.15 0.68 -0.04 -0.06 0.02
55 -1.2953 -0.3883 0 0.0000 10.522 -10.09 0.69 -0.05 -0.07 0.02
56 -1.2586 -0.3875 0 0.0000 10.468 -10.03 0.70 -0.05 -0.07 0.02
57 -1.1758 -0.1296 0 0.0000 10.425 -9.99 0.71 -0.04 -0.07 0.02
58 -1.0710 -0.2072 0 0.0000 10.392 -9.95 0.72 -0.04 -0.07 0.03
59 -1.2515 -0.3013 0 0.0000 10.364 -9.92 0.72 -0.04 -0.07 0.03
60 -1.4057 -0.5249 0 0.0000 10.334 -9.89 0.73 -0.04 -0.07 0.03
61 -1.6482 -0.8840 0 0.0000 10.300 -9.86 0.74 -0.04 -0.07 0.03
62 -1.6482 -0.9463 0 0.0000 10.264 -9.82 0.75 -0.04 -0.07 0.03
63 -1.3811 -0.5591 0 0.0000 10.232 -9.79 0.75 -0.04 -0.07 0.03
64 -1.0558 -0.2905 0 0.0000 10.207 -9.76 0.76 -0.04 -0.07 0.04
65 -1.3712 -0.5509 0 0.0000 10.191 -9.74 0.76 -0.04 -0.08 0.04
66 -1.3712 -0.5382 0 0.0000 10.181 -9.73 0.77 -0.04 -0.08 0.04
67 -1.4558 -0.6101 0 0.0000 10.177 -9.73 0.77 -0.03 -0.08 0.04
68 -1.4312 -0.5483 0 0.0000 10.179 -9.73 0.77 -0.03 -0.08 0.04
69 -1.5008 -0.5902 0 0.0000 10.186 -9.74 0.78 -0.03 -0.08 0.05
70 -0.7485 -0.0931 0 0.0000 10.195 -9.74 0.78 -0.03 -0.08 0.05
71 -0.4419 -0.0473 0 0.0000 10.203 -9.75 0.78 -0.04 -0.08 0.04
72 -0.3613 -0.0101 0 0.0000 10.203 -9.75 0.78 -0.04 -0.08 0.04
73 -0.4984 -0.0536 0 0.0000 10.190 -9.74 0.78 -0.04 -0.08 0.04
74 -0.4932 -0.0286 0 0.0000 10.162 -9.71 0.79 -0.04 -0.08 0.04
75 -0.6168 -0.0370 0 0.0000 10.119 -9.66 0.79 -0.04 -0.08 0.03
76 -0.4544 -0.0010 0 0.0000 10.063 -9.61 0.79 -0.04 -0.08 0.04
77 -0.8949 -0.4201 0 0.0000 9.998 -9.54 0.80 -0.04 -0.08 0.04
78 -0.2691 0.0617 0 0.0000 9.931 -9.47 0.80 -0.04 -0.08 0.04
79 -0.0396 0.3372 0 0.0000 9.872 -9.41 0.81 -0.04 -0.08 0.04
80 0.0507 0.2055 0 0.0000 9.827 -9.36 0.81 -0.04 -0.08 0.04
81 0.0616 0.3376 0 0.0000 9.794 -9.33 0.81 -0.04 -0.08 0.04
82 0.0869 0.3495 0 0.0000 9.772 -9.31 0.81 -0.04 -0.08 0.05
83 0.1382 0.3612 0 0.0000 9.763 -9.30 0.82 -0.04 -0.08 0.05
84 0.2298 0.4261 0 0.0000 9.766 -9.30 0.82 -0.04 -0.08 0.05
85 0.3371 0.4298 0 0.0000 9.779 -9.31 0.82 -0.04 -0.08 0.05
86 0.3590 0.4568 0 0.0000 9.803 -9.34 0.82 -0.03 -0.08 0.05
87 0.3014 0.4249 0 0.0000 9.833 -9.37 0.82 -0.03 -0.08 0.05
88 -0.2415 0.2023 0 0.0000 9.870 -9.41 0.82 -0.03 -0.08 0.05
89 -0.5257 0.0127 0 0.0000 9.912 -9.45 0.82 -0.03 -0.08 0.05
90 -0.3064 0.2318 0 0.0000 9.957 -9.49 0.82 -0.03 -0.08 0.05
91 0.2447 0.2141 0 0.0000 10.004 -9.54 0.81 -0.03 -0.08 0.05
92 -0.3123 0.1858 0 0.0000 10.048 -9.58 0.81 -0.03 -0.08 0.05
93 -0.0482 0.2538 0 0.0000 10.087 -9.62 0.81 -0.03 -0.08 0.05
94 0.0859 0.0189 0 0.0000 10.115 -9.65 0.82 -0.04 -0.08 0.04
95 0.1208 0.1786 0 0.0000 10.128 -9.66 0.82 -0.04 -0.08 0.04
96 0.0807 0.2078 0 0.0000 10.126 -9.66 0.82 -0.05 -0.08 0.04
97 0.1185 0.2698 0 0.0000 10.109 -9.64 0.82 -0.05 -0.08 0.03
98 0.2251 0.2522 0 0.0000 10.078 -9.61 0.82 -0.05 -0.08 0.03
99 -0.0316 0.2812 0 0.0000 10.033 -9.57 0.83 -0.05 -0.08 0.03
100 -0.0379 0.3156 0 0.0000 9.981 -9.51 0.83 -0.05 -0.08 0.04
101 -0.0941 0.3105 0 0.0000 9.927 -9.46 0.83 -0.05 -0.08 0.04
102 -0.0411 0.4369 0 0.0000 9.879 -9.41 0.83 -0.04 -0.09 0.04
103 0.2841 0.5377 0 0.0000 9.844 -9.37 0.84 -0.04 -0.09 0.04
104 0.3726 0.5867 0 0.0000 9.819 -9.35 0.84 -0.04 -0.09 0.04
105 0.4323 0.6140 0 0.0000 9.805 -9.33 0.84 -0.04 -0.09 0.04
106 0.4844 0.6362 0 0.0000 9.800 -9.33 0.84 -0.04 -0.09 0.05
107 0.5288 0.6123 0 0.0000 9.804 -9.33 0.84 -0.04 -0.09 0.05
108 0.5236 0.6534 0 0.0000 9.814 -9.34 0.84 -0.04 -0.09 0.05
109 0.5462 0.6869 0 0.0000 9.828 -9.36 0.84 -0.04 -0.09 0.05
110 0.2670 0.5847 0 0.0000 9.845 -9.37 0.84 -0.04 -0.09 0.05
111 0.1996 0.5833 0 0.0000 9.863 -9.39 0.84 -0.04 -0.09 0.05
112 0.1237 0.5540 0 0.0000 9.884 -9.41 0.84 -0.04 -0.09 0.05
113 0.1780 0.5603 0 0.0000 9.908 -9.44 0.84 -0.04 -0.09 0.05
114 0.4759 0.5545 0 0.0000 9.933 -9.46 0.85 -0.03 -0.09 0.05
115 0.4974 0.4825 0 0.0000 9.956 -9.49 0.85 -0.03 -0.09 0.05
116 0.2365 0.3641 0 0.0000 9.976 -9.51 0.85 -0.03 -0.09 0.05
117 0.1462 0.4287 0 0.0000 9.990 -9.52 0.85 -0.04 -0.09 0.05
118 0.3990 0.3993 0 0.0000 9.995 -9.52 0.85 -0.04 -0.09 0.05
119 0.3781 0.4575 0 0.0000 9.989 -9.52 0.85 -0.04 -0.09 0.05
120 0.1189 0.4177 0 0.0000 9.973 -9.50 0.85 -0.04 -0.09 0.05
121 0.2227 0.4265 0 0.0000 9.949 -9.47 0.85 -0.04 -0.09 0.05
122 0.3861 0.4251 0 0.0000 9.915 -9.44 0.86 -0.04 -0.09 0.05
123 0.4637 0.5531 0 0.0000 9.875 -9.40 0.86 -0.04 -0.09 0.05
124 -0.0159 0.4448 0 0.0000 9.832 -9.35 0.86 -0.03 -0.09 0.05
125 0.2744 0.5608 0 0.0000 9.791 -9.31 0.86 -0.03 -0.09 0.06
126 0.3622 0.5908 0 0.0000 9.757 -9.28 0.86 -0.03 -0.09 0.06
127 0.4827 0.6466 0 0.0000 9.730 -9.25 0.87 -0.03 -0.09 0.06
128 0.5383 0.6648 0 0.0000 9.709 -9.23 0.87 -0.03 -0.09 0.06
129 0.5984 0.6949 0 0.0000 9.696 -9.21 0.87 -0.03 -0.09 0.06
130 0.6421 0.7426 0 0.0000 9.690 -9.21 0.87 -0.03 -0.09 0.06
131 0.4727 0.6842 0 0.0000 9.692 -9.21 0.87 -0.03 -0.09 0.06
132 0.5046 0.6929 0 0.0000 9.702 -9.22 0.87 -0.03 -0.09 0.06
133 0.4709 0.6917 0 0.0000 9.721 -9.24 0.87 -0.03 -0.09 0.06
134 0.3428 0.6506 0 0.0000 9.745 -9.26 0.87 -0.03 -0.09 0.06
135 0.6499 0.6552 0 0.0000 9.770 -9.29 0.87 -0.03 -0.09 0.06
136 0.4139 0.5432 0 0.0000 9.792 -9.31 0.86 -0.03 -0.09 0.06
137 0.5128 0.4840 0 0.0000 9.806 -9.33 0.86 -0.03 -0.09 0.06
138 0.5553 0.5815 0 0.0000 9.811 -9.33 0.86 -0.03 -0.09 0.06
139 0.6163 0.5854 0 0.0000 9.809 -9.33 0.86 -0.02 -0.09 0.06
140 0.4363 0.6407 0 0.0000 9.801 -9.32 0.87 -0.02 -0.09 0.07
141 0.2565 0.5864 0 0.0000 9.791 -9.31 0.87 -0.02 -0.09 0.07
142 0.2819 0.5727 0 0.0000 9.783 -9.30 0.87 -0.02 -0.09 0.07
143 0.2715 0.5867 0 0.0000 9.777 -9.29 0.87 -0.02 -0.09 0.07
144 0.2895 0.6147 0 0.0000 9.772 -9.29 0.87 -0.02 -0.09 0.07
145 0.2911 0.6037 0 0.0000 9.770 -9.29 0.87 -0.02 -0.09 0.07
146 0.2847 0.6205 0 0.0000 9.769 -9.29 0.87 -0.02 -0.09 0.07
147 0.3292 0.6419 0 0.0000 9.770 -9.29 0.87 -0.02 -0.09 0.07
148 0.3965 0.6615 0 0.0000 9.771 -9.29 0.88 -0.02 -0.09 0.07
149 0.3486 0.6253 0 0.0000 9.774 -9.29 0.88 -0.02 -0.09 0.07
150 0.4505 0.6419 0 0.0000 9.777 -9.29 0.88 -0.02 -0.09 0.07
151 0.4908 0.5813 0 0.0000 9.780 -9.30 0.88 -0.02 -0.09 0.07
152 0.4536 0.5749 0 0.0000 9.783 -9.30 0.88 -0.02 -0.09 0.07
153 0.5829 0.5576 0 0.0000 9.784 -9.30 0.88 -0.02 -0.09 0.07
154 0.5121 0.6365 0 0.0000 9.780 -9.29 0.88 -0.02 -0.09 0.07
155 0.4515 0.6130 0 0.0000 9.773 -9.29 0.88 -0.02 -0.09 0.07
156 0.3925 0.6167 0 0.0000 9.765 -9.28 0.88 -0.02 -0.09 0.08
157 0.3537 0.6371 0 0.0000 9.756 -9.27 0.88 -0.02 -0.09 0.08
158 0.2905 0.6023 0 0.0000 9.748 -9.26 0.89 -0.02 -0.09 0.08
159 0.3151 0.6018 0 0.0000 9.742 -9.25 0.89 -0.02 -0.09 0.08
160 0.3040 0.6008 0 0.0000 9.737 -9.25 0.89 -0.02 -0.09 0.08
161 0.3096 0.6213 0 0.0000 9.734 -9.24 0.89 -0.01 -0.09 0.08
162 0.3005 0.6006 0 0.0000 9.731 -9.24 0.89 -0.01 -0.09 0.08
163 0.3230 0.6157 0 0.0000 9.729 -9.24 0.89 -0.01 -0.09 0.08
164 0.3862 0.6244 0 0.0000 9.727 -9.24 0.89 -0.01 -0.09 0.08
165 0.2884 0.5839 0 0.0000 9.725 -9.23 0.89 -0.01 -0.09 0.08
166 0.2377 0.5475 0 0.0000 9.723 -9.23 0.89 -0.01 -0.09 0.08
167 0.2924 0.6031 0 0.0000 9.722 -9.23 0.89 -0.01 -0.09 0.08
168 0.3470 0.6156 0 0.0000 9.720 -9.23 0.89 -0.01 -0.09 0.08
169 0.3687 0.6113 0 0.0000 9.719 -9.23 0.89 -0.01 -0.09 0.08
170 0.4648 0.6032 0 0.0000 9.716 -9.22 0.89 -0.01 -0.09 0.08
171 0.4310 0.6150 0 0.0000 9.711 -9.22 0.90 -0.01 -0.09 0.09
172 0.5272 0.6445 0 0.0000 9.706 -9.21 0.90 -0.01 -0.09 0.09
173 0.4680 0.6630 0 0.0000 9.698 -9.21 0.90 -0.01 -0.09 0.09
174 0.4073 0.6596 0 0.0000 9.690 -9.20 0.90 -0.01 -0.09 0.09
175 0.3106 0.6073 0 0.0000 9.681 -9.19 0.90 -0.01 -0.09 0.09
176 0.3264 0.6383 0 0.0000 9.673 -9.18 0.90 -0.01 -0.09 0.09
177 0.2919 0.6002 0 0.0000 9.667 -9.17 0.90 -0.00 -0.09 0.09
178 0.3313 0.6160 0 0.0000 9.663 -9.17 0.90 -0.00 -0.09 0.09
179 0.4377 0.6687 0 0.0000 9.660 -9.17 0.90 -0.00 -0.09 0.09
180 0.4681 0.7171 0 0.0000 9.658 -9.16 0.90 -0.00 -0.09 0.09
181 0.3050 0.5904 0 0.0000 9.655 -9.16 0.91 -0.00 -0.09 0.09
182 0.2878 0.5755 0 0.0000 9.654 -9.16 0.91 -0.00 -0.09 0.09
183 0.3445 0.5785 0 0.0000 9.654 -9.16 0.91 -0.00 -0.10 0.09
184 0.4190 0.6754 0 0.0000 9.655 -9.16 0.91 -0.00 -0.10 0.09
185 0.4442 0.6354 0 0.0000 9.656 -9.16 0.91 -0.00 -0.10 0.09
186 0.4055 0.5875 0 0.0000 9.656 -9.16 0.91 -0.00 -0.10 0.09
187 0.4847 0.6183 0 0.0000 9.656 -9.16 0.91 -0.00 -0.10 0.09
188 0.5479 0.5959 0 0.0000 9.656 -9.16 0.91 -0.00 -0.10 0.09
189 0.5270 0.6226 0 0.0000 9.653 -9.16 0.91 -0.00 -0.10 0.10
190 0.4940 0.6612 0 0.0000 9.648 -9.15 0.91 -0.00 -0.10 0.10
191 0.3831 0.5458 0 0.0000 9.641 -9.14 0.91 0.00 -0.10 0.10
192 0.2755 0.5459 0 0.0000 9.635 -9.14 0.92 0.00 -0.10 0.10
193 0.4416 0.5998 0 0.0000 9.629 -9.13 0.92 0.00 -0.10 0.10
194 0.4002 0.5753 0 0.0000 9.624 -9.13 0.92 0.00 -0.10 0.10
195 0.3616 0.5595 0 0.0000 9.618 -9.12 0.92 0.00 -0.10 0.10
196 0.5247 0.6315 0 0.0000 9.613 -9.11 0.92 0.00 -0.10 0.10
197 0.3458 0.5454 0 0.0000 9.607 -9.11 0.92 0.00 -0.10 0.10
198 0.5666 0.6627 0 0.0000 9.602 -9.10 0.92 0.00 -0.10 0.10
199 0.3654 0.5491 0 0.0000 9.597 -9.10 0.92 0.00 -0.10 0.10
200 0.5579 0.6100 0 0.0000 9.592 -9.09 0.92 0.01 -0.10 0.10
201 0.4690 0.5760 0 0.0000 9.587 -9.09 0.92 0.01 -0.10 0.10
202 0.5490 0.6150 0 0.0000 9.581 -9.08 0.92 0.01 -0.10 0.10
203 0.4639 0.5888 0 0.0000 9.575 -9.08 0.92 0.01 -0.10 0.10
204 0.5196 0.6255 0 0.0000 9.568 -9.07 0.92 0.01 -0.10 0.10
205 0.5515 0.6452 0 0.0000 9.560 -9.06 0.92 0.01 -0.10 0.10
206 0.5388 0.6423 0 0.0000 9.551 -9.05 0.92 0.01 -0.10 0.11
207 0.6304 0.7013 0 0.0000 9.541 -9.04 0.92 0.01 -0.10 0.11
208 0.5225 0.6602 0 0.0000 9.530 -9.03 0.92 0.01 -0.10 0.11
209 0.4778 0.6601 0 0.0000 9.520 -9.02 0.92 0.01 -0.10 0.11
210 0.5401 0.6761 0 0.0000 9.509 -9.01 0.92 0.01 -0.10 0.11
211 0.5214 0.6709 0 0.0000 9.500 -9.00 0.92 0.01 -0.10 0.11
212 0.5955 0.6992 0 0.0000 9.491 -8.99 0.92 0.01 -0.10 0.11
213 0.5884 0.6928 0 0.0000 9.482 -8.98 0.92 0.01 -0.10 0.11
214 0.6734 0.7062 0 0.0000 9.473 -8.97 0.92 0.01 -0.10 0.11
215 0.5771 0.7030 0 0.0000 9.465 -8.97 0.92 0.01 -0.10 0.11
216 0.6433 0.7322 0 0.0000 9.458 -8.96 0.92 0.01 -0.10 0.11
217 0.7416 0.7504 0 0.0000 9.453 -8.95 0.92 0.01 -0.10 0.11
218 0.6660 0.7055 0 0.0000 9.448 -8.95 0.92 0.01 -0.10 0.11
219 0.6354 0.7059 0 0.0000 9.447 -8.95 0.92 0.01 -0.10 0.11
220 0.6301 0.7106 0 0.0000 9.448 -8.95 0.92 0.01 -0.10 0.11
221 0.6186 0.6931 0 0.0000 9.454 -8.95 0.92 0.01 -0.10 0.11
222 0.5831 0.6953 0 0.0000 9.463 -8.96 0.91 0.01 -0.10 0.11
223 0.7044 0.7814 0 0.0000 9.475 -8.98 0.91 0.01 -0.10 0.11
224 0.7222 0.7728 0 0.0000 9.488 -8.99 0.91 0.01 -0.10 0.11
225 0.7668 0.6851 0 0.0000 9.501 -9.00 0.91 0.01 -0.10 0.11
226 0.6731 0.6785 0 0.0000 9.513 -9.02 0.91 0.01 -0.10 0.11
227 0.6758 0.6686 0 0.0000 9.525 -9.03 0.91 0.01 -0.10 0.11
228 0.7217 0.7051 0 0.0000 9.536 -9.04 0.91 0.01 -0.10 0.11
229 0.5985 0.6273 0 0.0000 9.546 -9.05 0.91 0.01 -0.10 0.11
230 0.7662 0.6684 0 0.0000 9.556 -9.06 0.90 0.01 -0.10 0.11
231 0.4729 0.5788 0 0.0000 9.566 -9.07 0.90 0.01 -0.10 0.11
232 0.7123 0.6609 0 0.0000 9.575 -9.08 0.90 0.01 -0.10 0.11
233 0.4974 0.5692 0 0.0000 9.583 -9.09 0.90 0.01 -0.10 0.11
234 0.6582 0.6062 0 0.0000 9.591 -9.10 0.90 0.01 -0.10 0.11
235 0.6509 0.5967 0 0.0000 9.598 -9.10 0.90 0.01 -0.10 0.11
236 0.5802 0.5663 0 0.0000 9.603 -9.11 0.90 0.01 -0.09 0.11
237 0.4071 0.5196 0 0.0000 9.607 -9.11 0.90 0.01 -0.09 0.11
238 0.5357 0.5742 0 0.0000 9.611 -9.12 0.90 0.01 -0.09 0.11
239 0.6258 0.5495 0 0.0000 9.613 -9.12 0.90 0.01 -0.09 0.11
240 0.5992 0.6141 0 0.0000 9.611 -9.12 0.90 0.02 -0.09 0.11
241 0.5196 0.6250 0 0.0000 9.605 -9.11 0.90 0.02 -0.09 0.11
242 0.5143 0.6464 0 0.0000 9.597 -9.10 0.90 0.02 -0.09 0.11
243 0.5302 0.6721 0 0.0000 9.586 -9.09 0.90 0.02 -0.09 0.11
244 0.4393 0.6197 0 0.0000 9.574 -9.08 0.90 0.02 -0.09 0.11
245 0.5446 0.6774 0 0.0000 9.562 -9.07 0.90 0.02 -0.09 0.11
246 0.4388 0.6294 0 0.0000 9.549 -9.05 0.90 0.02 -0.10 0.11
247 0.5829 0.6998 0 0.0000 9.536 -9.04 0.90 0.02 -0.10 0.11
248 0.4021 0.6405 0 0.0000 9.522 -9.03 0.90 0.02 -0.10 0.11
249 0.4651 0.6715 0 0.0000 9.509 -9.01 0.90 0.02 -0.10 0.11
250 0.5460 0.6800 0 0.0000 9.496 -9.00 0.90 0.02 -0.10 0.12
251 0.5640 0.7058 0 0.0000 9.484 -8.99 0.90 0.02 -0.10 0.12
252 0.4959 0.6737 0 0.0000 9.472 -8.98 0.90 0.02 -0.10 0.12
253 0.5261 0.6963 0 0.0000 9.462 -8.96 0.90 0.02 -0.10 0.12
254 0.5331 0.6695 0 0.0000 9.455 -8.96 0.90 0.02 -0.10 0.12
255 0.5880 0.6713 0 0.0000 9.450 -8.95 0.90 0.02 -0.10 0.11
256 0.5724 0.6719 0 0.0000 9.448 -8.95 0.90 0.02 -0.10 0.11
257 0.5252 0.6669 0 0.0000 9.450 -8.95 0.90 0.02 -0.10 0.12
258 0.5304 0.6592 0 0.0000 9.456 -8.96 0.89 0.02 -0.10 0.12
259 0.6561 0.7187 0 0.0000 9.465 -8.97 0.89 0.02 -0.10 0.12
260 0.5845 0.6648 0 0.0000 9.475 -8.98 0.89 0.02 -0.10 0.12
261 0.7960 0.8104 0 0.0000 9.486 -8.99 0.89 0.02 -0.10 0.12
262 0.9814 0.7774 0 0.0000 9.494 -9.00 0.89 0.02 -0.10 0.12
263 0.6788 0.7172 0 0.0000 9.497 -9.00 0.89 0.02 -0.09 0.12
264 0.3547 0.6181 0 0.0000 9.500 -9.00 0.89 0.02 -0.09 0.12
265 0.6390 0.5351 0 0.0000 9.504 -9.01 0.89 0.02 -0.09 0.12
266 0.5490 0.6916 0 0.0000 9.509 -9.01 0.89 0.02 -0.09 0.12
267 0.7719 0.7646 0 0.0000 9.514 -9.02 0.88 0.02 -0.09 0.11
268 0.6254 0.7186 0 0.0000 9.518 -9.02 0.88 0.02 -0.09 0.12
269 0.5888 0.6937 0 0.0000 9.523 -9.03 0.88 0.02 -0.09 0.12
270 0.6398 0.7106 0 0.0000 9.528 -9.03 0.88 0.02 -0.09 0.12
271 0.7682 0.7476 0 0.0000 9.533 -9.04 0.88 0.02 -0.09 0.12
272 0.6477 0.6471 0 0.0000 9.536 -9.04 0.88 0.02 -0.09 0.11
273 0.7423 0.6912 0 0.0000 9.538 -9.05 0.88 0.02 -0.09 0.12
274 0.7347 0.6823 0 0.0000 9.538 -9.05 0.88 0.02 -0.09 0.12
275 0.5304 0.6274 0 0.0000 9.536 -9.04 0.88 0.02 -0.09 0.12
276 0.6961 0.7138 0 0.0000 9.534 -9.04 0.88 0.02 -0.09 0.11
277 0.4956 0.6127 0 0.0000 9.531 -9.04 0.88 0.02 -0.09 0.12
278 0.6947 0.6682 0 0.0000 9.528 -9.04 0.88 0.02 -0.09 0.12
279 0.5636 0.6317 0 0.0000 9.524 -9.03 0.88 0.02 -0.09 0.12
280 0.6922 0.6810 0 0.0000 9.520 -9.03 0.88 0.02 -0.09 0.12
281 0.5836 0.6504 0 0.0000 9.515 -9.02 0.88 0.02 -0.09 0.12
282 0.7348 0.6952 0 0.0000 9.510 -9.02 0.88 0.02 -0.09 0.12
283 0.5456 0.6653 0 0.0000 9.505 -9.01 0.88 0.02 -0.09 0.12
284 0.7956 0.7034 0 0.0000 9.501 -9.01 0.88 0.02 -0.09 0.12
285 0.5382 0.6949 0 0.0000 9.496 -9.00 0.88 0.02 -0.09 0.12
286 0.6107 0.7094 0 0.0000 9.494 -9.00 0.87 0.02 -0.09 0.12
287 0.6593 0.7195 0 0.0000 9.492 -9.00 0.87 0.02 -0.09 0.12
288 0.5902 0.7046 0 0.0000 9.492 -9.00 0.87 0.02 -0.09 0.12
289 0.6875 0.7394 0 0.0000 9.493 -9.00 0.87 0.02 -0.09 0.12
290 0.5658 0.7179 0 0.0000 9.495 -9.00 0.87 0.02 -0.09 0.12
291 0.6841 0.7518 0 0.0000 9.498 -9.01 0.87 0.02 -0.09 0.12
292 0.5872 0.7304 0 0.0000 9.502 -9.01 0.87 0.02 -0.09 0.12
293 0.5164 0.7241 0 0.0000 9.508 -9.02 0.87 0.03 -0.09 0.12
294 0.9276 0.6973 0 0.0000 9.514 -9.02 0.87 0.02 -0.09 0.12
295 0.5018 0.7078 0 0.0000 9.519 -9.03 0.87 0.02 -0.09 0.12
296 0.5923 0.7422 0 0.0000 9.526 -9.03 0.87 0.02 -0.09 0.12
297 0.8482 0.7608 0 0.0000 9.532 -9.04 0.86 0.02 -0.09 0.12
298 0.7209 0.7217 0 0.0000 9.537 -9.05 0.86 0.02 -0.09 0.12
299 0.6050 0.6763 0 0.0000 9.542 -9.05 0.86 0.02 -0.09 0.12
300 0.7715 0.7346 0 0.0000 9.547 -9.06 0.86 0.02 -0.09 0.12
301 0.5936 0.6950 0 0.0000 9.551 -9.06 0.86 0.02 -0.09 0.12
302 0.7006 0.7413 0 0.0000 9.555 -9.07 0.86 0.02 -0.09 0.12
303 0.6905 0.7653 0 0.0000 9.559 -9.07 0.86 0.02 -0.09 0.12
304 0.7263 0.7812 0 0.0000 9.562 -9.07 0.86 0.03 -0.09 0.12
305 0.6953 0.7384 0 0.0000 9.564 -9.07 0.86 0.03 -0.09 0.12
306 0.5863 0.6913 0 0.0000 9.564 -9.07 0.86 0.03 -0.09 0.12
307 0.6963 0.7558 0 0.0000 9.564 -9.07 0.86 0.03 -0.09 0.12
308 0.6703 0.7765 0 0.0000 9.562 -9.07 0.86 0.03 -0.09 0.12
309 0.6916 0.7566 0 0.0000 9.558 -9.07 0.86 0.03 -0.09 0.12
310 0.7254 0.7351 0 0.0000 9.549 -9.06 0.86 0.03 -0.09 0.12
311 0.8438 0.7706 0 0.0000 9.535 -9.04 0.86 0.03 -0.09 0.12
312 0.9561 0.8236 0 0.0000 9.516 -9.03 0.86 0.03 -0.09 0.12
313 0.4516 0.6858 0 0.0000 9.497 -9.00 0.86 0.03 -0.09 0.12
314 0.5205 0.6549 0 0.0000 9.481 -8.99 0.86 0.03 -0.09 0.12
315 0.5911 0.6643 0 0.0000 9.469 -8.98 0.86 0.03 -0.09 0.12
316 0.6517 0.6946 0 0.0000 9.460 -8.97 0.86 0.03 -0.09 0.12
317 0.6481 0.6708 0 0.0000 9.456 -8.96 0.86 0.03 -0.09 0.12
318 0.6795 0.6511 0 0.0000 9.456 -8.96 0.86 0.03 -0.09 0.12
319 0.6432 0.6589 0 0.0000 9.459 -8.97 0.86 0.03 -0.09 0.12
320 0.7106 0.7031 0 0.0000 9.466 -8.97 0.86 0.03 -0.09 0.12
321 0.6515 0.7342 0 0.0000 9.476 -8.99 0.86 0.03 -0.09 0.12
322 0.6657 0.7735 0 0.0000 9.489 -9.00 0.85 0.03 -0.09 0.12
323 1.0845 0.8440 0 0.0000 9.503 -9.01 0.85 0.03 -0.09 0.12
324 0.6562 0.7574 0 0.0000 9.516 -9.03 0.85 0.03 -0.09 0.12
325 0.6577 0.7359 0 0.0000 9.531 -9.04 0.85 0.03 -0.09 0.12
326 0.6829 0.7670 0 0.0000 9.547 -9.06 0.85 0.03 -0.09 0.12
327 0.7712 0.6997 0 0.0000 9.561 -9.07 0.85 0.03 -0.09 0.12
328 0.8676 0.6229 0 0.0000 9.572 -9.08 0.85 0.03 -0.09 0.12
329 0.8270 0.7449 0 0.0000 9.577 -9.09 0.85 0.03 -0.09 0.12
330 0.6514 0.7643 0 0.0000 9.578 -9.09 0.85 0.03 -0.09 0.12
331 0.6457 0.7528 0 0.0000 9.576 -9.09 0.85 0.03 -0.09 0.12
332 0.6306 0.7583 0 0.0000 9.574 -9.09 0.85 0.03 -0.09 0.12
333 0.5829 0.7292 0 0.0000 9.570 -9.08 0.85 0.03 -0.09 0.12
334 0.5924 0.7272 0 0.0000 9.565 -9.08 0.85 0.03 -0.09 0.12
335 0.6732 0.7301 0 0.0000 9.559 -9.07 0.85 0.03 -0.09 0.12
336 0.7183 0.7293 0 0.0000 9.550 -9.06 0.85 0.03 -0.09 0.12
337 0.4896 0.6738 0 0.0000 9.540 -9.05 0.85 0.03 -0.09 0.12
338 0.6717 0.7302 0 0.0000 9.530 -9.04 0.85 0.03 -0.09 0.12
339 0.5359 0.7042 0 0.0000 9.520 -9.03 0.85 0.03 -0.09 0.12
340 0.6019 0.7254 0 0.0000 9.510 -9.02 0.85 0.03 -0.09 0.12
341 0.6177 0.7443 0 0.0000 9.503 -9.01 0.85 0.03 -0.09 0.12
342 0.5326 0.7025 0 0.0000 9.496 -9.01 0.85 0.03 -0.09 0.12
343 0.6791 0.7507 0 0.0000 9.492 -9.00 0.85 0.03 -0.09 0.12
344 0.5536 0.7068 0 0.0000 9.491 -9.00 0.85 0.03 -0.09 0.12
345 0.4996 0.6978 0 0.0000 9.491 -9.00 0.85 0.03 -0.09 0.13
346 0.7502 0.7319 0 0.0000 9.495 -9.01 0.85 0.03 -0.09 0.13
347 0.7304 0.7435 0 0.0000 9.499 -9.01 0.85 0.03 -0.09 0.13
348 0.8478 0.7130 0 0.0000 9.503 -9.02 0.85 0.04 -0.09 0.13
349 0.5906 0.7122 0 0.0000 9.507 -9.02 0.85 0.04 -0.09 0.13
350 0.8622 0.6900 0 0.0000 9.511 -9.02 0.85 0.04 -0.09 0.13
351 0.8100 0.7439 0 0.0000 9.513 -9.03 0.85 0.04 -0.09 0.13
352 0.6035 0.6950 0 0.0000 9.514 -9.03 0.85 0.04 -0.09 0.13
353 0.7550 0.7783 0 0.0000 9.515 -9.03 0.85 0.04 -0.09 0.13
354 0.7200 0.7476 0 0.0000 9.515 -9.03 0.85 0.04 -0.09 0.13
355 0.7583 0.7645 0 0.0000 9.515 -9.03 0.85 0.04 -0.09 0.13
356 0.6424 0.7126 0 0.0000 9.514 -9.03 0.85 0.04 -0.09 0.13
357 0.7123 0.7533 0 0.0000 9.513 -9.03 0.85 0.04 -0.09 0.13
358 0.7514 0.7764 0 0.0000 9.510 -9.02 0.85 0.04 -0.09 0.13
359 0.6997 0.7229 0 0.0000 9.506 -9.02 0.85 0.04 -0.09 0.13
360 0.7050 0.7170 0 0.0000 9.502 -9.02 0.85 0.04 -0.09 0.13
361 0.6550 0.7133 0 0.0000 9.498 -9.01 0.85 0.04 -0.09 0.13
362 0.6709 0.6833 0 0.0000 9.494 -9.01 0.85 0.04 -0.09 0.13
363 0.6663 0.6659 0 0.0000 9.490 -9.00 0.85 0.04 -0.09 0.13
364 0.5610 0.6627 0 0.0000 9.488 -9.00 0.85 0.04 -0.09 0.13
365 0.7503 0.7156 0 0.0000 9.486 -9.00 0.85 0.04 -0.09 0.13
366 0.6334 0.6650 0 0.0000 9.485 -9.00 0.85 0.04 -0.09 0.13
367 0.6023 0.6580 0 0.0000 9.485 -9.00 0.85 0.04 -0.09 0.13
368 0.7296 0.6839 0 0.0000 9.487 -9.00 0.85 0.04 -0.09 0.13
369 0.5047 0.6431 0 0.0000 9.490 -9.00 0.85 0.04 -0.09 0.13
370 0.6670 0.6862 0 0.0000 9.494 -9.01 0.85 0.04 -0.09 0.13
371 0.6512 0.7056 0 0.0000 9.499 -9.01 0.84 0.04 -0.09 0.13
372 0.6257 0.6823 0 0.0000 9.506 -9.02 0.84 0.04 -0.09 0.13
373 0.6306 0.6679 0 0.0000 9.513 -9.03 0.84 0.04 -0.09 0.13
374 0.6841 0.6811 0 0.0000 9.520 -9.03 0.84 0.04 -0.09 0.13
375 0.5502 0.6458 0 0.0000 9.527 -9.04 0.84 0.04 -0.09 0.13
376 0.7122 0.6560 0 0.0000 9.533 -9.05 0.84 0.04 -0.09 0.13
377 0.7282 0.6594 0 0.0000 9.537 -9.05 0.84 0.04 -0.09 0.13
378 0.7098 0.6439 0 0.0000 9.539 -9.05 0.84 0.04 -0.09 0.13
379 0.4439 0.6230 0 0.0000 9.539 -9.05 0.84 0.04 -0.09 0.13
380 0.6476 0.6311 0 0.0000 9.539 -9.05 0.84 0.04 -0.09 0.13
381 0.5762 0.6639 0 0.0000 9.537 -9.05 0.84 0.04 -0.09 0.13
382 0.5926 0.6399 0 0.0000 9.533 -9.05 0.84 0.04 -0.09 0.13
383 0.5093 0.6424 0 0.0000 9.528 -9.04 0.84 0.04 -0.09 0.13
384 0.5365 0.6174 0 0.0000 9.522 -9.04 0.84 0.04 -0.09 0.13
385 0.5560 0.6230 0 0.0000 9.515 -9.03 0.84 0.04 -0.09 0.13
386 0.4492 0.5953 0 0.0000 9.507 -9.02 0.84 0.04 -0.09 0.13
387 0.5528 0.6155 0 0.0000 9.500 -9.01 0.84 0.04 -0.09 0.13
388 0.5930 0.6275 0 0.0000 9.494 -9.01 0.84 0.04 -0.09 0.13
389 0.5532 0.6139 0 0.0000 9.487 -9.00 0.84 0.04 -0.09 0.13
390 0.5215 0.5769 0 0.0000 9.482 -9.00 0.84 0.05 -0.09 0.13
391 0.5456 0.5747 0 0.0000 9.480 -8.99 0.84 0.05 -0.09 0.13
392 0.4795 0.5591 0 0.0000 9.479 -8.99 0.83 0.05 -0.09 0.14
393 0.4565 0.5660 0 0.0000 9.481 -8.99 0.83 0.05 -0.09 0.14
394 0.4451 0.5664 0 0.0000 9.486 -9.00 0.83 0.05 -0.09 0.14
395 0.4512 0.5990 0 0.0000 9.493 -9.01 0.83 0.05 -0.09 0.14
396 0.7605 0.5094 0 0.0000 9.500 -9.01 0.83 0.05 -0.09 0.14
397 0.3841 0.5205 0 0.0000 9.507 -9.02 0.83 0.05 -0.09 0.14
398 0.4638 0.5267 0 0.0000 9.515 -9.03 0.83 0.05 -0.09 0.14
399 0.5053 0.5836 0 0.0000 9.523 -9.04 0.83 0.05 -0.09 0.14
400 0.6156 0.6101 0 0.0000 9.530 -9.05 0.82 0.05 -0.09 0.14
401 0.4787 0.5916 0 0.0000 9.536 -9.05 0.82 0.05 -0.09 0.14
402 0.4824 0.5835 0 0.0000 9.541 -9.06 0.82 0.05 -0.09 0.14
403 0.7093 0.5929 0 0.0000 9.545 -9.06 0.82 0.05 -0.09 0.14
404 0.5235 0.5704 0 0.0000 9.546 -9.06 0.82 0.05 -0.09 0.14
405 0.4805 0.5693 0 0.0000 9.545 -9.06 0.82 0.05 -0.09 0.14
406 0.4683 0.5448 0 0.0000 9.543 -9.06 0.82 0.05 -0.09 0.14
407 0.4587 0.5435 0 0.0000 9.542 -9.06 0.82 0.05 -0.09 0.14
408 0.4832 0.5604 0 0.0000 9.540 -9.06 0.82 0.05 -0.09 0.14
409 0.4869 0.5612 0 0.0000 9.538 -9.05 0.82 0.05 -0.09 0.14
410 0.5373 0.5720 0 0.0000 9.535 -9.05 0.83 0.05 -0.09 0.14
411 0.4809 0.5689 0 0.0000 9.532 -9.05 0.83 0.05 -0.09 0.14
412 0.5391 0.5723 0 0.0000 9.528 -9.04 0.83 0.05 -0.09 0.14
413 0.4976 0.5960 0 0.0000 9.524 -9.04 0.83 0.05 -0.09 0.14
414 0.4342 0.5585 0 0.0000 9.519 -9.04 0.83 0.05 -0.09 0.14
415 0.5194 0.5554 0 0.0000 9.515 -9.03 0.83 0.05 -0.09 0.14
416 0.4949 0.5667 0 0.0000 9.510 -9.03 0.83 0.05 -0.09 0.14
417 0.5070 0.5630 0 0.0000 9.505 -9.02 0.83 0.05 -0.09 0.14
418 0.5604 0.5703 0 0.0000 9.499 -9.01 0.83 0.05 -0.09 0.14
419 0.5150 0.5653 0 0.0000 9.495 -9.01 0.83 0.05 -0.09 0.14
420 0.4819 0.5623 0 0.0000 9.491 -9.01 0.83 0.05 -0.09 0.14
421 0.5685 0.5499 0 0.0000 9.488 -9.00 0.83 0.05 -0.09 0.14
422 0.5263 0.5380 0 0.0000 9.486 -9.00 0.83 0.05 -0.09 0.14
423 0.4781 0.5443 0 0.0000 9.485 -9.00 0.83 0.05 -0.09 0.14
424 0.5490 0.5693 0 0.0000 9.485 -9.00 0.83 0.05 -0.09 0.14
425 0.5144 0.5765 0 0.0000 9.487 -9.00 0.83 0.05 -0.09 0.14
426 0.4995 0.5857 0 0.0000 9.490 -9.01 0.83 0.05 -0.09 0.14
427 0.5529 0.5546 0 0.0000 9.495 -9.01 0.83 0.05 -0.09 0.14
428 0.5412 0.5530 0 0.0000 9.500 -9.02 0.82 0.05 -0.09 0.14
429 0.5002 0.5559 0 0.0000 9.507 -9.02 0.82 0.05 -0.09 0.14
430 0.5342 0.5781 0 0.0000 9.515 -9.03 0.82 0.05 -0.09 0.14
431 0.5706 0.5729 0 0.0000 9.523 -9.04 0.82 0.05 -0.09 0.14
432 0.6063 0.5674 0 0.0000 9.532 -9.05 0.82 0.05 -0.09 0.14
433 0.5028 0.5686 0 0.0000 9.540 -9.06 0.82 0.05 -0.09 0.14
434 0.6389 0.5623 0 0.0000 9.548 -9.07 0.82 0.06 -0.09 0.14
435 0.4990 0.5436 0 0.0000 9.555 -9.07 0.81 0.06 -0.09 0.14
436 0.5080 0.5230 0 0.0000 9.561 -9.08 0.81 0.06 -0.09 0.14
437 0.5402 0.5105 0 0.0000 9.566 -9.08 0.81 0.06 -0.09 0.14
438 0.5535 0.5067 0 0.0000 9.569 -9.09 0.81 0.06 -0.09 0.14
439 0.4392 0.4751 0 0.0000 9.570 -9.09 0.81 0.06 -0.09 0.14
440 0.5120 0.4704 0 0.0000 9.571 -9.09 0.81 0.06 -0.09 0.14
441 0.4324 0.4683 0 0.0000 9.571 -9.09 0.81 0.06 -0.09 0.14
442 0.4218 0.4550 0 0.0000 9.570 -9.09 0.81 0.06 -0.09 0.14
443 0.5535 0.4786 0 0.0000 9.569 -9.09 0.81 0.06 -0.09 0.14
444 0.4517 0.5059 0 0.0000 9.566 -9.08 0.81 0.06 -0.09 0.14
445 0.4995 0.5305 0 0.0000 9.563 -9.08 0.81 0.06 -0.09 0.14
446 0.4971 0.5147 0 0.0000 9.558 -9.08 0.81 0.06 -0.09 0.14
447 0.4768 0.5114 0 0.0000 9.553 -9.07 0.81 0.06 -0.09 0.14
448 0.3592 0.4860 0 0.0000 9.548 -9.07 0.81 0.06 -0.09 0.15
449 0.4316 0.4691 0 0.0000 9.542 -9.06 0.81 0.06 -0.09 0.15
450 0.4153 0.4793 0 0.0000 9.536 -9.05 0.81 0.06 -0.09 0.15
451 0.3801 0.4711 0 0.0000 9.529 -9.05 0.81 0.06 -0.09 0.15
452 0.4176 0.5091 0 0.0000 9.523 -9.04 0.80 0.06 -0.09 0.15
453 0.5600 0.5311 0 0.0000 9.518 -9.04 0.80 0.06 -0.09 0.15
454 0.4558 0.5248 0 0.0000 9.513 -9.03 0.80 0.06 -0.09 0.15
455 0.5451 0.5398 0 0.0000 9.508 -9.03 0.80 0.06 -0.09 0.15
456 0.5356 0.5507 0 0.0000 9.505 -9.02 0.80 0.06 -0.09 0.14
457 0.5116 0.5410 0 0.0000 9.504 -9.02 0.80 0.06 -0.09 0.14
458 0.5592 0.5547 0 0.0000 9.505 -9.02 0.80 0.06 -0.09 0.14
459 0.5596 0.5647 0 0.0000 9.506 -9.02 0.80 0.06 -0.09 0.15
460 0.7928 0.4724 0 0.0000 9.509 -9.03 0.80 0.06 -0.09 0.15
461 0.5080 0.5063 0 0.0000 9.510 -9.03 0.80 0.06 -0.09 0.14
462 0.4913 0.5071 0 0.0000 9.513 -9.03 0.80 0.06 -0.09 0.15
463 0.6022 0.5585 0 0.0000 9.518 -9.04 0.80 0.06 -0.08 0.15
464 0.5105 0.5354 0 0.0000 9.522 -9.04 0.80 0.06 -0.08 0.14
465 0.5409 0.5845 0 0.0000 9.527 -9.05 0.80 0.06 -0.08 0.14
466 0.6535 0.6135 0 0.0000 9.531 -9.05 0.79 0.06 -0.08 0.14
467 0.7441 0.5385 0 0.0000 9.531 -9.05 0.79 0.06 -0.08 0.14
468 0.4908 0.5202 0 0.0000 9.530 -9.05 0.79 0.06 -0.08 0.14
469 0.5876 0.5442 0 0.0000 9.529 -9.05 0.79 0.06 -0.08 0.14
470 0.5133 0.5495 0 0.0000 9.528 -9.05 0.79 0.06 -0.08 0.14
471 0.6487 0.6112 0 0.0000 9.528 -9.05 0.79 0.06 -0.08 0.14
472 0.5028 0.5751 0 0.0000 9.529 -9.05 0.79 0.06 -0.08 0.14
473 0.5919 0.6195 0 0.0000 9.530 -9.05 0.79 0.06 -0.08 0.14
474 0.7623 0.5582 0 0.0000 9.532 -9.05 0.79 0.06 -0.08 0.15
475 0.5821 0.6104 0 0.0000 9.533 -9.05 0.78 0.06 -0.08 0.14
476 0.6284 0.6473 0 0.0000 9.536 -9.06 0.78 0.06 -0.08 0.14
477 0.6655 0.6637 0 0.0000 9.540 -9.06 0.78 0.06 -0.08 0.14
478 0.6731 0.6743 0 0.0000 9.544 -9.07 0.78 0.06 -0.08 0.14
479 0.5621 0.6429 0 0.0000 9.549 -9.07 0.78 0.06 -0.08 0.14
480 0.6333 0.6719 0 0.0000 9.554 -9.08 0.78 0.06 -0.08 0.14
481 0.7622 0.6881 0 0.0000 9.559 -9.08 0.78 0.06 -0.08 0.14
482 0.6370 0.6420 0 0.0000 9.562 -9.08 0.78 0.06 -0.08 0.14
483 0.5497 0.6020 0 0.0000 9.564 -9.09 0.78 0.06 -0.08 0.14
484 0.5804 0.5646 0 0.0000 9.567 -9.09 0.78 0.06 -0.08 0.14
485 0.4353 0.5069 0 0.0000 9.570 -9.09 0.78 0.06 -0.08 0.15
486 0.5768 0.5618 0 0.0000 9.573 -9.10 0.78 0.06 -0.08 0.14
487 0.5409 0.5821 0 0.0000 9.577 -9.10 0.78 0.06 -0.08 0.14
488 0.5831 0.5658 0 0.0000 9.580 -9.10 0.78 0.06 -0.08 0.14
489 0.4249 0.5562 0 0.0000 9.583 -9.11 0.78 0.06 -0.08 0.14
490 0.4975 0.5776 0 0.0000 9.587 -9.11 0.78 0.06 -0.08 0.15
491 0.5141 0.5660 0 0.0000 9.591 -9.11 0.78 0.06 -0.08 0.14
492 0.5089 0.5866 0 0.0000 9.594 -9.12 0.78 0.06 -0.08 0.15
493 0.4665 0.5674 0 0.0000 9.598 -9.12 0.78 0.06 -0.08 0.15
494 0.5076 0.5919 0 0.0000 9.602 -9.12 0.78 0.06 -0.08 0.15
495 0.5187 0.5782 0 0.0000 9.606 -9.13 0.78 0.06 -0.08 0.15
496 0.5136 0.6038 0 0.0000 9.609 -9.13 0.78 0.06 -0.08 0.15
497 0.4909 0.5799 0 0.0000 9.612 -9.14 0.78 0.06 -0.08 0.15
498 0.5139 0.5765 0 0.0000 9.616 -9.14 0.78 0.06 -0.08 0.15
499 0.4800 0.5597 0 0.0000 9.619 -9.14 0.78 0.06 -0.08 0.15
500 0.4565 0.5567 0 0.0000 9.623 -9.15 0.78 0.06 -0.08 0.15
501 0.4386 0.5177 0 0.0000 9.627 -9.15 0.78 0.06 -0.08 0.15
502 0.4495 0.5569 0 0.0000 9.629 -9.15 0.78 0.07 -0.08 0.15
503 0.3383 0.5390 0 0.0000 9.631 -9.15 0.78 0.07 -0.08 0.15
504 0.6964 0.4593 0 0.0000 9.630 -9.15 0.78 0.06 -0.08 0.15
505 0.4327 0.5402 0 0.0000 9.625 -9.15 0.78 0.06 -0.08 0.15
506 0.4318 0.5406 0 0.0000 9.619 -9.14 0.78 0.06 -0.08 0.15
507 0.4731 0.5705 0 0.0000 9.611 -9.13 0.78 0.06 -0.08 0.15
508 0.4872 0.5843 0 0.0000 9.601 -9.12 0.78 0.06 -0.08 0.15
509 0.3730 0.5633 0 0.0000 9.590 -9.11 0.78 0.06 -0.08 0.15
510 0.4034 0.5898 0 0.0000 9.581 -9.10 0.78 0.06 -0.08 0.15
511 0.4202 0.5910 0 0.0000 9.571 -9.09 0.78 0.07 -0.08 0.15
512 0.4625 0.6173 0 0.0000 9.563 -9.08 0.78 0.07 -0.08 0.15
513 0.4468 0.5940 0 0.0000 9.555 -9.08 0.78 0.07 -0.08 0.15
514 0.5064 0.6042 0 0.0000 9.548 -9.07 0.78 0.07 -0.08 0.15
515 0.4118 0.5852 0 0.0000 9.542 -9.06 0.78 0.07 -0.08 0.15
516 0.5885 0.6210 0 0.0000 9.536 -9.06 0.78 0.07 -0.08 0.15
517 0.4664 0.6074 0 0.0000 9.531 -9.05 0.78 0.07 -0.08 0.15
518 0.6048 0.6159 0 0.0000 9.527 -9.05 0.78 0.07 -0.08 0.15
519 0.5213 0.6497 0 0.0000 9.524 -9.04 0.78 0.07 -0.08 0.15
520 0.5175 0.6566 0 0.0000 9.522 -9.04 0.78 0.07 -0.08 0.15
521 0.4923 0.6531 0 0.0000 9.521 -9.04 0.78 0.07 -0.08 0.15
522 0.5044 0.6346 0 0.0000 9.523 -9.04 0.78 0.07 -0.08 0.15
523 0.6790 0.6332 0 0.0000 9.526 -9.05 0.78 0.07 -0.08 0.15
524 0.4687 0.5940 0 0.0000 9.529 -9.05 0.78 0.07 -0.08 0.15
525 0.5124 0.5689 0 0.0000 9.534 -9.05 0.78 0.07 -0.08 0.15
526 0.5007 0.6156 0 0.0000 9.540 -9.06 0.78 0.07 -0.08 0.15
527 0.4449 0.6008 0 0.0000 9.547 -9.07 0.77 0.07 -0.08 0.15
528 0.5347 0.6143 0 0.0000 9.553 -9.07 0.77 0.07 -0.08 0.15
529 0.6185 0.6527 0 0.0000 9.557 -9.08 0.77 0.07 -0.08 0.15
530 0.5494 0.6564 0 0.0000 9.559 -9.08 0.77 0.07 -0.08 0.15
531 0.5768 0.6545 0 0.0000 9.558 -9.08 0.77 0.07 -0.08 0.15
532 0.5048 0.6256 0 0.0000 9.555 -9.08 0.77 0.07 -0.08 0.15
533 0.4768 0.6395 0 0.0000 9.551 -9.07 0.77 0.07 -0.08 0.15
534 0.4754 0.6451 0 0.0000 9.547 -9.07 0.77 0.07 -0.08 0.15
535 0.5027 0.6377 0 0.0000 9.543 -9.06 0.77 0.07 -0.08 0.15
536 0.5458 0.6404 0 0.0000 9.539 -9.06 0.77 0.07 -0.08 0.15
537 0.4719 0.6279 0 0.0000 9.535 -9.06 0.77 0.07 -0.08 0.15
538 0.5503 0.6314 0 0.0000 9.530 -9.05 0.77 0.07 -0.08 0.15
539 0.6933 0.6523 0 0.0000 9.524 -9.05 0.77 0.07 -0.08 0.15
540 0.4222 0.5933 0 0.0000 9.518 -9.04 0.77 0.07 -0.08 0.15
541 0.5674 0.6344 0 0.0000 9.513 -9.03 0.77 0.07 -0.08 0.15
542 0.5550 0.6279 0 0.0000 9.510 -9.03 0.77 0.07 -0.08 0.15
543 0.6082 0.6292 0 0.0000 9.508 -9.03 0.77 0.07 -0.08 0.16
544 0.5673 0.6326 0 0.0000 9.506 -9.03 0.77 0.07 -0.08 0.15
545 0.5877 0.6351 0 0.0000 9.506 -9.03 0.77 0.07 -0.08 0.16
546 0.5018 0.5971 0 0.0000 9.507 -9.03 0.77 0.07 -0.08 0.16
547 0.5798 0.6087 0 0.0000 9.510 -9.03 0.77 0.07 -0.08 0.16
548 0.6535 0.6380 0 0.0000 9.514 -9.03 0.77 0.07 -0.08 0.16
549 0.4174 0.5648 0 0.0000 9.517 -9.04 0.77 0.07 -0.08 0.16
550 0.5936 0.6340 0 0.0000 9.522 -9.04 0.77 0.07 -0.08 0.16
551 0.5606 0.6539 0 0.0000 9.526 -9.05 0.77 0.07 -0.08 0.16
552 0.4970 0.6161 0 0.0000 9.530 -9.05 0.77 0.07 -0.08 0.16
553 0.7043 0.5954 0 0.0000 9.534 -9.06 0.77 0.07 -0.08 0.16
554 0.5792 0.6286 0 0.0000 9.538 -9.06 0.77 0.08 -0.08 0.16
555 0.5487 0.6187 0 0.0000 9.541 -9.06 0.77 0.07 -0.08 0.16
556 0.5915 0.6185 0 0.0000 9.543 -9.07 0.77 0.07 -0.08 0.16
557 0.5591 0.6132 0 0.0000 9.546 -9.07 0.76 0.08 -0.08 0.16
558 0.5312 0.6039 0 0.0000 9.548 -9.07 0.76 0.08 -0.08 0.16
559 0.5906 0.5975 0 0.0000 9.550 -9.07 0.76 0.08 -0.08 0.16
560 0.5858 0.6097 0 0.0000 9.552 -9.08 0.76 0.08 -0.08 0.16
561 0.5850 0.5978 0 0.0000 9.553 -9.08 0.76 0.08 -0.08 0.16
562 0.5714 0.5814 0 0.0000 9.555 -9.08 0.76 0.08 -0.08 0.16
563 0.5448 0.5863 0 0.0000 9.556 -9.08 0.76 0.08 -0.08 0.16
564 0.5688 0.5891 0 0.0000 9.557 -9.08 0.76 0.08 -0.08 0.16
565 0.4772 0.5952 0 0.0000 9.559 -9.08 0.76 0.08 -0.08 0.16
566 0.5970 0.5947 0 0.0000 9.561 -9.09 0.76 0.08 -0.08 0.16
567 0.5000 0.5736 0 0.0000 9.563 -9.09 0.76 0.08 -0.08 0.16
568 0.5263 0.5748 0 0.0000 9.566 -9.09 0.76 0.08 -0.08 0.16
569 0.5007 0.5653 0 0.0000 9.568 -9.09 0.76 0.08 -0.08 0.16
570 0.4762 0.5634 0 0.0000 9.571 -9.10 0.76 0.08 -0.08 0.16
571 0.4907 0.5644 0 0.0000 9.574 -9.10 0.76 0.08 -0.08 0.16
572 0.6113 0.5283 0 0.0000 9.576 -9.10 0.76 0.08 -0.08 0.16
573 0.6059 0.5407 0 0.0000 9.578 -9.10 0.76 0.08 -0.08 0.16
574 0.3425 0.5480 0 0.0000 9.579 -9.10 0.76 0.08 -0.08 0.16
575 0.5265 0.5791 0 0.0000 9.582 -9.11 0.76 0.08 -0.08 0.16
576 0.5155 0.6052 0 0.0000 9.585 -9.11 0.76 0.08 -0.08 0.16
577 0.5112 0.6019 0 0.0000 9.586 -9.11 0.76 0.08 -0.08 0.16
578 0.6705 0.6367 0 0.0000 9.586 -9.11 0.76 0.08 -0.08 0.16
579 0.3723 0.5525 0 0.0000 9.585 -9.11 0.75 0.08 -0.08 0.16
580 0.5926 0.5893 0 0.0000 9.585 -9.11 0.75 0.08 -0.08 0.16
581 0.4250 0.5411 0 0.0000 9.586 -9.11 0.75 0.08 -0.08 0.16
582 0.5594 0.5954 0 0.0000 9.587 -9.11 0.75 0.08 -0.08 0.16
583 0.5185 0.5870 0 0.0000 9.590 -9.12 0.75 0.08 -0.08 0.16
584 0.5566 0.5664 0 0.0000 9.593 -9.12 0.75 0.08 -0.08 0.16
585 0.4575 0.5480 0 0.0000 9.597 -9.12 0.75 0.08 -0.08 0.16
586 0.6290 0.5625 0 0.0000 9.602 -9.13 0.75 0.08 -0.08 0.16
587 0.4757 0.5520 0 0.0000 9.607 -9.13 0.75 0.08 -0.08 0.16
588 0.5027 0.5653 0 0.0000 9.613 -9.14 0.75 0.08 -0.08 0.16
589 0.3939 0.5547 0 0.0000 9.620 -9.15 0.75 0.08 -0.08 0.16
590 0.3431 0.5773 0 0.0000 9.627 -9.15 0.75 0.08 -0.08 0.16
591 0.7015 0.5645 0 0.0000 9.634 -9.16 0.75 0.08 -0.08 0.16
592 0.5873 0.5863 0 0.0000 9.636 -9.16 0.75 0.08 -0.08 0.15
593 0.5234 0.6209 0 0.0000 9.637 -9.16 0.75 0.08 -0.08 0.15
594 0.4962 0.6172 0 0.0000 9.635 -9.16 0.75 0.08 -0.08 0.16
595 0.4007 0.5747 0 0.0000 9.632 -9.16 0.75 0.08 -0.08 0.16
596 0.4154 0.5812 0 0.0000 9.629 -9.15 0.75 0.08 -0.08 0.16
597 0.4354 0.6012 0 0.0000 9.625 -9.15 0.75 0.08 -0.08 0.16
598 0.3829 0.5825 0 0.0000 9.621 -9.15 0.75 0.08 -0.08 0.16
