# step wm_danger det_logit danger fire dist_t dx dy yaw tbrg offaxis
0 0.1735 0.3742 1 0.0500 6.083 -6.00 0.00 -0.44 3.14 2.70
1 0.7732 0.7520 0 0.0000 12.042 0.11 -11.90 1.57 1.57 0.00
2 0.4908 0.5497 0 0.0000 12.042 0.11 -11.90 1.57 1.57 0.00
3 0.6292 0.6449 0 0.0000 12.036 0.10 -11.90 1.56 1.57 0.01
4 0.6533 0.6730 0 0.0000 12.018 0.08 -11.88 1.56 1.57 0.01
5 0.5106 0.5715 0 0.0000 11.984 0.06 -11.85 1.56 1.57 0.01
6 0.3612 0.5210 0 0.0000 11.937 0.03 -11.80 1.56 1.56 0.00
7 0.2863 0.4694 0 0.0000 11.878 -0.01 -11.74 1.56 1.56 0.00
8 0.1701 0.4076 0 0.0000 11.810 -0.06 -11.67 1.56 1.56 0.00
9 -0.0285 0.3229 0 0.0000 11.737 -0.11 -11.59 1.56 1.55 0.01
10 -0.2174 0.2503 0 0.0000 11.658 -0.16 -11.51 1.56 1.55 0.01
11 -0.4277 0.1646 0 0.0000 11.574 -0.22 -11.43 1.55 1.54 0.01
12 -0.6487 0.0992 0 0.0000 11.487 -0.28 -11.34 1.55 1.54 0.01
13 -0.8729 0.0230 0 0.0000 11.397 -0.34 -11.25 1.55 1.53 0.02
14 -1.2079 -0.1401 0 0.0000 11.305 -0.40 -11.15 1.55 1.53 0.02
15 -1.4507 -0.2023 0 0.0000 11.211 -0.47 -11.05 1.55 1.52 0.03
16 -1.4652 -0.1463 0 0.0000 11.118 -0.53 -10.96 1.55 1.51 0.03
17 -1.5899 -0.1494 0 0.0000 11.026 -0.59 -10.86 1.54 1.51 0.04
18 -1.7793 -0.2149 0 0.0000 10.933 -0.65 -10.76 1.54 1.50 0.04
19 -1.9089 -0.2658 0 0.0000 10.841 -0.70 -10.66 1.54 1.50 0.04
20 -1.9667 -0.2623 0 0.0000 10.748 -0.75 -10.57 1.53 1.49 0.04
21 -1.9308 -0.1859 0 0.0000 10.655 -0.80 -10.47 1.53 1.48 0.04
22 -2.1259 -0.2648 0 0.0000 10.562 -0.84 -10.37 1.53 1.48 0.05
23 -2.2202 -0.3049 0 0.0000 10.470 -0.88 -10.27 1.53 1.48 0.05
24 -2.2568 -0.3413 0 0.0000 10.379 -0.91 -10.18 1.53 1.47 0.06
25 -2.2124 -0.3039 0 0.0000 10.287 -0.94 -10.08 1.53 1.47 0.06
26 -2.1002 -0.2513 0 0.0000 10.196 -0.97 -9.99 1.53 1.46 0.06
27 -2.0303 -0.2409 0 0.0000 10.106 -0.99 -9.89 1.53 1.46 0.06
28 -2.0194 -0.2481 0 0.0000 10.019 -1.01 -9.80 1.52 1.46 0.07
29 -1.9351 -0.1945 0 0.0000 9.937 -1.03 -9.72 1.53 1.46 0.07
30 -1.7311 0.0585 0 0.0000 9.861 -1.04 -9.64 1.52 1.45 0.07
31 -1.8844 -0.1165 0 0.0000 9.792 -1.06 -9.56 1.52 1.45 0.07
32 -1.7516 -0.1869 0 0.0000 9.730 -1.08 -9.50 1.53 1.45 0.08
33 -1.7629 -0.0970 0 0.0000 9.672 -1.09 -9.44 1.53 1.45 0.08
34 -1.5524 0.1285 0 0.0000 9.619 -1.11 -9.38 1.53 1.44 0.08
35 -1.6166 0.0481 0 0.0000 9.576 -1.12 -9.34 1.53 1.44 0.08
36 -1.8812 -0.1312 0 0.0000 9.538 -1.13 -9.30 1.53 1.44 0.09
37 -1.9468 -0.1190 0 0.0000 9.505 -1.15 -9.26 1.53 1.44 0.09
38 -2.0876 -0.1458 0 0.0000 9.472 -1.17 -9.22 1.52 1.43 0.09
39 -2.3479 -0.3832 0 0.0000 9.439 -1.19 -9.19 1.52 1.43 0.09
40 -2.4855 -0.4815 0 0.0000 9.401 -1.22 -9.14 1.52 1.43 0.09
41 -2.6671 -0.5623 0 0.0000 9.357 -1.25 -9.09 1.51 1.42 0.09
42 -2.9516 -0.6126 0 0.0000 9.308 -1.29 -9.04 1.51 1.42 0.10
43 -3.1743 -0.6907 0 0.0000 9.255 -1.34 -8.98 1.51 1.41 0.10
44 -3.8953 -1.1630 0 0.0000 9.198 -1.39 -8.91 1.51 1.41 0.10
45 -4.6092 -1.4987 0 0.0000 9.136 -1.44 -8.84 1.51 1.40 0.11
46 -0.4668 0.2151 0 0.0000 9.069 -1.50 -8.76 1.51 1.39 0.12
47 -5.3547 -2.4807 0 0.0000 8.999 -1.56 -8.68 1.51 1.38 0.13
48 -5.0099 -2.6077 0 0.0000 8.936 -1.61 -8.60 1.51 1.38 0.13
49 -4.9691 -2.6019 0 0.0000 8.886 -1.66 -8.54 1.50 1.37 0.13
50 -5.0035 -2.6133 0 0.0000 8.853 -1.70 -8.50 1.50 1.36 0.14
51 -5.0221 -2.6180 0 0.0000 8.836 -1.74 -8.47 1.50 1.36 0.14
52 -5.0406 -2.6245 0 0.0000 8.835 -1.76 -8.46 1.50 1.36 0.15
53 -5.0696 -2.6287 0 0.0000 8.847 -1.78 -8.47 1.51 1.35 0.15
54 -4.8233 -2.5218 0 0.0000 8.869 -1.80 -8.49 1.51 1.35 0.16
55 -5.0715 -2.6278 0 0.0000 8.901 -1.81 -8.52 1.51 1.35 0.16
56 -5.0758 -2.6284 0 0.0000 8.941 -1.82 -8.56 1.51 1.35 0.16
57 -5.0938 -2.6358 0 0.0000 8.986 -1.83 -8.60 1.51 1.35 0.16
58 -5.0928 -2.6332 0 0.0000 9.034 -1.84 -8.65 1.51 1.35 0.16
59 -5.0855 -2.6279 0 0.0000 9.085 -1.85 -8.70 1.51 1.35 0.16
60 -5.1130 -2.6403 0 0.0000 9.138 -1.85 -8.76 1.51 1.35 0.16
61 -4.8309 -2.5134 0 0.0000 9.191 -1.85 -8.81 1.51 1.35 0.16
62 -5.0586 -2.6273 0 0.0000 9.244 -1.86 -8.86 1.51 1.35 0.15
63 -5.0624 -2.6283 0 0.0000 9.297 -1.86 -8.92 1.51 1.36 0.15
64 -4.7982 -2.5007 0 0.0000 9.350 -1.86 -8.97 1.51 1.36 0.15
65 -5.1109 -2.6385 0 0.0000 9.404 -1.87 -9.03 1.51 1.36 0.15
66 -4.7987 -2.5009 0 0.0000 9.458 -1.87 -9.08 1.51 1.36 0.15
67 -5.0567 -2.6297 0 0.0000 9.514 -1.88 -9.14 1.51 1.36 0.15
68 -4.9254 -2.5521 0 0.0000 9.569 -1.88 -9.20 1.51 1.36 0.15
69 -5.1179 -2.6387 0 0.0000 9.625 -1.88 -9.25 1.51 1.36 0.15
70 -4.8543 -2.5194 0 0.0000 9.681 -1.89 -9.31 1.51 1.36 0.15
71 -4.8209 -2.5065 0 0.0000 9.738 -1.89 -9.37 1.51 1.36 0.15
72 -4.8410 -2.5118 0 0.0000 9.794 -1.90 -9.42 1.51 1.36 0.15
73 -4.8434 -2.5125 0 0.0000 9.851 -1.90 -9.48 1.51 1.36 0.15
74 -5.1174 -2.6326 0 0.0000 9.909 -1.91 -9.54 1.51 1.36 0.14
75 -5.1203 -2.6352 0 0.0000 9.966 -1.91 -9.60 1.51 1.37 0.15
76 -5.1292 -2.6443 0 0.0000 10.023 -1.92 -9.65 1.51 1.37 0.14
77 -5.1299 -2.6478 0 0.0000 10.078 -1.92 -9.71 1.51 1.37 0.14
78 -5.1169 -2.6430 0 0.0000 10.133 -1.92 -9.76 1.51 1.37 0.14
79 -5.1174 -2.6357 0 0.0000 10.188 -1.93 -9.82 1.51 1.37 0.14
80 -5.1292 -2.6359 0 0.0000 10.242 -1.93 -9.87 1.51 1.37 0.14
81 -5.1180 -2.6328 0 0.0000 10.296 -1.93 -9.93 1.51 1.37 0.14
82 -5.1033 -2.6285 0 0.0000 10.350 -1.94 -9.98 1.51 1.37 0.14
83 -5.1013 -2.6322 0 0.0000 10.405 -1.94 -10.04 1.51 1.37 0.14
84 -5.0081 -2.5913 0 0.0000 10.460 -1.94 -10.09 1.51 1.37 0.14
85 -5.0858 -2.6203 0 0.0000 10.513 -1.94 -10.15 1.51 1.37 0.14
86 -4.9804 -2.5550 0 0.0000 10.567 -1.95 -10.20 1.51 1.37 0.14
87 -5.0594 -2.5912 0 0.0000 10.619 -1.95 -10.26 1.51 1.37 0.14
88 -5.0854 -2.6077 0 0.0000 10.671 -1.95 -10.31 1.51 1.38 0.14
89 -5.0861 -2.6127 0 0.0000 10.722 -1.95 -10.36 1.51 1.38 0.14
90 -5.0803 -2.6159 0 0.0000 10.773 -1.95 -10.41 1.51 1.38 0.13
91 -5.0828 -2.6167 0 0.0000 10.824 -1.96 -10.46 1.51 1.38 0.13
92 -4.8767 -2.5365 0 0.0000 10.874 -1.96 -10.52 1.51 1.38 0.13
93 -5.0370 -2.6154 0 0.0000 10.926 -1.96 -10.57 1.51 1.38 0.13
94 -5.0304 -2.6138 0 0.0000 10.979 -1.96 -10.62 1.51 1.38 0.13
95 -4.9259 -2.5633 0 0.0000 11.035 -1.96 -10.68 1.51 1.38 0.13
96 -5.2326 -2.5924 0 0.0000 11.096 -1.97 -10.74 1.51 1.38 0.13
97 -3.7498 -2.1532 0 0.0000 11.161 -1.97 -10.81 1.51 1.38 0.13
98 -4.0120 -1.6506 0 0.0000 11.230 -1.98 -10.88 1.51 1.38 0.13
99 -4.4167 -1.6962 0 0.0000 11.300 -1.98 -10.95 1.51 1.38 0.13
100 -4.4824 -1.6117 0 0.0000 11.358 -1.98 -11.01 1.51 1.38 0.13
101 -4.6717 -1.7252 0 0.0000 11.394 -1.98 -11.04 1.51 1.39 0.13
102 -4.8452 -1.8434 0 0.0000 11.404 -1.98 -11.05 1.52 1.39 0.13
103 -4.8404 -1.8516 0 0.0000 11.390 -1.97 -11.04 1.52 1.39 0.13
104 -4.7575 -1.8533 0 0.0000 11.356 -1.96 -11.01 1.51 1.39 0.13
105 -4.8240 -1.8552 0 0.0000 11.310 -1.95 -10.96 1.52 1.39 0.13
106 -4.9205 -1.8997 0 0.0000 11.253 -1.93 -10.91 1.52 1.39 0.13
107 -5.0599 -1.9898 0 0.0000 11.188 -1.91 -10.84 1.51 1.39 0.12
108 -5.2761 -2.1073 0 0.0000 11.116 -1.89 -10.78 1.51 1.39 0.12
109 -5.0943 -2.6472 0 0.0000 11.039 -1.87 -10.70 1.52 1.39 0.13
110 -5.1097 -2.6398 0 0.0000 10.958 -1.84 -10.62 1.52 1.39 0.13
111 -5.1018 -2.6418 0 0.0000 10.887 -1.82 -10.55 1.52 1.39 0.13
112 -5.0980 -2.6428 0 0.0000 10.834 -1.80 -10.50 1.52 1.39 0.13
113 -5.0898 -2.6425 0 0.0000 10.804 -1.79 -10.47 1.52 1.39 0.13
114 -5.0970 -2.6436 0 0.0000 10.797 -1.78 -10.47 1.53 1.39 0.13
115 -5.1224 -2.6399 0 0.0000 10.810 -1.78 -10.48 1.53 1.39 0.13
116 -5.1233 -2.6353 0 0.0000 10.837 -1.78 -10.51 1.53 1.39 0.13
117 -5.0930 -2.6246 0 0.0000 10.876 -1.78 -10.55 1.52 1.40 0.13
118 -5.0573 -2.6064 0 0.0000 10.923 -1.78 -10.60 1.53 1.40 0.13
119 -5.0471 -2.6078 0 0.0000 10.976 -1.78 -10.65 1.53 1.40 0.13
120 -4.9835 -2.5818 0 0.0000 11.035 -1.78 -10.71 1.53 1.40 0.13
121 -3.9604 -1.8741 0 0.0000 11.100 -1.78 -10.78 1.53 1.40 0.13
122 -4.9590 -2.3342 0 0.0000 11.170 -1.79 -10.85 1.53 1.40 0.13
123 -4.5214 -1.8261 0 0.0000 11.242 -1.80 -10.92 1.53 1.40 0.13
124 -4.7347 -1.8655 0 0.0000 11.312 -1.80 -10.99 1.53 1.40 0.13
125 -4.2045 -1.6278 0 0.0000 11.369 -1.80 -11.05 1.53 1.40 0.13
126 -4.4183 -1.7106 0 0.0000 11.409 -1.79 -11.09 1.53 1.40 0.13
127 -4.3849 -1.7107 0 0.0000 11.428 -1.79 -11.11 1.53 1.40 0.13
128 -4.3771 -1.7424 0 0.0000 11.424 -1.77 -11.11 1.53 1.40 0.13
129 -4.0693 -1.5366 0 0.0000 11.400 -1.76 -11.09 1.53 1.41 0.13
130 -4.2268 -1.5897 0 0.0000 11.359 -1.74 -11.05 1.53 1.41 0.13
131 -4.4381 -1.7177 0 0.0000 11.304 -1.72 -11.00 1.53 1.41 0.13
132 -4.4503 -1.6623 0 0.0000 11.237 -1.70 -10.93 1.53 1.41 0.12
133 -4.8582 -1.8656 0 0.0000 11.160 -1.67 -10.86 1.54 1.41 0.13
134 -5.2176 -2.0651 0 0.0000 11.076 -1.65 -10.78 1.54 1.41 0.13
135 -5.0655 -2.6233 0 0.0000 10.986 -1.62 -10.69 1.54 1.41 0.13
136 -5.0412 -2.5989 0 0.0000 10.894 -1.59 -10.60 1.54 1.41 0.13
137 -5.5905 -2.8547 0 0.0000 10.813 -1.57 -10.52 1.55 1.41 0.13
138 -5.4806 -2.6502 0 0.0000 10.756 -1.55 -10.47 1.55 1.41 0.13
139 -5.1193 -2.4180 0 0.0000 10.725 -1.54 -10.44 1.55 1.42 0.13
140 -5.1132 -2.3974 0 0.0000 10.720 -1.53 -10.43 1.55 1.42 0.13
141 -4.9603 -2.3784 0 0.0000 10.737 -1.53 -10.45 1.55 1.42 0.13
142 -4.9878 -2.3735 0 0.0000 10.772 -1.52 -10.49 1.55 1.42 0.13
143 -5.0684 -2.4013 0 0.0000 10.822 -1.52 -10.54 1.55 1.42 0.13
144 -5.2681 -2.5082 0 0.0000 10.882 -1.52 -10.60 1.55 1.42 0.13
145 -5.4651 -2.6015 0 0.0000 10.951 -1.52 -10.67 1.55 1.42 0.13
146 -5.5591 -2.6599 0 0.0000 11.024 -1.52 -10.75 1.55 1.42 0.13
147 -2.1418 -0.3667 0 0.0000 11.101 -1.51 -10.82 1.55 1.42 0.13
148 -3.1329 -0.6786 0 0.0000 11.178 -1.51 -10.90 1.55 1.42 0.12
149 -3.1189 -0.8475 0 0.0000 11.243 -1.51 -10.97 1.55 1.43 0.13
150 -3.1900 -0.9062 0 0.0000 11.286 -1.51 -11.01 1.55 1.43 0.13
151 -3.1287 -0.8423 0 0.0000 11.304 -1.50 -11.03 1.55 1.43 0.13
152 -3.2124 -0.8506 0 0.0000 11.296 -1.49 -11.03 1.55 1.43 0.12
153 -3.0910 -0.7341 0 0.0000 11.266 -1.47 -11.00 1.55 1.43 0.12
154 -3.0296 -0.6368 0 0.0000 11.217 -1.45 -10.95 1.55 1.43 0.12
155 -3.4442 -0.8124 0 0.0000 11.153 -1.43 -10.89 1.55 1.43 0.12
156 -4.0385 -0.9339 0 0.0000 11.078 -1.41 -10.82 1.55 1.43 0.12
157 -4.3637 -1.1803 0 0.0000 10.995 -1.40 -10.73 1.55 1.43 0.12
158 -4.4878 -1.2300 0 0.0000 10.907 -1.39 -10.64 1.56 1.43 0.13
159 -4.5284 -1.2211 0 0.0000 10.816 -1.39 -10.55 1.56 1.43 0.13
160 -4.5606 -1.3893 0 0.0000 10.724 -1.41 -10.46 1.56 1.43 0.13
161 -4.6915 -1.2036 0 0.0000 10.632 -1.44 -10.36 1.56 1.42 0.13
162 -4.6309 -1.7072 0 0.0000 10.540 -1.47 -10.26 1.56 1.42 0.14
163 -5.6193 -2.6175 0 0.0000 10.450 -1.51 -10.16 1.56 1.41 0.15
164 -5.5200 -2.6463 0 0.0000 10.367 -1.54 -10.07 1.56 1.41 0.15
165 -5.5618 -2.7392 0 0.0000 10.301 -1.57 -10.00 1.55 1.41 0.15
166 -4.7411 -2.4637 0 0.0000 10.255 -1.59 -9.95 1.55 1.40 0.15
167 -4.9717 -2.5879 0 0.0000 10.232 -1.61 -9.92 1.55 1.40 0.15
168 -4.8376 -2.5111 0 0.0000 10.228 -1.62 -9.92 1.55 1.40 0.15
169 -4.8289 -2.5088 0 0.0000 10.241 -1.63 -9.93 1.55 1.40 0.15
170 -5.1492 -2.6409 0 0.0000 10.266 -1.64 -9.95 1.55 1.40 0.16
171 -5.1543 -2.6507 0 0.0000 10.300 -1.64 -9.99 1.56 1.40 0.16
172 -4.8130 -2.5068 0 0.0000 10.341 -1.65 -10.03 1.56 1.40 0.16
173 -4.8677 -2.5230 0 0.0000 10.385 -1.65 -10.07 1.56 1.40 0.16
174 -5.1466 -2.6440 0 0.0000 10.433 -1.65 -10.12 1.56 1.40 0.16
175 -5.1475 -2.6537 0 0.0000 10.483 -1.65 -10.17 1.56 1.40 0.16
176 -4.9009 -2.5437 0 0.0000 10.535 -1.65 -10.23 1.56 1.40 0.16
177 -4.8942 -2.5282 0 0.0000 10.588 -1.65 -10.28 1.56 1.40 0.16
178 -4.9185 -2.5429 0 0.0000 10.642 -1.65 -10.33 1.56 1.40 0.15
179 -4.9068 -2.5468 0 0.0000 10.695 -1.65 -10.39 1.56 1.40 0.15
180 -5.1203 -2.6364 0 0.0000 10.749 -1.65 -10.44 1.56 1.41 0.15
181 -5.0966 -2.6334 0 0.0000 10.802 -1.65 -10.50 1.56 1.41 0.15
182 -4.8866 -2.5495 0 0.0000 10.856 -1.65 -10.55 1.56 1.41 0.15
183 -5.0107 -2.6070 0 0.0000 10.913 -1.65 -10.61 1.56 1.41 0.15
184 -4.9807 -2.5947 0 0.0000 10.974 -1.65 -10.67 1.56 1.41 0.15
185 -5.0250 -2.6066 0 0.0000 11.039 -1.65 -10.74 1.56 1.41 0.15
186 -4.3649 -2.1531 0 0.0000 11.107 -1.66 -10.81 1.56 1.41 0.15
187 -4.6049 -2.0472 0 0.0000 11.178 -1.66 -10.88 1.56 1.41 0.15
188 -4.0857 -1.6689 0 0.0000 11.251 -1.66 -10.95 1.56 1.41 0.15
189 -3.9410 -1.3678 0 0.0000 11.321 -1.66 -11.03 1.56 1.41 0.15
190 -4.0801 -1.4937 0 0.0000 11.377 -1.65 -11.08 1.57 1.41 0.15
191 -3.8835 -1.3242 0 0.0000 11.411 -1.65 -11.12 1.57 1.42 0.15
192 -3.9684 -1.3585 0 0.0000 11.419 -1.64 -11.13 1.57 1.42 0.15
193 -3.8280 -1.2906 0 0.0000 11.404 -1.62 -11.11 1.56 1.42 0.15
194 -3.5610 -1.1316 0 0.0000 11.367 -1.60 -11.08 1.56 1.42 0.14
195 -3.5186 -1.0509 0 0.0000 11.313 -1.57 -11.03 1.56 1.42 0.14
196 -3.2000 -0.8036 0 0.0000 11.248 -1.55 -10.97 1.56 1.42 0.14
197 -3.4871 -0.8524 0 0.0000 11.174 -1.52 -10.90 1.56 1.42 0.13
198 -3.4718 -0.8375 0 0.0000 11.094 -1.48 -10.82 1.56 1.43 0.13
199 -3.8662 -0.6419 0 0.0000 11.009 -1.45 -10.74 1.56 1.43 0.13
200 -4.6564 -1.3779 0 0.0000 10.919 -1.42 -10.65 1.56 1.43 0.13
201 -4.6704 -1.5024 0 0.0000 10.826 -1.39 -10.56 1.56 1.43 0.13
202 -4.8794 -1.6345 0 0.0000 10.731 -1.38 -10.47 1.55 1.43 0.12
203 -4.9516 -1.6501 0 0.0000 10.636 -1.37 -10.37 1.55 1.43 0.12
204 -4.9474 -1.6141 0 0.0000 10.542 -1.38 -10.27 1.55 1.43 0.12
205 -5.1200 -1.7077 0 0.0000 10.448 -1.40 -10.18 1.55 1.42 0.13
206 -4.9495 -1.4329 0 0.0000 10.355 -1.44 -10.08 1.55 1.42 0.13
207 -5.1174 -2.5423 0 0.0000 10.265 -1.49 -9.98 1.55 1.41 0.14
208 -5.4400 -2.5463 0 0.0000 10.176 -1.53 -9.88 1.55 1.41 0.14
209 -5.4879 -2.7769 0 0.0000 10.100 -1.58 -9.79 1.55 1.40 0.14
210 -4.8023 -2.5338 0 0.0000 10.043 -1.61 -9.73 1.54 1.40 0.15
211 -5.0970 -2.6510 0 0.0000 10.008 -1.64 -9.69 1.54 1.39 0.15
212 -5.1080 -2.6352 0 0.0000 9.995 -1.67 -9.67 1.55 1.39 0.16
213 -4.7348 -2.4711 0 0.0000 10.000 -1.69 -9.67 1.55 1.39 0.16
214 -5.1200 -2.6284 0 0.0000 10.019 -1.70 -9.69 1.55 1.39 0.16
215 -5.0935 -2.6283 0 0.0000 10.049 -1.71 -9.72 1.55 1.39 0.17
216 -5.1018 -2.6337 0 0.0000 10.087 -1.72 -9.75 1.56 1.39 0.17
217 -5.0339 -2.5976 0 0.0000 10.129 -1.72 -9.80 1.56 1.39 0.17
218 -5.1028 -2.6422 0 0.0000 10.176 -1.73 -9.84 1.56 1.39 0.17
219 -5.1308 -2.6511 0 0.0000 10.226 -1.73 -9.89 1.56 1.39 0.17
220 -4.8117 -2.5061 0 0.0000 10.278 -1.74 -9.95 1.56 1.39 0.17
221 -4.8761 -2.5383 0 0.0000 10.330 -1.74 -10.00 1.55 1.39 0.16
222 -4.9032 -2.5495 0 0.0000 10.382 -1.74 -10.05 1.55 1.39 0.16
223 -5.0602 -2.6256 0 0.0000 10.435 -1.74 -10.11 1.55 1.39 0.16
224 -5.0908 -2.6411 0 0.0000 10.487 -1.74 -10.16 1.56 1.39 0.16
225 -4.9310 -2.5700 0 0.0000 10.540 -1.74 -10.21 1.55 1.39 0.16
226 -5.0833 -2.6317 0 0.0000 10.593 -1.74 -10.27 1.55 1.39 0.16
227 -5.0571 -2.6103 0 0.0000 10.647 -1.74 -10.32 1.55 1.39 0.16
228 -5.0633 -2.6178 0 0.0000 10.701 -1.74 -10.38 1.55 1.40 0.15
229 -5.0630 -2.6221 0 0.0000 10.755 -1.74 -10.43 1.55 1.40 0.15
230 -5.0490 -2.6150 0 0.0000 10.809 -1.74 -10.49 1.55 1.40 0.15
231 -4.8863 -2.5462 0 0.0000 10.863 -1.74 -10.54 1.55 1.40 0.15
232 -5.1021 -2.6335 0 0.0000 10.918 -1.74 -10.60 1.55 1.40 0.15
233 -5.0894 -2.6359 0 0.0000 10.975 -1.74 -10.66 1.55 1.40 0.15
234 -4.7579 -2.5007 0 0.0000 11.034 -1.74 -10.72 1.55 1.40 0.15
235 -4.1879 -2.0524 0 0.0000 11.098 -1.74 -10.78 1.55 1.40 0.15
236 -4.9699 -2.2102 0 0.0000 11.166 -1.74 -10.85 1.55 1.40 0.15
237 -4.7004 -2.0057 0 0.0000 11.236 -1.74 -10.92 1.55 1.41 0.15
238 -4.1630 -1.6360 0 0.0000 11.306 -1.73 -10.99 1.55 1.41 0.15
239 -3.7737 -1.3283 0 0.0000 11.369 -1.73 -11.06 1.56 1.41 0.15
240 -4.0782 -1.5104 0 0.0000 11.416 -1.72 -11.11 1.56 1.41 0.15
241 -4.1283 -1.5104 0 0.0000 11.440 -1.71 -11.14 1.56 1.41 0.15
242 -4.1811 -1.5801 0 0.0000 11.439 -1.69 -11.14 1.56 1.41 0.15
243 -3.9449 -1.4731 0 0.0000 11.415 -1.68 -11.11 1.56 1.41 0.14
244 -3.9020 -1.4075 0 0.0000 11.372 -1.65 -11.07 1.55 1.41 0.14
245 -3.9519 -1.3807 0 0.0000 11.313 -1.63 -11.02 1.56 1.42 0.14
246 -3.8623 -1.2651 0 0.0000 11.241 -1.60 -10.95 1.55 1.42 0.13
247 -3.9185 -1.2386 0 0.0000 11.160 -1.57 -10.87 1.55 1.42 0.13
248 -4.1021 -1.2950 0 0.0000 11.072 -1.54 -10.79 1.55 1.42 0.13
249 -5.8143 -2.7856 0 0.0000 10.979 -1.51 -10.70 1.55 1.42 0.13
250 -4.0569 -1.5925 0 0.0000 10.884 -1.48 -10.61 1.55 1.42 0.13
251 -0.2680 0.7488 0 0.0000 10.799 -1.45 -10.52 1.55 1.43 0.13
252 -3.2199 -0.6411 0 0.0000 10.734 -1.42 -10.46 1.55 1.43 0.13
253 -4.2000 -0.9789 0 0.0000 10.689 -1.40 -10.42 1.55 1.43 0.12
254 -4.2869 -1.2913 0 0.0000 10.653 -1.38 -10.38 1.54 1.43 0.11
255 -4.3236 -1.4063 0 0.0000 10.618 -1.38 -10.35 1.52 1.43 0.09
256 -4.5394 -1.5924 0 0.0000 10.578 -1.39 -10.31 1.52 1.43 0.09
257 -4.7540 -1.7723 0 0.0000 10.531 -1.42 -10.25 1.52 1.42 0.10
258 -4.3263 -0.9932 0 0.0000 10.476 -1.46 -10.19 1.52 1.42 0.10
259 -5.0358 -2.3441 0 0.0000 10.415 -1.50 -10.12 1.52 1.41 0.11
260 -5.4729 -2.5517 0 0.0000 10.348 -1.55 -10.05 1.52 1.41 0.11
261 -5.5181 -2.7792 0 0.0000 10.285 -1.59 -9.98 1.51 1.40 0.11
262 -4.8510 -2.5384 0 0.0000 10.235 -1.62 -9.92 1.50 1.40 0.10
263 -4.8551 -2.5291 0 0.0000 10.204 -1.65 -9.88 1.50 1.40 0.11
264 -5.1434 -2.6439 0 0.0000 10.192 -1.67 -9.87 1.50 1.39 0.11
265 -4.8808 -2.5317 0 0.0000 10.196 -1.68 -9.87 1.51 1.39 0.11
266 -5.0815 -2.6330 0 0.0000 10.215 -1.70 -9.89 1.51 1.39 0.12
267 -5.0866 -2.6305 0 0.0000 10.244 -1.71 -9.91 1.51 1.39 0.12
268 -5.1011 -2.6362 0 0.0000 10.282 -1.71 -9.95 1.51 1.39 0.12
269 -4.9013 -2.5431 0 0.0000 10.325 -1.72 -10.00 1.51 1.39 0.12
270 -5.1010 -2.6326 0 0.0000 10.373 -1.72 -10.04 1.51 1.39 0.12
271 -5.0947 -2.6206 0 0.0000 10.424 -1.73 -10.09 1.51 1.39 0.12
272 -4.7718 -2.4952 0 0.0000 10.477 -1.73 -10.15 1.51 1.39 0.12
273 -4.8322 -2.5226 0 0.0000 10.533 -1.74 -10.20 1.51 1.39 0.12
274 -5.0591 -2.6172 0 0.0000 10.590 -1.74 -10.26 1.51 1.39 0.12
275 -5.0567 -2.6072 0 0.0000 10.648 -1.74 -10.32 1.51 1.39 0.12
276 -5.0666 -2.6236 0 0.0000 10.706 -1.75 -10.38 1.51 1.40 0.12
277 -4.9188 -2.5481 0 0.0000 10.764 -1.75 -10.44 1.51 1.40 0.11
278 -4.9002 -2.5375 0 0.0000 10.822 -1.76 -10.50 1.51 1.40 0.12
279 -4.8581 -2.5278 0 0.0000 10.881 -1.76 -10.56 1.51 1.40 0.12
280 -4.9249 -2.5580 0 0.0000 10.942 -1.77 -10.62 1.51 1.40 0.11
281 -5.0438 -2.6241 0 0.0000 11.005 -1.77 -10.68 1.51 1.40 0.11
282 -4.9232 -2.2931 0 0.0000 11.069 -1.78 -10.74 1.51 1.40 0.11
283 -4.1966 -1.9934 0 0.0000 11.136 -1.78 -10.81 1.51 1.40 0.11
284 -4.3543 -1.7820 0 0.0000 11.207 -1.79 -10.88 1.51 1.40 0.11
285 -4.6298 -1.8025 0 0.0000 11.277 -1.80 -10.95 1.52 1.40 0.12
286 -4.4411 -1.6030 0 0.0000 11.333 -1.80 -11.01 1.52 1.40 0.12
287 -4.1926 -1.4608 0 0.0000 11.367 -1.80 -11.04 1.52 1.40 0.12
288 -4.3359 -1.6107 0 0.0000 11.376 -1.79 -11.05 1.52 1.40 0.12
289 -4.3997 -1.6786 0 0.0000 11.360 -1.78 -11.04 1.52 1.40 0.12
290 -4.3267 -1.5608 0 0.0000 11.324 -1.76 -11.01 1.52 1.40 0.11
291 -4.7277 -1.8343 0 0.0000 11.270 -1.75 -10.95 1.52 1.40 0.11
292 -5.1512 -2.1102 0 0.0000 11.202 -1.73 -10.89 1.52 1.41 0.11
293 -5.2360 -2.0852 0 0.0000 11.124 -1.70 -10.81 1.51 1.41 0.11
294 -5.0418 -2.6162 0 0.0000 11.037 -1.68 -10.73 1.51 1.41 0.11
295 -5.1133 -2.6352 0 0.0000 10.947 -1.65 -10.64 1.51 1.41 0.11
296 -5.0827 -2.6434 0 0.0000 10.868 -1.63 -10.56 1.52 1.41 0.11
297 -5.0880 -2.6406 0 0.0000 10.809 -1.61 -10.51 1.52 1.41 0.11
298 -4.9449 -2.5752 0 0.0000 10.776 -1.60 -10.47 1.52 1.41 0.11
299 -5.0459 -2.5671 0 0.0000 10.765 -1.59 -10.46 1.52 1.41 0.11
300 -5.4059 -2.7813 0 0.0000 10.775 -1.59 -10.48 1.52 1.41 0.11
301 -5.3274 -2.7387 0 0.0000 10.801 -1.59 -10.50 1.52 1.41 0.11
302 -5.4009 -2.7600 0 0.0000 10.841 -1.59 -10.54 1.52 1.41 0.10
303 -5.1530 -2.6533 0 0.0000 10.891 -1.59 -10.59 1.52 1.41 0.10
304 -5.3708 -2.7655 0 0.0000 10.947 -1.59 -10.65 1.52 1.41 0.10
305 -5.3503 -2.7315 0 0.0000 11.010 -1.59 -10.71 1.52 1.42 0.10
306 -3.8791 -1.4852 0 0.0000 11.078 -1.59 -10.78 1.51 1.42 0.10
307 -4.3867 -1.5440 0 0.0000 11.147 -1.59 -10.85 1.52 1.42 0.10
308 -4.2178 -1.3595 0 0.0000 11.207 -1.60 -10.91 1.52 1.42 0.10
309 -4.1733 -1.3249 0 0.0000 11.248 -1.59 -10.96 1.52 1.42 0.10
310 -4.2154 -1.3907 0 0.0000 11.265 -1.59 -10.97 1.52 1.42 0.10
311 -4.0396 -1.2809 0 0.0000 11.258 -1.58 -10.97 1.52 1.42 0.10
312 -3.7113 -1.0411 0 0.0000 11.229 -1.56 -10.94 1.52 1.42 0.10
313 -3.7126 -0.9965 0 0.0000 11.180 -1.54 -10.89 1.52 1.42 0.10
314 -3.7385 -0.9204 0 0.0000 11.117 -1.53 -10.83 1.52 1.42 0.10
315 -3.2278 -0.7188 0 0.0000 11.043 -1.51 -10.76 1.52 1.42 0.10
316 -4.6289 -2.1668 0 0.0000 10.960 -1.49 -10.68 1.52 1.42 0.10
317 -3.7608 -1.0387 0 0.0000 10.873 -1.48 -10.59 1.53 1.42 0.10
318 -1.6646 0.1794 0 0.0000 10.795 -1.47 -10.51 1.53 1.42 0.11
319 -1.2971 0.4386 0 0.0000 10.734 -1.46 -10.45 1.53 1.42 0.11
320 -3.4283 -0.2939 0 0.0000 10.692 -1.45 -10.41 1.53 1.42 0.11
321 -4.4102 -1.0874 0 0.0000 10.659 -1.44 -10.38 1.53 1.42 0.11
322 -4.2241 -1.1438 0 0.0000 10.628 -1.44 -10.35 1.52 1.42 0.10
323 -4.3707 -1.0301 0 0.0000 10.592 -1.45 -10.31 1.51 1.42 0.09
324 -3.2018 -1.3778 0 0.0000 10.547 -1.47 -10.26 1.51 1.42 0.09
325 -4.7228 -2.3539 0 0.0000 10.494 -1.50 -10.20 1.52 1.42 0.10
326 -5.1553 -2.4475 0 0.0000 10.442 -1.52 -10.15 1.51 1.41 0.10
327 -5.3133 -2.5340 0 0.0000 10.402 -1.55 -10.10 1.51 1.41 0.10
328 -5.4866 -2.6446 0 0.0000 10.378 -1.57 -10.08 1.51 1.41 0.10
329 -5.4763 -2.7293 0 0.0000 10.372 -1.58 -10.07 1.51 1.41 0.10
330 -5.3663 -2.7425 0 0.0000 10.383 -1.59 -10.08 1.51 1.41 0.10
331 -5.0981 -2.5996 0 0.0000 10.410 -1.60 -10.10 1.51 1.41 0.10
332 -5.1018 -2.6350 0 0.0000 10.449 -1.60 -10.14 1.51 1.41 0.11
333 -5.0629 -2.6153 0 0.0000 10.497 -1.61 -10.19 1.51 1.41 0.11
334 -4.9802 -2.5750 0 0.0000 10.550 -1.61 -10.24 1.51 1.41 0.10
335 -5.1329 -2.6444 0 0.0000 10.607 -1.62 -10.30 1.51 1.41 0.11
336 -5.1217 -2.6343 0 0.0000 10.666 -1.62 -10.36 1.51 1.41 0.11
337 -5.0561 -2.6046 0 0.0000 10.725 -1.63 -10.42 1.51 1.41 0.11
338 -5.0889 -2.6185 0 0.0000 10.785 -1.63 -10.48 1.51 1.41 0.11
339 -5.0719 -2.6148 0 0.0000 10.845 -1.63 -10.54 1.51 1.41 0.11
340 -5.0761 -2.6200 0 0.0000 10.905 -1.64 -10.60 1.51 1.41 0.11
341 -4.9991 -2.5907 0 0.0000 10.968 -1.64 -10.66 1.52 1.41 0.11
342 -5.0654 -2.6221 0 0.0000 11.032 -1.64 -10.73 1.52 1.41 0.11
343 -4.5135 -2.0646 0 0.0000 11.099 -1.65 -10.80 1.52 1.41 0.10
344 -4.3972 -1.7992 0 0.0000 11.168 -1.65 -10.87 1.52 1.41 0.11
345 -4.0500 -1.5460 0 0.0000 11.238 -1.65 -10.94 1.52 1.41 0.11
346 -3.5534 -1.1603 0 0.0000 11.302 -1.65 -11.00 1.52 1.41 0.11
347 -4.1679 -1.5212 0 0.0000 11.352 -1.65 -11.05 1.52 1.41 0.11
348 -3.8033 -1.3235 0 0.0000 11.380 -1.64 -11.08 1.52 1.42 0.11
349 -3.8313 -1.3292 0 0.0000 11.382 -1.62 -11.09 1.52 1.42 0.10
350 -3.6984 -1.2234 0 0.0000 11.362 -1.60 -11.07 1.52 1.42 0.10
351 -3.2907 -0.9310 0 0.0000 11.320 -1.57 -11.03 1.52 1.42 0.09
352 -3.2107 -0.7510 0 0.0000 11.262 -1.54 -10.98 1.52 1.42 0.09
353 -3.0932 -0.5283 0 0.0000 11.192 -1.51 -10.91 1.52 1.42 0.09
354 -2.7820 -0.4138 0 0.0000 11.111 -1.48 -10.83 1.52 1.43 0.09
355 -3.6471 -0.7024 0 0.0000 11.025 -1.46 -10.75 1.52 1.43 0.09
356 -3.8685 -0.4815 0 0.0000 10.934 -1.45 -10.66 1.52 1.43 0.10
357 -4.3203 -0.8762 0 0.0000 10.841 -1.44 -10.57 1.52 1.43 0.10
358 -4.3660 -0.9908 0 0.0000 10.747 -1.44 -10.47 1.52 1.43 0.10
359 -4.5362 -1.1402 0 0.0000 10.653 -1.44 -10.37 1.52 1.42 0.10
360 -4.2118 -0.8269 0 0.0000 10.558 -1.44 -10.28 1.52 1.42 0.10
361 -3.7202 -0.5266 0 0.0000 10.464 -1.46 -10.18 1.52 1.42 0.11
362 -3.6509 -1.6407 0 0.0000 10.370 -1.48 -10.08 1.53 1.42 0.11
363 -5.0829 -2.6522 0 0.0000 10.277 -1.51 -9.98 1.52 1.41 0.11
364 -5.0484 -2.3283 0 0.0000 10.196 -1.52 -9.90 1.52 1.41 0.11
365 -4.8440 -2.3089 0 0.0000 10.135 -1.54 -9.83 1.52 1.41 0.11
366 -5.0550 -2.4213 0 0.0000 10.098 -1.55 -9.79 1.52 1.40 0.11
367 -5.3267 -2.5837 0 0.0000 10.085 -1.56 -9.77 1.52 1.40 0.12
368 -5.3428 -2.5129 0 0.0000 10.092 -1.56 -9.78 1.52 1.40 0.12
369 -5.5946 -2.7549 0 0.0000 10.116 -1.57 -9.81 1.52 1.40 0.12
370 -5.5247 -2.6990 0 0.0000 10.153 -1.57 -9.84 1.53 1.40 0.12
371 -5.2301 -2.5587 0 0.0000 10.201 -1.57 -9.89 1.53 1.40 0.12
372 -5.4675 -2.7034 0 0.0000 10.256 -1.57 -9.95 1.53 1.40 0.12
373 -5.4892 -2.7583 0 0.0000 10.316 -1.57 -10.01 1.53 1.41 0.12
374 -5.5972 -2.8353 0 0.0000 10.380 -1.58 -10.07 1.53 1.41 0.12
375 -5.4228 -2.7238 0 0.0000 10.446 -1.58 -10.14 1.53 1.41 0.12
376 -5.4505 -2.7117 0 0.0000 10.513 -1.58 -10.21 1.53 1.41 0.12
377 -5.1521 -2.5899 0 0.0000 10.580 -1.58 -10.28 1.53 1.41 0.12
378 -5.3646 -2.6909 0 0.0000 10.646 -1.58 -10.34 1.53 1.41 0.12
379 -5.3495 -2.7017 0 0.0000 10.711 -1.58 -10.41 1.53 1.41 0.12
380 -5.3570 -2.7327 0 0.0000 10.775 -1.59 -10.48 1.53 1.41 0.12
381 -5.3461 -2.7099 0 0.0000 10.838 -1.59 -10.54 1.53 1.41 0.11
382 -5.0137 -2.5588 0 0.0000 10.902 -1.59 -10.60 1.53 1.41 0.11
383 -5.0319 -2.5477 0 0.0000 10.967 -1.59 -10.67 1.52 1.41 0.11
384 -5.0993 -2.5662 0 0.0000 11.032 -1.59 -10.74 1.52 1.42 0.11
385 -3.6104 -1.5225 0 0.0000 11.101 -1.59 -10.81 1.52 1.42 0.11
386 -4.2163 -1.4013 0 0.0000 11.169 -1.60 -10.87 1.52 1.42 0.10
387 -3.9994 -1.2759 0 0.0000 11.226 -1.60 -10.93 1.52 1.42 0.10
388 -4.2140 -1.5033 0 0.0000 11.261 -1.60 -10.97 1.52 1.42 0.10
389 -4.1640 -1.4850 0 0.0000 11.271 -1.60 -10.98 1.52 1.42 0.10
390 -4.1278 -1.3761 0 0.0000 11.257 -1.59 -10.96 1.52 1.42 0.10
391 -3.9195 -1.1992 0 0.0000 11.222 -1.58 -10.93 1.51 1.42 0.09
392 -4.0325 -1.2133 0 0.0000 11.168 -1.56 -10.88 1.51 1.42 0.09
393 -3.7847 -1.0097 0 0.0000 11.102 -1.54 -10.81 1.51 1.42 0.09
394 -4.9852 -2.2038 0 0.0000 11.025 -1.52 -10.74 1.51 1.42 0.08
395 -5.0879 -2.2897 0 0.0000 10.943 -1.49 -10.66 1.51 1.42 0.08
396 -2.1441 -0.0788 0 0.0000 10.866 -1.47 -10.59 1.51 1.42 0.09
397 -0.9149 0.5256 0 0.0000 10.807 -1.46 -10.53 1.51 1.42 0.09
398 -2.8130 -0.1487 0 0.0000 10.767 -1.44 -10.49 1.51 1.43 0.09
399 -4.1975 -1.1087 0 0.0000 10.742 -1.43 -10.47 1.51 1.43 0.08
400 -3.9017 -1.1178 0 0.0000 10.722 -1.42 -10.45 1.50 1.43 0.07
401 -3.8629 -1.1346 0 0.0000 10.699 -1.43 -10.42 1.49 1.43 0.06
402 -3.9186 -0.9193 0 0.0000 10.668 -1.44 -10.39 1.49 1.42 0.06
403 -3.3383 -0.9292 0 0.0000 10.625 -1.47 -10.34 1.49 1.42 0.07
404 -4.8757 -2.3088 0 0.0000 10.573 -1.50 -10.28 1.49 1.42 0.08
405 -5.5092 -2.6070 0 0.0000 10.520 -1.53 -10.22 1.49 1.41 0.08
406 -5.4292 -2.5758 0 0.0000 10.474 -1.56 -10.17 1.49 1.41 0.08
407 -5.5089 -2.7235 0 0.0000 10.442 -1.58 -10.14 1.49 1.41 0.08
408 -5.0822 -2.6122 0 0.0000 10.427 -1.60 -10.12 1.48 1.40 0.08
409 -5.1048 -2.6410 0 0.0000 10.429 -1.62 -10.12 1.48 1.40 0.08
410 -5.1138 -2.6403 0 0.0000 10.446 -1.63 -10.13 1.48 1.40 0.08
411 -4.8191 -2.5129 0 0.0000 10.477 -1.64 -10.16 1.48 1.40 0.08
412 -5.1378 -2.6465 0 0.0000 10.518 -1.65 -10.20 1.48 1.40 0.08
413 -5.1220 -2.6325 0 0.0000 10.565 -1.66 -10.25 1.48 1.40 0.08
414 -5.1165 -2.6359 0 0.0000 10.617 -1.66 -10.30 1.48 1.40 0.08
415 -5.1148 -2.6167 0 0.0000 10.671 -1.67 -10.36 1.48 1.40 0.08
416 -5.0582 -2.5975 0 0.0000 10.725 -1.68 -10.41 1.48 1.40 0.08
417 -5.0953 -2.6200 0 0.0000 10.779 -1.68 -10.46 1.48 1.40 0.08
418 -5.0984 -2.6211 0 0.0000 10.833 -1.68 -10.52 1.48 1.40 0.08
419 -4.8319 -2.5160 0 0.0000 10.887 -1.69 -10.57 1.48 1.40 0.08
420 -5.0802 -2.6166 0 0.0000 10.944 -1.69 -10.63 1.48 1.40 0.08
421 -4.9777 -2.5775 0 0.0000 11.004 -1.70 -10.69 1.48 1.41 0.08
422 -4.6812 -2.0422 0 0.0000 11.067 -1.70 -10.76 1.48 1.41 0.08
423 -4.9705 -2.1105 0 0.0000 11.133 -1.71 -10.82 1.49 1.41 0.08
424 -4.4683 -1.6974 0 0.0000 11.200 -1.71 -10.89 1.49 1.41 0.08
425 -4.2978 -1.5352 0 0.0000 11.262 -1.71 -10.95 1.49 1.41 0.09
426 -4.4688 -1.6928 0 0.0000 11.310 -1.71 -11.00 1.50 1.41 0.09
427 -4.2742 -1.4905 0 0.0000 11.334 -1.70 -11.03 1.49 1.41 0.08
428 -4.3612 -1.5612 0 0.0000 11.335 -1.69 -11.03 1.49 1.41 0.08
429 -4.0427 -1.3643 0 0.0000 11.312 -1.68 -11.01 1.49 1.41 0.08
430 -4.2383 -1.4584 0 0.0000 11.270 -1.66 -10.97 1.49 1.41 0.07
431 -3.9892 -1.2809 0 0.0000 11.212 -1.63 -10.91 1.49 1.41 0.07
432 -4.2653 -1.3641 0 0.0000 11.143 -1.61 -10.85 1.48 1.42 0.07
433 -4.5938 -1.6120 0 0.0000 11.066 -1.58 -10.77 1.48 1.42 0.07
434 -5.3066 -2.5147 0 0.0000 10.985 -1.55 -10.70 1.48 1.42 0.06
435 -4.8643 -2.2117 0 0.0000 10.904 -1.52 -10.62 1.48 1.42 0.06
436 -3.8608 -1.3708 0 0.0000 10.831 -1.50 -10.55 1.48 1.42 0.06
437 -0.6971 0.3291 0 0.0000 10.777 -1.48 -10.49 1.49 1.42 0.06
438 -1.0419 0.7123 0 0.0000 10.742 -1.46 -10.46 1.48 1.42 0.06
439 -4.3501 -1.0274 0 0.0000 10.724 -1.44 -10.45 1.48 1.42 0.06
440 -4.0642 -1.1275 0 0.0000 10.711 -1.43 -10.43 1.48 1.43 0.05
441 -3.6625 -0.9328 0 0.0000 10.691 -1.42 -10.42 1.47 1.43 0.05
442 -3.8604 -1.1168 0 0.0000 10.661 -1.43 -10.38 1.47 1.43 0.05
443 -4.0401 -1.1965 0 0.0000 10.620 -1.44 -10.34 1.47 1.42 0.05
444 -3.9893 -0.7956 0 0.0000 10.569 -1.47 -10.29 1.47 1.42 0.05
445 -3.8324 -1.8591 0 0.0000 10.508 -1.50 -10.22 1.47 1.42 0.06
446 -5.3550 -2.4287 0 0.0000 10.439 -1.53 -10.14 1.47 1.41 0.06
447 -5.3882 -2.5717 0 0.0000 10.375 -1.56 -10.07 1.46 1.41 0.06
448 -5.4589 -2.6274 0 0.0000 10.324 -1.58 -10.02 1.46 1.41 0.06
449 -5.3462 -2.7414 0 0.0000 10.293 -1.60 -9.98 1.46 1.40 0.06
450 -4.9706 -2.5656 0 0.0000 10.283 -1.61 -9.97 1.46 1.40 0.06
451 -4.7244 -2.4776 0 0.0000 10.292 -1.63 -9.98 1.47 1.40 0.07
452 -5.1313 -2.6405 0 0.0000 10.315 -1.64 -10.00 1.47 1.40 0.07
453 -5.1271 -2.6390 0 0.0000 10.350 -1.65 -10.03 1.47 1.40 0.07
454 -4.9547 -2.5682 0 0.0000 10.393 -1.66 -10.08 1.47 1.40 0.07
455 -5.1396 -2.6402 0 0.0000 10.442 -1.67 -10.12 1.47 1.40 0.07
456 -4.9598 -2.5673 0 0.0000 10.495 -1.68 -10.18 1.47 1.40 0.07
457 -4.9728 -2.5753 0 0.0000 10.550 -1.69 -10.23 1.47 1.40 0.07
458 -4.9161 -2.5367 0 0.0000 10.605 -1.69 -10.29 1.47 1.40 0.07
459 -4.9819 -2.5692 0 0.0000 10.661 -1.70 -10.34 1.47 1.40 0.07
460 -4.9732 -2.5654 0 0.0000 10.718 -1.71 -10.40 1.47 1.40 0.07
461 -5.1202 -2.6280 0 0.0000 10.775 -1.71 -10.46 1.47 1.40 0.07
462 -5.1079 -2.6254 0 0.0000 10.832 -1.72 -10.51 1.47 1.40 0.07
463 -5.0908 -2.6251 0 0.0000 10.889 -1.72 -10.57 1.47 1.40 0.07
464 -5.0947 -2.6260 0 0.0000 10.947 -1.73 -10.63 1.47 1.40 0.07
465 -5.0856 -2.6275 0 0.0000 11.008 -1.74 -10.69 1.47 1.40 0.07
466 -4.3291 -1.8043 0 0.0000 11.072 -1.74 -10.75 1.47 1.40 0.07
467 -5.0267 -2.1405 0 0.0000 11.139 -1.75 -10.82 1.47 1.40 0.07
468 -4.6782 -1.9041 0 0.0000 11.207 -1.75 -10.89 1.47 1.40 0.07
469 -4.3601 -1.5528 0 0.0000 11.271 -1.76 -10.96 1.48 1.40 0.07
470 -4.2639 -1.5245 0 0.0000 11.322 -1.76 -11.01 1.48 1.40 0.07
471 -4.2897 -1.5193 0 0.0000 11.351 -1.75 -11.04 1.48 1.41 0.07
472 -4.2093 -1.5037 0 0.0000 11.356 -1.74 -11.04 1.48 1.41 0.07
473 -4.0923 -1.4025 0 0.0000 11.338 -1.73 -11.03 1.48 1.41 0.07
474 -4.2347 -1.5192 0 0.0000 11.300 -1.72 -10.99 1.48 1.41 0.07
475 -4.3957 -1.6098 0 0.0000 11.247 -1.70 -10.94 1.48 1.41 0.07
476 -4.4483 -1.5575 0 0.0000 11.182 -1.68 -10.88 1.48 1.41 0.07
477 -5.0197 -1.9124 0 0.0000 11.108 -1.66 -10.80 1.48 1.41 0.07
478 -5.0602 -2.6257 0 0.0000 11.027 -1.63 -10.73 1.48 1.41 0.06
479 -5.0164 -2.5591 0 0.0000 10.941 -1.60 -10.64 1.48 1.41 0.07
480 -5.4297 -2.7203 0 0.0000 10.865 -1.58 -10.57 1.48 1.41 0.07
481 -5.2828 -2.5085 0 0.0000 10.808 -1.56 -10.51 1.48 1.41 0.07
482 -4.7691 -2.1904 0 0.0000 10.775 -1.55 -10.48 1.48 1.42 0.07
483 -4.6001 -2.0798 0 0.0000 10.764 -1.54 -10.47 1.48 1.42 0.07
484 -4.3898 -2.0261 0 0.0000 10.774 -1.53 -10.48 1.48 1.42 0.06
485 -4.4914 -1.9950 0 0.0000 10.801 -1.53 -10.51 1.48 1.42 0.06
486 -4.8294 -2.2390 0 0.0000 10.843 -1.53 -10.55 1.48 1.42 0.06
487 -4.7679 -2.1696 0 0.0000 10.895 -1.53 -10.61 1.48 1.42 0.06
488 -4.7027 -2.1586 0 0.0000 10.956 -1.53 -10.67 1.48 1.42 0.06
489 -4.7077 -2.1468 0 0.0000 11.023 -1.53 -10.74 1.48 1.42 0.06
490 -1.8803 0.1151 0 0.0000 11.093 -1.53 -10.81 1.48 1.42 0.06
491 -3.2979 -0.6768 0 0.0000 11.165 -1.53 -10.88 1.48 1.42 0.06
492 -2.9913 -0.5623 0 0.0000 11.226 -1.54 -10.94 1.47 1.42 0.05
493 -3.3940 -0.9939 0 0.0000 11.265 -1.54 -10.98 1.47 1.42 0.05
494 -3.5526 -1.0208 0 0.0000 11.279 -1.55 -10.99 1.47 1.42 0.05
495 -3.3853 -0.8934 0 0.0000 11.268 -1.56 -10.98 1.47 1.42 0.05
496 -3.5285 -0.9384 0 0.0000 11.236 -1.56 -10.95 1.47 1.42 0.05
497 -3.4265 -0.7799 0 0.0000 11.186 -1.55 -10.90 1.47 1.42 0.05
498 -3.5356 -0.8097 0 0.0000 11.121 -1.54 -10.83 1.46 1.42 0.04
499 -3.0238 -0.7349 0 0.0000 11.045 -1.53 -10.76 1.47 1.42 0.05
500 -4.8485 -2.1009 0 0.0000 10.962 -1.52 -10.68 1.47 1.42 0.05
501 -5.0160 -2.2631 0 0.0000 10.874 -1.51 -10.59 1.47 1.42 0.05
502 -3.6943 -1.7669 0 0.0000 10.791 -1.50 -10.51 1.47 1.42 0.05
503 -2.1736 -0.7355 0 0.0000 10.724 -1.50 -10.44 1.47 1.42 0.05
504 -1.1327 -0.0412 0 0.0000 10.679 -1.49 -10.39 1.47 1.42 0.05
505 -1.3448 0.0333 0 0.0000 10.659 -1.49 -10.37 1.47 1.42 0.05
506 -1.6582 -0.1183 0 0.0000 10.663 -1.49 -10.38 1.47 1.42 0.05
507 -2.8923 -0.8798 0 0.0000 10.685 -1.49 -10.40 1.47 1.42 0.05
508 -4.6503 -1.7477 0 0.0000 10.720 -1.49 -10.43 1.47 1.42 0.05
509 -4.5342 -1.8924 0 0.0000 10.761 -1.50 -10.47 1.47 1.42 0.05
510 -4.4856 -1.9319 0 0.0000 10.806 -1.50 -10.52 1.47 1.42 0.05
511 -5.0522 -2.3399 0 0.0000 10.855 -1.50 -10.57 1.47 1.42 0.05
512 -4.8494 -2.2420 0 0.0000 10.909 -1.51 -10.62 1.47 1.42 0.05
513 -4.9730 -2.3115 0 0.0000 10.968 -1.51 -10.68 1.47 1.42 0.05
514 -3.3409 -1.1008 0 0.0000 11.032 -1.52 -10.75 1.47 1.42 0.05
515 -2.5302 -0.1854 0 0.0000 11.100 -1.52 -10.82 1.47 1.42 0.05
516 -3.4274 -0.7547 0 0.0000 11.168 -1.53 -10.88 1.47 1.42 0.05
517 -3.2609 -0.8130 0 0.0000 11.223 -1.53 -10.94 1.47 1.42 0.05
518 -3.3036 -0.8604 0 0.0000 11.256 -1.53 -10.97 1.48 1.42 0.05
519 -3.2793 -0.8086 0 0.0000 11.265 -1.53 -10.98 1.48 1.42 0.05
520 -3.2867 -0.7405 0 0.0000 11.250 -1.53 -10.97 1.47 1.42 0.05
521 -3.2573 -0.6628 0 0.0000 11.215 -1.53 -10.93 1.47 1.42 0.05
522 -3.3054 -0.6305 0 0.0000 11.164 -1.53 -10.88 1.47 1.42 0.05
523 -3.3526 -0.5984 0 0.0000 11.100 -1.52 -10.82 1.47 1.42 0.04
524 -4.6080 -1.9299 0 0.0000 11.026 -1.51 -10.74 1.47 1.42 0.04
525 -5.0649 -2.3177 0 0.0000 10.945 -1.50 -10.66 1.47 1.42 0.05
526 -4.5287 -1.8177 0 0.0000 10.870 -1.50 -10.58 1.47 1.42 0.05
527 -2.4642 -0.9085 0 0.0000 10.810 -1.50 -10.52 1.47 1.42 0.05
528 -2.8311 -0.9302 0 0.0000 10.772 -1.50 -10.49 1.47 1.42 0.05
529 -2.9269 -1.1351 0 0.0000 10.756 -1.50 -10.47 1.47 1.42 0.05
530 -3.7544 -1.4908 0 0.0000 10.762 -1.50 -10.47 1.47 1.42 0.05
531 -4.7033 -2.0452 0 0.0000 10.785 -1.51 -10.50 1.47 1.42 0.05
532 -5.0073 -2.3003 0 0.0000 10.823 -1.52 -10.53 1.47 1.42 0.05
533 -4.8739 -2.2233 0 0.0000 10.871 -1.53 -10.58 1.47 1.42 0.05
534 -4.9599 -2.3267 0 0.0000 10.927 -1.54 -10.64 1.47 1.42 0.05
535 -4.8949 -2.2600 0 0.0000 10.989 -1.54 -10.70 1.47 1.42 0.05
536 -3.2619 -0.6587 0 0.0000 11.054 -1.55 -10.76 1.47 1.42 0.05
537 -4.2945 -1.2242 0 0.0000 11.118 -1.55 -10.83 1.47 1.42 0.05
538 -4.0422 -1.1598 0 0.0000 11.172 -1.56 -10.88 1.47 1.42 0.05
539 -3.9295 -1.1379 0 0.0000 11.204 -1.56 -10.92 1.47 1.42 0.05
540 -3.8378 -1.1008 0 0.0000 11.211 -1.55 -10.92 1.47 1.42 0.05
541 -3.7812 -1.0269 0 0.0000 11.197 -1.54 -10.91 1.47 1.42 0.05
542 -3.5376 -0.7872 0 0.0000 11.163 -1.53 -10.88 1.47 1.42 0.05
543 -3.4891 -0.6688 0 0.0000 11.112 -1.52 -10.83 1.47 1.42 0.05
544 -2.9696 -0.5465 0 0.0000 11.048 -1.50 -10.77 1.47 1.42 0.05
545 -3.6193 -1.4758 0 0.0000 10.973 -1.49 -10.69 1.47 1.42 0.05
546 -3.0176 -0.4298 0 0.0000 10.891 -1.48 -10.61 1.47 1.42 0.05
547 -3.5384 -0.4194 0 0.0000 10.814 -1.47 -10.53 1.47 1.42 0.05
548 -4.1762 -0.8969 0 0.0000 10.741 -1.45 -10.46 1.47 1.42 0.05
549 -4.3670 -1.2171 0 0.0000 10.672 -1.45 -10.39 1.47 1.42 0.05
550 -4.3046 -1.2683 0 0.0000 10.602 -1.44 -10.32 1.47 1.42 0.05
551 -4.2667 -1.0608 0 0.0000 10.530 -1.45 -10.25 1.47 1.42 0.05
552 -4.1367 -0.8970 0 0.0000 10.453 -1.47 -10.17 1.47 1.42 0.05
553 -4.0974 -1.5585 0 0.0000 10.373 -1.49 -10.08 1.47 1.42 0.06
554 -5.4068 -2.6696 0 0.0000 10.290 -1.51 -9.99 1.47 1.41 0.06
555 -5.2694 -2.3717 0 0.0000 10.215 -1.53 -9.91 1.47 1.41 0.06
556 -4.7690 -2.2571 0 0.0000 10.155 -1.54 -9.85 1.46 1.41 0.06
557 -5.1901 -2.4644 0 0.0000 10.115 -1.55 -9.81 1.46 1.40 0.06
558 -5.3197 -2.5005 0 0.0000 10.097 -1.56 -9.79 1.46 1.40 0.06
559 -5.4883 -2.5789 0 0.0000 10.100 -1.57 -9.79 1.47 1.40 0.06
560 -5.5600 -2.6983 0 0.0000 10.121 -1.58 -9.81 1.47 1.40 0.07
561 -5.4037 -2.6336 0 0.0000 10.156 -1.58 -9.84 1.47 1.40 0.06
562 -5.3810 -2.7122 0 0.0000 10.202 -1.59 -9.89 1.47 1.40 0.06
563 -5.5194 -2.7870 0 0.0000 10.257 -1.59 -9.95 1.47 1.40 0.06
564 -5.2568 -2.6920 0 0.0000 10.317 -1.60 -10.01 1.47 1.40 0.06
565 -5.1421 -2.6381 0 0.0000 10.380 -1.60 -10.07 1.47 1.40 0.06
566 -4.8524 -2.4947 0 0.0000 10.445 -1.61 -10.14 1.47 1.40 0.06
567 -4.9748 -2.5780 0 0.0000 10.510 -1.61 -10.20 1.46 1.40 0.06
568 -4.9968 -2.5784 0 0.0000 10.575 -1.62 -10.27 1.47 1.41 0.06
569 -5.1044 -2.6175 0 0.0000 10.639 -1.63 -10.33 1.46 1.41 0.06
570 -4.9991 -2.5766 0 0.0000 10.700 -1.63 -10.39 1.47 1.41 0.06
571 -5.1142 -2.6305 0 0.0000 10.760 -1.64 -10.45 1.46 1.41 0.06
572 -5.0996 -2.6289 0 0.0000 10.818 -1.65 -10.51 1.47 1.41 0.06
573 -4.8690 -2.5387 0 0.0000 10.875 -1.65 -10.57 1.47 1.41 0.06
574 -4.8913 -2.5449 0 0.0000 10.931 -1.66 -10.62 1.47 1.41 0.06
575 -4.8623 -2.5358 0 0.0000 10.989 -1.67 -10.68 1.47 1.41 0.06
576 -4.4748 -1.8801 0 0.0000 11.050 -1.67 -10.74 1.47 1.41 0.06
577 -4.4753 -2.0726 0 0.0000 11.113 -1.68 -10.81 1.47 1.41 0.06
578 -4.4953 -1.7996 0 0.0000 11.181 -1.69 -10.87 1.47 1.41 0.06
579 -4.2212 -1.4056 0 0.0000 11.247 -1.69 -10.94 1.47 1.41 0.06
580 -4.2580 -1.4832 0 0.0000 11.301 -1.70 -10.99 1.47 1.41 0.06
581 -4.1178 -1.3507 0 0.0000 11.332 -1.70 -11.02 1.47 1.41 0.06
582 -4.2134 -1.4448 0 0.0000 11.339 -1.69 -11.03 1.47 1.41 0.06
583 -4.0674 -1.3656 0 0.0000 11.324 -1.68 -11.02 1.47 1.41 0.06
584 -4.0933 -1.3813 0 0.0000 11.288 -1.67 -10.98 1.47 1.41 0.05
585 -4.1177 -1.3731 0 0.0000 11.235 -1.65 -10.93 1.47 1.41 0.05
586 -4.1956 -1.3492 0 0.0000 11.168 -1.63 -10.87 1.47 1.41 0.05
587 -4.5888 -1.5570 0 0.0000 11.091 -1.60 -10.79 1.47 1.41 0.05
588 -5.3143 -2.5700 0 0.0000 11.006 -1.58 -10.71 1.47 1.42 0.05
589 -5.2569 -2.5005 0 0.0000 10.917 -1.56 -10.62 1.47 1.42 0.06
590 -4.4375 -1.9901 0 0.0000 10.837 -1.54 -10.55 1.48 1.42 0.06
591 -3.1897 -1.3595 0 0.0000 10.777 -1.52 -10.49 1.48 1.42 0.06
592 -2.1688 -0.9792 0 0.0000 10.742 -1.51 -10.45 1.48 1.42 0.06
593 -2.0686 -0.8398 0 0.0000 10.732 -1.50 -10.44 1.48 1.42 0.06
594 -2.6185 -1.0214 0 0.0000 10.743 -1.50 -10.46 1.48 1.42 0.06
595 -3.3221 -1.5458 0 0.0000 10.773 -1.50 -10.49 1.48 1.42 0.06
596 -4.6932 -2.0927 0 0.0000 10.815 -1.50 -10.53 1.48 1.42 0.06
597 -4.6306 -2.0948 0 0.0000 10.867 -1.50 -10.58 1.48 1.42 0.06
598 -4.3386 -2.1030 0 0.0000 10.923 -1.50 -10.64 1.48 1.42 0.06
599 -4.2537 -2.0560 0 0.0000 10.983 -1.50 -10.70 1.48 1.42 0.05
