# step wm_danger det_logit danger fire dist_t dx dy yaw tbrg offaxis
0 0.8985 0.1891 0 0.0000 13.454 0.00 -6.00 0.43 2.03 1.60
1 -0.8189 -0.0728 0 0.0000 12.042 -12.34 0.23 -0.00 0.00 0.00
2 0.0023 0.2083 0 0.0000 12.044 -12.34 0.23 0.00 0.00 0.00
3 0.0903 0.2432 0 0.0000 12.040 -12.34 0.23 -0.00 0.00 0.00
4 0.1102 0.3048 0 0.0000 12.024 -12.32 0.23 -0.00 -0.00 0.00
5 0.0803 0.3142 0 0.0000 11.995 -12.29 0.24 -0.00 -0.00 0.00
6 -0.0779 0.2663 0 0.0000 11.952 -12.25 0.24 -0.01 -0.00 0.01
7 -0.3055 0.1989 0 0.0000 11.897 -12.19 0.24 -0.01 -0.00 0.01
8 -0.5790 0.1780 0 0.0000 11.831 -12.13 0.25 -0.01 -0.00 0.01
9 -0.9939 0.0970 0 0.0000 11.756 -12.05 0.25 -0.01 -0.00 0.01
10 -1.3933 -0.0376 0 0.0000 11.674 -11.97 0.26 -0.01 -0.00 0.01
11 -1.8068 -0.1523 0 0.0000 11.588 -11.88 0.27 -0.01 -0.00 0.01
12 -1.9996 -0.2289 0 0.0000 11.498 -11.79 0.29 -0.01 -0.00 0.01
13 -2.2277 -0.3243 0 0.0000 11.406 -11.70 0.31 -0.01 -0.01 0.01
14 -2.3545 -0.3753 0 0.0000 11.312 -11.61 0.34 -0.02 -0.01 0.01
15 -2.4372 -0.4285 0 0.0000 11.217 -11.51 0.37 -0.02 -0.01 0.01
16 -2.5338 -0.5112 0 0.0000 11.121 -11.41 0.40 -0.02 -0.01 0.01
17 -2.6127 -0.5512 0 0.0000 11.023 -11.31 0.43 -0.03 -0.02 0.01
18 -2.5279 -0.5567 0 0.0000 10.927 -11.22 0.46 -0.04 -0.02 0.02
19 -2.4928 -0.5421 0 0.0000 10.832 -11.12 0.50 -0.05 -0.02 0.02
20 -2.4821 -0.5159 0 0.0000 10.742 -11.03 0.53 -0.05 -0.03 0.02
21 -2.1642 -0.5350 0 0.0000 10.659 -10.94 0.56 -0.06 -0.03 0.03
22 -2.1480 -0.4204 0 0.0000 10.581 -10.86 0.59 -0.06 -0.03 0.03
23 -1.9688 -0.2667 0 0.0000 10.512 -10.79 0.61 -0.06 -0.04 0.03
24 -1.9295 -0.2767 0 0.0000 10.454 -10.73 0.63 -0.07 -0.04 0.03
25 -1.9698 -0.4225 0 0.0000 10.407 -10.68 0.65 -0.07 -0.04 0.03
26 -1.6729 -0.3389 0 0.0000 10.366 -10.64 0.66 -0.07 -0.04 0.03
27 -1.9668 -0.5913 0 0.0000 10.327 -10.60 0.68 -0.07 -0.04 0.03
28 -1.9736 -0.5911 0 0.0000 10.284 -10.56 0.69 -0.07 -0.05 0.03
29 -1.8407 -0.4279 0 0.0000 10.237 -10.51 0.71 -0.07 -0.05 0.03
30 -1.7999 -0.5904 0 0.0000 10.184 -10.46 0.72 -0.08 -0.05 0.03
31 -1.3874 -0.2716 0 0.0000 10.129 -10.40 0.74 -0.07 -0.05 0.02
32 -1.0942 0.1493 0 0.0000 10.082 -10.35 0.75 -0.07 -0.05 0.02
33 -1.0692 -0.0176 0 0.0000 10.047 -10.31 0.77 -0.08 -0.05 0.02
34 -1.5404 -0.4711 0 0.0000 10.019 -10.28 0.79 -0.08 -0.06 0.02
35 -0.9160 -0.0709 0 0.0000 9.992 -10.26 0.81 -0.08 -0.06 0.02
36 -0.9325 -0.0910 0 0.0000 9.959 -10.22 0.82 -0.09 -0.06 0.03
37 -1.1975 -0.1728 0 0.0000 9.916 -10.18 0.84 -0.09 -0.06 0.03
38 -1.4871 -0.3855 0 0.0000 9.864 -10.12 0.85 -0.10 -0.06 0.03
39 -1.4075 -0.4466 0 0.0000 9.803 -10.06 0.87 -0.10 -0.07 0.03
40 -1.3394 -0.5617 0 0.0000 9.735 -9.99 0.89 -0.10 -0.07 0.03
41 -0.8833 -0.3322 0 0.0000 9.662 -9.91 0.90 -0.10 -0.07 0.03
42 -0.5338 0.2108 0 0.0000 9.596 -9.84 0.92 -0.10 -0.07 0.03
43 -0.5657 0.2372 0 0.0000 9.544 -9.79 0.93 -0.10 -0.07 0.02
44 -0.4148 0.1906 0 0.0000 9.507 -9.75 0.95 -0.10 -0.08 0.02
45 -0.4938 0.1493 0 0.0000 9.481 -9.72 0.96 -0.09 -0.08 0.02
46 -0.8199 -0.1587 0 0.0000 9.465 -9.71 0.97 -0.09 -0.08 0.01
47 -0.7175 -0.0241 0 0.0000 9.457 -9.70 0.97 -0.09 -0.08 0.01
48 -0.7905 -0.0184 0 0.0000 9.458 -9.70 0.98 -0.09 -0.08 0.01
49 -0.8771 -0.0499 0 0.0000 9.468 -9.71 0.99 -0.08 -0.08 0.00
50 -0.7212 -0.0241 0 0.0000 9.481 -9.72 0.99 -0.08 -0.08 0.00
51 -0.1636 0.1855 0 0.0000 9.491 -9.73 1.00 -0.09 -0.08 0.01
52 -0.3304 0.1009 0 0.0000 9.491 -9.73 1.01 -0.09 -0.08 0.01
53 -0.0323 0.1156 0 0.0000 9.477 -9.71 1.01 -0.09 -0.08 0.01
54 -0.0519 0.1123 0 0.0000 9.447 -9.68 1.02 -0.09 -0.08 0.01
55 -0.2449 0.1520 0 0.0000 9.401 -9.63 1.03 -0.09 -0.09 0.01
56 -0.5408 0.1338 0 0.0000 9.342 -9.57 1.03 -0.09 -0.09 0.01
57 -0.6401 0.0209 0 0.0000 9.272 -9.50 1.04 -0.10 -0.09 0.01
58 -0.5759 -0.0445 0 0.0000 9.195 -9.42 1.05 -0.09 -0.09 0.00
59 -0.5202 0.1347 0 0.0000 9.119 -9.34 1.06 -0.09 -0.09 0.00
60 -0.7085 0.1339 0 0.0000 9.053 -9.27 1.07 -0.09 -0.09 0.01
61 -0.2486 0.2424 0 0.0000 8.998 -9.21 1.08 -0.09 -0.10 0.01
62 -0.4689 0.1969 0 0.0000 8.953 -9.17 1.09 -0.09 -0.10 0.01
63 -0.4452 0.2145 0 0.0000 8.920 -9.13 1.09 -0.08 -0.10 0.01
64 -0.3754 0.2366 0 0.0000 8.898 -9.11 1.10 -0.08 -0.10 0.02
65 -0.3467 0.2521 0 0.0000 8.886 -9.10 1.10 -0.08 -0.10 0.02
66 -0.3454 0.2298 0 0.0000 8.884 -9.09 1.10 -0.07 -0.10 0.02
67 -0.4368 0.2082 0 0.0000 8.889 -9.10 1.11 -0.07 -0.10 0.03
68 -0.2780 0.2187 0 0.0000 8.902 -9.11 1.11 -0.06 -0.10 0.03
69 -0.0570 0.1131 0 0.0000 8.917 -9.13 1.11 -0.07 -0.10 0.03
70 0.1033 0.0924 0 0.0000 8.925 -9.13 1.11 -0.07 -0.10 0.03
71 0.1662 0.1413 0 0.0000 8.924 -9.13 1.12 -0.07 -0.10 0.03
72 0.2273 0.1949 0 0.0000 8.910 -9.12 1.12 -0.08 -0.10 0.02
73 0.0252 0.2309 0 0.0000 8.884 -9.09 1.12 -0.08 -0.10 0.03
74 -0.0130 0.2660 0 0.0000 8.849 -9.05 1.12 -0.08 -0.10 0.02
75 0.0923 0.3755 0 0.0000 8.808 -9.01 1.12 -0.08 -0.10 0.02
76 -0.0972 0.2881 0 0.0000 8.765 -8.97 1.12 -0.08 -0.10 0.02
77 0.0012 0.4114 0 0.0000 8.727 -8.93 1.12 -0.08 -0.10 0.03
78 -0.0497 0.3853 0 0.0000 8.696 -8.90 1.12 -0.07 -0.10 0.03
79 0.1139 0.4458 0 0.0000 8.675 -8.87 1.13 -0.07 -0.10 0.03
80 0.1317 0.4442 0 0.0000 8.662 -8.86 1.13 -0.07 -0.10 0.04
81 0.1880 0.4642 0 0.0000 8.658 -8.86 1.13 -0.07 -0.10 0.04
82 0.2521 0.4855 0 0.0000 8.661 -8.86 1.13 -0.07 -0.10 0.04
83 0.2632 0.4699 0 0.0000 8.672 -8.87 1.13 -0.06 -0.10 0.05
84 0.1548 0.4227 0 0.0000 8.690 -8.89 1.13 -0.05 -0.10 0.05
85 0.0777 0.1438 0 0.0000 8.712 -8.91 1.13 -0.05 -0.10 0.05
86 -0.0053 0.2349 0 0.0000 8.737 -8.94 1.13 -0.05 -0.10 0.05
87 -0.0272 0.2494 0 0.0000 8.762 -8.96 1.13 -0.06 -0.10 0.05
88 0.1061 0.0751 0 0.0000 8.784 -8.98 1.13 -0.06 -0.10 0.04
89 0.0877 0.1450 0 0.0000 8.800 -9.00 1.12 -0.06 -0.10 0.04
90 0.0807 0.1911 0 0.0000 8.808 -9.01 1.12 -0.06 -0.10 0.04
91 0.1554 0.2025 0 0.0000 8.805 -9.00 1.12 -0.06 -0.10 0.04
92 0.1079 0.2451 0 0.0000 8.792 -8.99 1.12 -0.06 -0.10 0.04
93 0.2562 0.3264 0 0.0000 8.770 -8.97 1.12 -0.07 -0.10 0.03
94 0.0279 0.3266 0 0.0000 8.743 -8.94 1.12 -0.07 -0.10 0.03
95 -0.1797 0.2368 0 0.0000 8.715 -8.91 1.12 -0.07 -0.10 0.04
96 0.0191 0.3005 0 0.0000 8.692 -8.89 1.12 -0.07 -0.10 0.04
97 0.2351 0.4110 0 0.0000 8.673 -8.87 1.12 -0.06 -0.10 0.04
98 0.1950 0.3999 0 0.0000 8.660 -8.85 1.13 -0.06 -0.10 0.04
99 0.2063 0.3991 0 0.0000 8.653 -8.85 1.13 -0.06 -0.10 0.04
100 0.2151 0.3929 0 0.0000 8.653 -8.85 1.13 -0.06 -0.10 0.04
101 0.1546 0.3784 0 0.0000 8.659 -8.85 1.13 -0.06 -0.10 0.05
102 0.0553 0.2816 0 0.0000 8.671 -8.86 1.13 -0.06 -0.10 0.05
103 0.0942 0.0134 0 0.0000 8.687 -8.88 1.13 -0.06 -0.10 0.05
104 0.1127 -0.0122 0 0.0000 8.705 -8.90 1.12 -0.06 -0.10 0.04
105 0.1013 0.0929 0 0.0000 8.727 -8.92 1.12 -0.06 -0.10 0.04
106 -0.1543 0.1765 0 0.0000 8.750 -8.94 1.12 -0.06 -0.10 0.04
107 0.0965 0.1526 0 0.0000 8.774 -8.97 1.12 -0.06 -0.10 0.04
108 -0.0378 0.2286 0 0.0000 8.795 -8.99 1.12 -0.06 -0.10 0.04
109 0.1321 0.1855 0 0.0000 8.813 -9.01 1.12 -0.07 -0.10 0.04
110 0.2392 0.1551 0 0.0000 8.825 -9.02 1.11 -0.07 -0.10 0.03
111 0.2445 0.2631 0 0.0000 8.832 -9.03 1.11 -0.07 -0.10 0.03
112 0.1738 0.2466 0 0.0000 8.833 -9.03 1.11 -0.07 -0.10 0.03
113 0.1560 0.2834 0 0.0000 8.831 -9.03 1.11 -0.07 -0.10 0.03
114 0.0930 0.3127 0 0.0000 8.826 -9.02 1.11 -0.07 -0.10 0.03
115 0.0616 0.3637 0 0.0000 8.819 -9.01 1.11 -0.07 -0.10 0.03
116 0.0645 0.3194 0 0.0000 8.812 -9.00 1.11 -0.07 -0.10 0.03
117 0.0329 0.3197 0 0.0000 8.803 -9.00 1.11 -0.07 -0.10 0.03
118 0.0553 0.3175 0 0.0000 8.794 -8.99 1.11 -0.07 -0.10 0.03
119 0.0645 0.3209 0 0.0000 8.785 -8.98 1.11 -0.07 -0.10 0.03
120 0.0646 0.2934 0 0.0000 8.775 -8.97 1.11 -0.07 -0.10 0.03
121 0.0598 0.2824 0 0.0000 8.765 -8.96 1.11 -0.06 -0.10 0.04
122 0.1160 0.3044 0 0.0000 8.756 -8.95 1.11 -0.06 -0.10 0.04
123 0.1597 0.3189 0 0.0000 8.747 -8.94 1.11 -0.06 -0.10 0.04
124 0.1260 0.2466 0 0.0000 8.739 -8.93 1.11 -0.06 -0.10 0.04
125 0.0913 0.2498 0 0.0000 8.732 -8.92 1.11 -0.06 -0.10 0.04
126 0.1414 0.2706 0 0.0000 8.729 -8.92 1.11 -0.06 -0.10 0.04
127 0.1599 0.2539 0 0.0000 8.728 -8.92 1.11 -0.06 -0.10 0.04
128 0.1708 0.2462 0 0.0000 8.731 -8.92 1.11 -0.06 -0.10 0.04
129 0.1396 0.2433 0 0.0000 8.736 -8.92 1.11 -0.06 -0.10 0.04
130 0.0877 0.2090 0 0.0000 8.743 -8.93 1.11 -0.06 -0.10 0.04
131 0.1365 0.2044 0 0.0000 8.753 -8.94 1.11 -0.06 -0.10 0.04
132 0.0714 0.1770 0 0.0000 8.764 -8.95 1.10 -0.06 -0.10 0.04
133 0.1163 0.2099 0 0.0000 8.778 -8.97 1.10 -0.06 -0.10 0.04
134 0.0175 0.2113 0 0.0000 8.792 -8.98 1.10 -0.06 -0.10 0.04
135 0.0411 0.2723 0 0.0000 8.808 -9.00 1.10 -0.06 -0.10 0.04
136 0.1619 0.2826 0 0.0000 8.822 -9.01 1.10 -0.06 -0.10 0.04
137 0.1820 0.2807 0 0.0000 8.834 -9.02 1.10 -0.06 -0.10 0.04
138 0.3493 0.2313 0 0.0000 8.841 -9.03 1.10 -0.07 -0.10 0.03
139 0.0942 0.2469 0 0.0000 8.845 -9.03 1.10 -0.07 -0.10 0.03
140 0.0938 0.2734 0 0.0000 8.847 -9.04 1.10 -0.07 -0.10 0.03
141 0.0833 0.2654 0 0.0000 8.849 -9.04 1.10 -0.07 -0.10 0.03
142 0.1439 0.2964 0 0.0000 8.850 -9.04 1.10 -0.07 -0.10 0.03
143 0.2215 0.3230 0 0.0000 8.850 -9.04 1.09 -0.07 -0.10 0.03
144 0.2252 0.3369 0 0.0000 8.849 -9.04 1.09 -0.07 -0.10 0.03
145 0.2140 0.3630 0 0.0000 8.846 -9.03 1.09 -0.07 -0.10 0.03
146 0.2225 0.3735 0 0.0000 8.842 -9.03 1.09 -0.07 -0.10 0.03
147 0.2019 0.3744 0 0.0000 8.836 -9.02 1.09 -0.07 -0.10 0.03
148 0.0984 0.3201 0 0.0000 8.830 -9.02 1.09 -0.07 -0.10 0.03
149 0.1490 0.3247 0 0.0000 8.823 -9.01 1.09 -0.07 -0.10 0.03
150 0.0404 0.2968 0 0.0000 8.816 -9.00 1.09 -0.07 -0.10 0.03
151 0.1284 0.3198 0 0.0000 8.809 -8.99 1.09 -0.07 -0.10 0.03
152 0.1435 0.3179 0 0.0000 8.802 -8.99 1.09 -0.07 -0.10 0.03
153 0.1538 0.3048 0 0.0000 8.795 -8.98 1.09 -0.06 -0.10 0.03
154 0.1128 0.2779 0 0.0000 8.789 -8.97 1.09 -0.06 -0.10 0.03
155 0.1614 0.2788 0 0.0000 8.784 -8.97 1.09 -0.07 -0.10 0.03
156 0.1471 0.2813 0 0.0000 8.781 -8.96 1.09 -0.07 -0.10 0.03
157 0.1550 0.2711 0 0.0000 8.779 -8.96 1.09 -0.07 -0.10 0.03
158 0.1796 0.2743 0 0.0000 8.779 -8.96 1.09 -0.06 -0.10 0.03
159 0.2096 0.2676 0 0.0000 8.781 -8.96 1.09 -0.06 -0.10 0.03
160 0.1508 0.2540 0 0.0000 8.784 -8.97 1.09 -0.06 -0.10 0.03
161 0.1544 0.2733 0 0.0000 8.790 -8.97 1.09 -0.07 -0.10 0.03
162 0.1895 0.2693 0 0.0000 8.797 -8.98 1.09 -0.07 -0.10 0.03
163 0.2245 0.3110 0 0.0000 8.805 -8.99 1.08 -0.07 -0.10 0.03
164 0.2832 0.3508 0 0.0000 8.814 -9.00 1.08 -0.07 -0.10 0.03
165 0.2908 0.4073 0 0.0000 8.823 -9.01 1.08 -0.07 -0.10 0.03
166 0.2689 0.4042 0 0.0000 8.831 -9.02 1.08 -0.07 -0.10 0.03
167 0.3851 0.3529 0 0.0000 8.838 -9.02 1.08 -0.07 -0.10 0.03
168 0.2194 0.3095 0 0.0000 8.843 -9.03 1.08 -0.07 -0.10 0.03
169 0.2874 0.3179 0 0.0000 8.847 -9.03 1.08 -0.06 -0.10 0.03
170 0.1529 0.3194 0 0.0000 8.850 -9.03 1.08 -0.07 -0.10 0.03
171 0.3337 0.3366 0 0.0000 8.852 -9.04 1.07 -0.07 -0.10 0.03
172 0.2585 0.3472 0 0.0000 8.853 -9.04 1.07 -0.07 -0.10 0.03
173 0.3491 0.3912 0 0.0000 8.854 -9.04 1.07 -0.06 -0.10 0.03
174 0.3759 0.3972 0 0.0000 8.852 -9.04 1.07 -0.07 -0.10 0.03
175 0.3906 0.3987 0 0.0000 8.849 -9.03 1.07 -0.06 -0.10 0.03
176 0.3567 0.4008 0 0.0000 8.844 -9.03 1.07 -0.06 -0.10 0.03
177 0.3551 0.3865 0 0.0000 8.838 -9.02 1.06 -0.06 -0.10 0.03
178 0.2714 0.3570 0 0.0000 8.832 -9.01 1.06 -0.06 -0.10 0.03
179 0.3418 0.3798 0 0.0000 8.826 -9.01 1.06 -0.06 -0.10 0.03
180 0.3760 0.3894 0 0.0000 8.822 -9.00 1.06 -0.06 -0.09 0.03
181 0.3978 0.4107 0 0.0000 8.819 -9.00 1.05 -0.06 -0.09 0.03
182 0.3839 0.4018 0 0.0000 8.818 -9.00 1.05 -0.06 -0.09 0.03
183 0.3557 0.3927 0 0.0000 8.819 -9.00 1.05 -0.06 -0.09 0.03
184 0.3874 0.3799 0 0.0000 8.823 -9.01 1.05 -0.06 -0.09 0.03
185 0.3296 0.3719 0 0.0000 8.829 -9.01 1.05 -0.06 -0.09 0.03
186 0.3270 0.3590 0 0.0000 8.835 -9.02 1.05 -0.06 -0.09 0.03
187 0.4036 0.3819 0 0.0000 8.842 -9.02 1.05 -0.06 -0.09 0.03
188 0.3849 0.4173 0 0.0000 8.849 -9.03 1.04 -0.06 -0.09 0.03
189 0.3338 0.4220 0 0.0000 8.854 -9.04 1.04 -0.06 -0.09 0.03
190 0.4083 0.4208 0 0.0000 8.859 -9.04 1.04 -0.06 -0.09 0.04
191 0.3827 0.4282 0 0.0000 8.863 -9.05 1.04 -0.06 -0.09 0.04
192 0.3239 0.4134 0 0.0000 8.865 -9.05 1.04 -0.06 -0.09 0.04
193 0.3653 0.4206 0 0.0000 8.867 -9.05 1.04 -0.06 -0.09 0.04
194 0.3357 0.4029 0 0.0000 8.868 -9.05 1.04 -0.06 -0.09 0.04
195 0.2794 0.3537 0 0.0000 8.869 -9.05 1.04 -0.06 -0.09 0.04
196 0.2778 0.3380 0 0.0000 8.869 -9.05 1.04 -0.05 -0.09 0.04
197 0.2454 0.3157 0 0.0000 8.870 -9.05 1.04 -0.05 -0.09 0.04
198 0.2472 0.2899 0 0.0000 8.870 -9.05 1.03 -0.05 -0.09 0.04
199 0.2212 0.2848 0 0.0000 8.871 -9.05 1.03 -0.05 -0.09 0.04
200 0.1864 0.2880 0 0.0000 8.872 -9.05 1.03 -0.05 -0.09 0.04
201 0.1772 0.2809 0 0.0000 8.875 -9.06 1.03 -0.05 -0.09 0.04
202 0.1960 0.3052 0 0.0000 8.880 -9.06 1.03 -0.05 -0.09 0.04
203 0.2100 0.3252 0 0.0000 8.886 -9.07 1.03 -0.05 -0.09 0.04
204 0.4352 0.3427 0 0.0000 8.890 -9.07 1.03 -0.05 -0.09 0.04
205 0.2340 0.3199 0 0.0000 8.893 -9.08 1.03 -0.05 -0.09 0.04
206 0.2283 0.3440 0 0.0000 8.895 -9.08 1.03 -0.05 -0.09 0.04
207 0.2918 0.3385 0 0.0000 8.897 -9.08 1.03 -0.05 -0.09 0.04
208 0.2956 0.3492 0 0.0000 8.896 -9.08 1.03 -0.05 -0.09 0.04
209 0.1868 0.3202 0 0.0000 8.894 -9.08 1.03 -0.05 -0.09 0.04
210 0.2099 0.3313 0 0.0000 8.890 -9.07 1.03 -0.05 -0.09 0.04
211 0.2990 0.3736 0 0.0000 8.886 -9.07 1.02 -0.05 -0.09 0.05
212 0.2437 0.3386 0 0.0000 8.880 -9.06 1.02 -0.04 -0.09 0.05
213 0.2206 0.3181 0 0.0000 8.875 -9.06 1.02 -0.05 -0.09 0.05
214 0.2452 0.3479 0 0.0000 8.870 -9.05 1.02 -0.04 -0.09 0.05
215 0.3216 0.3765 0 0.0000 8.868 -9.05 1.02 -0.04 -0.09 0.05
216 0.3532 0.4071 0 0.0000 8.868 -9.05 1.02 -0.04 -0.09 0.05
217 0.3565 0.4593 0 0.0000 8.871 -9.05 1.02 -0.04 -0.09 0.05
218 0.3109 0.4335 0 0.0000 8.879 -9.06 1.02 -0.04 -0.09 0.05
219 0.2702 0.4182 0 0.0000 8.891 -9.07 1.02 -0.04 -0.09 0.05
220 0.2673 0.3973 0 0.0000 8.905 -9.09 1.02 -0.04 -0.09 0.05
221 0.2570 0.3350 0 0.0000 8.920 -9.10 1.02 -0.04 -0.09 0.05
222 0.2505 0.4145 0 0.0000 8.936 -9.12 1.01 -0.04 -0.09 0.05
223 0.4959 0.3966 0 0.0000 8.950 -9.13 1.01 -0.04 -0.09 0.05
224 0.4374 0.4066 0 0.0000 8.960 -9.14 1.01 -0.04 -0.09 0.05
225 0.2684 0.4689 0 0.0000 8.965 -9.15 1.01 -0.04 -0.09 0.05
226 0.2382 0.4648 0 0.0000 8.966 -9.15 1.01 -0.03 -0.09 0.05
227 0.2059 0.4464 0 0.0000 8.965 -9.15 1.01 -0.03 -0.09 0.05
228 0.3361 0.4616 0 0.0000 8.962 -9.15 1.01 -0.03 -0.09 0.05
229 0.1443 0.3941 0 0.0000 8.955 -9.14 1.01 -0.04 -0.09 0.05
230 0.1683 0.4289 0 0.0000 8.949 -9.13 1.01 -0.04 -0.09 0.05
231 0.2072 0.4635 0 0.0000 8.941 -9.12 1.01 -0.03 -0.09 0.05
232 0.2550 0.4903 0 0.0000 8.933 -9.12 1.01 -0.03 -0.09 0.05
233 0.3250 0.4789 0 0.0000 8.923 -9.11 1.01 -0.03 -0.09 0.05
234 0.3022 0.4451 0 0.0000 8.913 -9.10 1.01 -0.03 -0.09 0.06
235 0.3364 0.4779 0 0.0000 8.904 -9.09 1.01 -0.03 -0.09 0.05
236 0.3575 0.5371 0 0.0000 8.899 -9.08 1.01 -0.03 -0.09 0.06
237 0.3095 0.4899 0 0.0000 8.898 -9.08 1.01 -0.03 -0.09 0.06
238 0.3204 0.5172 0 0.0000 8.900 -9.08 1.00 -0.03 -0.09 0.06
239 0.2634 0.4946 0 0.0000 8.906 -9.09 1.00 -0.03 -0.09 0.06
240 0.4410 0.2738 0 0.0000 8.914 -9.10 1.00 -0.03 -0.09 0.06
241 0.3237 0.4258 0 0.0000 8.922 -9.10 1.00 -0.03 -0.09 0.06
242 0.3157 0.3797 0 0.0000 8.930 -9.11 1.00 -0.03 -0.09 0.06
243 0.2677 0.4175 0 0.0000 8.940 -9.12 1.00 -0.03 -0.09 0.06
244 0.4554 0.4014 0 0.0000 8.948 -9.13 1.00 -0.03 -0.09 0.06
245 0.4398 0.5068 0 0.0000 8.952 -9.14 1.00 -0.03 -0.09 0.06
246 0.4425 0.5505 0 0.0000 8.952 -9.13 1.00 -0.03 -0.09 0.06
247 0.2486 0.5316 0 0.0000 8.948 -9.13 1.00 -0.02 -0.09 0.06
248 0.2841 0.5399 0 0.0000 8.941 -9.12 1.00 -0.02 -0.09 0.06
249 0.2706 0.5458 0 0.0000 8.933 -9.12 1.00 -0.02 -0.09 0.06
250 0.2939 0.5436 0 0.0000 8.923 -9.11 1.00 -0.02 -0.09 0.06
251 0.3193 0.5291 0 0.0000 8.911 -9.09 1.00 -0.02 -0.09 0.07
252 0.2779 0.4548 0 0.0000 8.898 -9.08 1.00 -0.02 -0.09 0.07
253 0.2987 0.4595 0 0.0000 8.884 -9.07 0.99 -0.02 -0.09 0.07
254 0.4141 0.5381 0 0.0000 8.871 -9.05 0.99 -0.02 -0.09 0.07
255 0.2560 0.5652 0 0.0000 8.860 -9.04 0.99 -0.02 -0.09 0.07
256 0.3106 0.5443 0 0.0000 8.854 -9.03 0.99 -0.02 -0.09 0.07
257 0.3153 0.5175 0 0.0000 8.853 -9.03 0.99 -0.02 -0.09 0.07
258 0.3107 0.5217 0 0.0000 8.856 -9.04 0.99 -0.01 -0.09 0.07
259 0.2669 0.5195 0 0.0000 8.862 -9.04 0.99 -0.01 -0.09 0.07
260 0.3862 0.4254 0 0.0000 8.871 -9.05 0.99 -0.01 -0.09 0.07
261 0.2881 0.4304 0 0.0000 8.880 -9.06 0.99 -0.01 -0.09 0.07
262 0.2545 0.3979 0 0.0000 8.890 -9.07 0.99 -0.01 -0.09 0.07
263 0.2982 0.4647 0 0.0000 8.899 -9.08 0.99 -0.01 -0.09 0.07
264 0.3893 0.5155 0 0.0000 8.907 -9.09 0.99 -0.01 -0.09 0.07
265 0.3433 0.5009 0 0.0000 8.912 -9.09 0.99 -0.01 -0.09 0.07
266 0.3890 0.5154 0 0.0000 8.914 -9.10 0.98 -0.01 -0.09 0.07
267 0.3352 0.5090 0 0.0000 8.913 -9.10 0.98 -0.01 -0.09 0.07
268 0.3405 0.5085 0 0.0000 8.910 -9.09 0.98 -0.01 -0.09 0.07
269 0.3816 0.5377 0 0.0000 8.904 -9.09 0.98 -0.01 -0.09 0.07
270 0.3677 0.4840 0 0.0000 8.896 -9.08 0.99 -0.01 -0.09 0.07
271 0.2638 0.4552 0 0.0000 8.887 -9.07 0.99 -0.01 -0.09 0.08
272 0.2693 0.4826 0 0.0000 8.879 -9.06 0.99 -0.01 -0.09 0.08
273 0.2941 0.4749 0 0.0000 8.872 -9.05 0.99 -0.01 -0.09 0.08
274 0.2137 0.4561 0 0.0000 8.869 -9.05 0.99 -0.01 -0.09 0.08
275 0.1949 0.4510 0 0.0000 8.869 -9.05 0.99 -0.01 -0.09 0.08
276 0.1772 0.4204 0 0.0000 8.873 -9.05 0.99 -0.01 -0.09 0.08
277 0.2959 0.3973 0 0.0000 8.878 -9.06 0.99 -0.01 -0.09 0.08
278 0.2663 0.5088 0 0.0000 8.881 -9.06 0.99 -0.01 -0.09 0.08
279 0.4991 0.4523 0 0.0000 8.882 -9.06 0.99 -0.01 -0.09 0.08
280 0.3489 0.5111 0 0.0000 8.877 -9.06 0.99 -0.01 -0.09 0.08
281 0.3041 0.5050 0 0.0000 8.868 -9.05 0.99 -0.01 -0.09 0.08
282 0.2334 0.4270 0 0.0000 8.857 -9.04 0.99 -0.00 -0.09 0.08
283 0.1766 0.4145 0 0.0000 8.844 -9.02 0.99 -0.00 -0.09 0.08
284 0.2397 0.4515 0 0.0000 8.830 -9.01 0.99 -0.00 -0.09 0.08
285 0.2562 0.4606 0 0.0000 8.816 -9.00 0.99 -0.00 -0.09 0.08
286 0.2844 0.4747 0 0.0000 8.802 -8.98 0.99 -0.00 -0.09 0.09
287 0.3450 0.4876 0 0.0000 8.789 -8.97 0.99 -0.00 -0.09 0.09
288 0.2587 0.4897 0 0.0000 8.779 -8.96 0.99 -0.00 -0.09 0.09
289 0.2778 0.5130 0 0.0000 8.771 -8.95 0.99 -0.00 -0.09 0.09
290 0.2792 0.5089 0 0.0000 8.768 -8.94 0.99 0.00 -0.09 0.09
291 0.3061 0.4992 0 0.0000 8.768 -8.94 0.99 0.00 -0.09 0.09
292 0.3265 0.4991 0 0.0000 8.771 -8.95 0.99 0.00 -0.09 0.09
293 0.3741 0.4738 0 0.0000 8.777 -8.95 0.99 0.00 -0.09 0.09
294 0.3970 0.4656 0 0.0000 8.785 -8.96 0.99 0.00 -0.09 0.09
295 0.3743 0.4904 0 0.0000 8.792 -8.97 0.99 0.00 -0.09 0.09
296 0.5446 0.5879 0 0.0000 8.798 -8.98 0.98 0.00 -0.09 0.09
297 0.5301 0.5762 0 0.0000 8.801 -8.98 0.98 0.00 -0.09 0.09
298 0.4510 0.5192 0 0.0000 8.802 -8.98 0.98 0.00 -0.09 0.09
299 0.3298 0.5301 0 0.0000 8.801 -8.98 0.98 0.01 -0.09 0.09
300 0.3352 0.5346 0 0.0000 8.801 -8.98 0.98 0.01 -0.09 0.09
301 0.3239 0.5287 0 0.0000 8.802 -8.98 0.98 0.01 -0.09 0.09
302 0.3121 0.5186 0 0.0000 8.803 -8.98 0.98 0.01 -0.09 0.09
303 0.3456 0.4644 0 0.0000 8.806 -8.98 0.97 0.01 -0.09 0.09
304 0.3589 0.4547 0 0.0000 8.808 -8.99 0.97 0.01 -0.09 0.09
305 0.4594 0.3358 0 0.0000 8.809 -8.99 0.97 0.01 -0.09 0.09
306 0.2967 0.4633 0 0.0000 8.808 -8.99 0.97 0.01 -0.09 0.09
307 0.4245 0.4535 0 0.0000 8.808 -8.99 0.97 0.01 -0.09 0.09
308 0.4671 0.4685 0 0.0000 8.807 -8.99 0.97 0.01 -0.09 0.09
309 0.4473 0.5035 0 0.0000 8.804 -8.98 0.97 0.01 -0.08 0.09
310 0.4932 0.5159 0 0.0000 8.801 -8.98 0.97 0.01 -0.08 0.09
311 0.4275 0.5367 0 0.0000 8.796 -8.98 0.97 0.01 -0.08 0.09
312 0.4210 0.5468 0 0.0000 8.791 -8.97 0.97 0.01 -0.08 0.09
313 0.4442 0.5407 0 0.0000 8.788 -8.97 0.96 0.01 -0.08 0.09
314 0.4063 0.5352 0 0.0000 8.786 -8.97 0.96 0.01 -0.08 0.09
315 0.3591 0.5346 0 0.0000 8.787 -8.97 0.96 0.01 -0.08 0.09
316 0.3869 0.5240 0 0.0000 8.792 -8.97 0.96 0.01 -0.08 0.09
317 0.2896 0.4949 0 0.0000 8.800 -8.98 0.96 0.01 -0.08 0.09
318 0.3222 0.4820 0 0.0000 8.811 -8.99 0.96 0.01 -0.08 0.09
319 0.5208 0.4253 0 0.0000 8.822 -9.00 0.95 0.01 -0.08 0.09
320 0.4471 0.4602 0 0.0000 8.832 -9.01 0.95 0.01 -0.08 0.10
321 0.4936 0.5026 0 0.0000 8.840 -9.02 0.95 0.01 -0.08 0.09
322 0.5092 0.5606 0 0.0000 8.846 -9.03 0.95 0.01 -0.08 0.10
323 0.4229 0.5454 0 0.0000 8.850 -9.03 0.95 0.01 -0.08 0.10
324 0.4471 0.5625 0 0.0000 8.852 -9.03 0.95 0.01 -0.08 0.09
325 0.3094 0.5279 0 0.0000 8.852 -9.04 0.95 0.01 -0.08 0.09
326 0.3464 0.5297 0 0.0000 8.852 -9.03 0.95 0.01 -0.08 0.09
327 0.3511 0.5367 0 0.0000 8.850 -9.03 0.94 0.01 -0.08 0.10
328 0.4360 0.5459 0 0.0000 8.846 -9.03 0.94 0.01 -0.08 0.10
329 0.3144 0.5300 0 0.0000 8.841 -9.02 0.94 0.01 -0.08 0.10
330 0.3575 0.5479 0 0.0000 8.834 -9.02 0.94 0.01 -0.08 0.10
331 0.4143 0.5651 0 0.0000 8.827 -9.01 0.94 0.01 -0.08 0.10
332 0.3306 0.5471 0 0.0000 8.818 -9.00 0.94 0.01 -0.08 0.10
333 0.3409 0.5635 0 0.0000 8.811 -8.99 0.94 0.01 -0.08 0.10
334 0.3659 0.5652 0 0.0000 8.805 -8.99 0.94 0.02 -0.08 0.10
335 0.3869 0.5738 0 0.0000 8.801 -8.98 0.94 0.02 -0.08 0.10
336 0.3931 0.5713 0 0.0000 8.800 -8.98 0.94 0.02 -0.08 0.10
337 0.3792 0.5618 0 0.0000 8.802 -8.98 0.94 0.02 -0.08 0.10
338 0.3883 0.5652 0 0.0000 8.807 -8.99 0.94 0.02 -0.08 0.10
339 0.3162 0.5619 0 0.0000 8.815 -9.00 0.94 0.02 -0.08 0.10
340 0.6245 0.5483 0 0.0000 8.823 -9.00 0.94 0.02 -0.08 0.10
341 0.7223 0.6783 0 0.0000 8.828 -9.01 0.94 0.02 -0.08 0.10
342 0.4199 0.5562 0 0.0000 8.828 -9.01 0.94 0.02 -0.08 0.10
343 0.4469 0.5516 0 0.0000 8.827 -9.01 0.94 0.02 -0.08 0.10
344 0.4594 0.5740 0 0.0000 8.826 -9.01 0.94 0.02 -0.08 0.10
345 0.4950 0.5802 0 0.0000 8.822 -9.00 0.93 0.02 -0.08 0.10
346 0.4546 0.5880 0 0.0000 8.818 -9.00 0.93 0.02 -0.08 0.10
347 0.4569 0.5878 0 0.0000 8.812 -8.99 0.93 0.02 -0.08 0.10
348 0.4902 0.6066 0 0.0000 8.806 -8.99 0.93 0.02 -0.08 0.10
349 0.4382 0.5894 0 0.0000 8.800 -8.98 0.93 0.02 -0.08 0.10
350 0.4765 0.6145 0 0.0000 8.794 -8.98 0.93 0.02 -0.08 0.10
351 0.4516 0.6032 0 0.0000 8.788 -8.97 0.93 0.02 -0.08 0.10
352 0.4968 0.6159 0 0.0000 8.783 -8.97 0.93 0.02 -0.08 0.10
353 0.3956 0.6030 0 0.0000 8.780 -8.96 0.93 0.02 -0.08 0.10
354 0.3761 0.6135 0 0.0000 8.780 -8.96 0.93 0.02 -0.08 0.10
355 0.4220 0.6177 0 0.0000 8.785 -8.97 0.93 0.02 -0.08 0.10
356 0.4364 0.6327 0 0.0000 8.791 -8.97 0.93 0.02 -0.08 0.10
357 0.4692 0.6098 0 0.0000 8.800 -8.98 0.92 0.02 -0.08 0.10
358 0.5578 0.6048 0 0.0000 8.810 -8.99 0.92 0.02 -0.08 0.10
359 0.6019 0.5751 0 0.0000 8.819 -9.00 0.92 0.02 -0.08 0.10
360 0.4567 0.5437 0 0.0000 8.827 -9.01 0.92 0.02 -0.08 0.10
361 0.4804 0.5927 0 0.0000 8.834 -9.02 0.92 0.02 -0.08 0.10
362 0.5298 0.6168 0 0.0000 8.841 -9.03 0.92 0.02 -0.08 0.10
363 0.5135 0.5781 0 0.0000 8.845 -9.03 0.92 0.02 -0.08 0.10
364 0.5235 0.5792 0 0.0000 8.848 -9.03 0.92 0.02 -0.08 0.10
365 0.4687 0.5598 0 0.0000 8.849 -9.03 0.92 0.03 -0.08 0.10
366 0.5036 0.5514 0 0.0000 8.849 -9.03 0.92 0.02 -0.08 0.10
367 0.5195 0.5552 0 0.0000 8.847 -9.03 0.92 0.02 -0.08 0.10
368 0.4418 0.5361 0 0.0000 8.843 -9.03 0.92 0.03 -0.08 0.10
369 0.4819 0.5485 0 0.0000 8.839 -9.03 0.92 0.03 -0.08 0.10
370 0.4472 0.5322 0 0.0000 8.833 -9.02 0.92 0.03 -0.08 0.10
371 0.4755 0.5531 0 0.0000 8.827 -9.01 0.92 0.03 -0.08 0.10
372 0.4451 0.5335 0 0.0000 8.821 -9.01 0.91 0.03 -0.08 0.10
373 0.4053 0.5340 0 0.0000 8.814 -9.00 0.91 0.03 -0.08 0.11
374 0.4257 0.5411 0 0.0000 8.808 -8.99 0.91 0.03 -0.08 0.10
375 0.4450 0.5473 0 0.0000 8.804 -8.99 0.91 0.03 -0.08 0.10
376 0.4265 0.5346 0 0.0000 8.801 -8.99 0.91 0.03 -0.08 0.11
377 0.4704 0.5277 0 0.0000 8.799 -8.98 0.91 0.03 -0.08 0.11
378 0.4846 0.5387 0 0.0000 8.797 -8.98 0.91 0.03 -0.08 0.11
379 0.4650 0.5531 0 0.0000 8.796 -8.98 0.91 0.03 -0.08 0.11
380 0.4353 0.5594 0 0.0000 8.796 -8.98 0.91 0.03 -0.08 0.11
381 0.4683 0.5770 0 0.0000 8.798 -8.98 0.91 0.03 -0.08 0.11
382 0.4737 0.5880 0 0.0000 8.801 -8.99 0.91 0.03 -0.08 0.10
383 0.4341 0.5593 0 0.0000 8.804 -8.99 0.91 0.03 -0.08 0.10
384 0.5477 0.5652 0 0.0000 8.809 -9.00 0.91 0.03 -0.08 0.10
385 0.4884 0.5762 0 0.0000 8.814 -9.00 0.91 0.03 -0.08 0.10
386 0.5167 0.5880 0 0.0000 8.818 -9.01 0.91 0.03 -0.08 0.10
387 0.5358 0.6080 0 0.0000 8.822 -9.01 0.91 0.03 -0.08 0.10
388 0.5888 0.5877 0 0.0000 8.824 -9.01 0.91 0.03 -0.08 0.11
389 0.4247 0.5185 0 0.0000 8.825 -9.01 0.91 0.03 -0.08 0.11
390 0.4478 0.5124 0 0.0000 8.826 -9.01 0.90 0.03 -0.08 0.11
391 0.4763 0.5258 0 0.0000 8.826 -9.01 0.90 0.03 -0.08 0.11
392 0.4896 0.5392 0 0.0000 8.825 -9.01 0.90 0.03 -0.08 0.11
393 0.5373 0.5210 0 0.0000 8.824 -9.01 0.90 0.03 -0.08 0.11
394 0.4282 0.5185 0 0.0000 8.822 -9.01 0.90 0.03 -0.08 0.11
395 0.4805 0.5167 0 0.0000 8.821 -9.01 0.90 0.03 -0.08 0.11
396 0.4884 0.5032 0 0.0000 8.819 -9.01 0.90 0.03 -0.08 0.11
397 0.4432 0.5228 0 0.0000 8.818 -9.01 0.90 0.03 -0.08 0.11
398 0.4764 0.5237 0 0.0000 8.817 -9.01 0.90 0.03 -0.08 0.11
399 0.5043 0.5302 0 0.0000 8.817 -9.01 0.90 0.03 -0.08 0.11
400 0.4858 0.5374 0 0.0000 8.818 -9.01 0.90 0.03 -0.08 0.11
401 0.4815 0.5403 0 0.0000 8.819 -9.01 0.90 0.03 -0.08 0.11
402 0.4691 0.5254 0 0.0000 8.822 -9.01 0.89 0.03 -0.08 0.11
403 0.4685 0.5165 0 0.0000 8.826 -9.02 0.89 0.03 -0.08 0.11
404 0.4482 0.4919 0 0.0000 8.831 -9.02 0.89 0.03 -0.08 0.11
405 0.4303 0.4507 0 0.0000 8.838 -9.03 0.89 0.03 -0.08 0.11
406 0.4545 0.4355 0 0.0000 8.845 -9.04 0.89 0.03 -0.08 0.11
407 0.4810 0.4337 0 0.0000 8.852 -9.04 0.89 0.03 -0.08 0.11
408 0.3850 0.4454 0 0.0000 8.860 -9.05 0.89 0.03 -0.07 0.11
409 0.3984 0.4109 0 0.0000 8.869 -9.06 0.88 0.03 -0.07 0.11
410 0.4260 0.4679 0 0.0000 8.877 -9.07 0.88 0.03 -0.07 0.11
411 0.5800 0.5371 0 0.0000 8.885 -9.08 0.88 0.03 -0.07 0.11
412 0.4355 0.4793 0 0.0000 8.890 -9.08 0.88 0.03 -0.07 0.11
413 0.3766 0.4318 0 0.0000 8.895 -9.09 0.88 0.03 -0.07 0.11
414 0.3625 0.4526 0 0.0000 8.899 -9.09 0.88 0.03 -0.07 0.11
415 0.4325 0.4756 0 0.0000 8.904 -9.10 0.88 0.03 -0.07 0.11
416 0.3826 0.4480 0 0.0000 8.908 -9.10 0.88 0.03 -0.07 0.11
417 0.3961 0.4300 0 0.0000 8.911 -9.11 0.87 0.03 -0.07 0.11
418 0.3794 0.4289 0 0.0000 8.915 -9.11 0.87 0.03 -0.07 0.11
419 0.3593 0.4284 0 0.0000 8.919 -9.11 0.87 0.03 -0.07 0.11
420 0.4092 0.4503 0 0.0000 8.923 -9.12 0.87 0.03 -0.07 0.11
421 0.4367 0.4759 0 0.0000 8.926 -9.12 0.87 0.03 -0.07 0.11
422 0.3752 0.4646 0 0.0000 8.929 -9.12 0.87 0.03 -0.07 0.11
423 0.4181 0.5046 0 0.0000 8.932 -9.13 0.87 0.04 -0.07 0.11
424 0.3939 0.5119 0 0.0000 8.934 -9.13 0.87 0.04 -0.07 0.11
425 0.4050 0.5173 0 0.0000 8.934 -9.13 0.87 0.04 -0.07 0.11
426 0.4155 0.5144 0 0.0000 8.934 -9.13 0.87 0.04 -0.07 0.11
427 0.4328 0.4974 0 0.0000 8.932 -9.13 0.87 0.04 -0.07 0.11
428 0.4174 0.4613 0 0.0000 8.929 -9.13 0.87 0.04 -0.07 0.11
429 0.3646 0.4051 0 0.0000 8.925 -9.12 0.87 0.04 -0.07 0.11
430 0.3649 0.4093 0 0.0000 8.922 -9.12 0.87 0.04 -0.07 0.11
431 0.3404 0.4208 0 0.0000 8.919 -9.12 0.86 0.04 -0.07 0.11
432 0.3734 0.4432 0 0.0000 8.917 -9.11 0.86 0.04 -0.07 0.11
433 0.3937 0.4568 0 0.0000 8.915 -9.11 0.86 0.04 -0.07 0.11
434 0.3922 0.4587 0 0.0000 8.913 -9.11 0.86 0.04 -0.07 0.11
435 0.4056 0.4819 0 0.0000 8.911 -9.11 0.86 0.04 -0.07 0.11
436 0.4439 0.4997 0 0.0000 8.908 -9.10 0.86 0.04 -0.07 0.11
437 0.4263 0.4865 0 0.0000 8.905 -9.10 0.86 0.04 -0.07 0.11
438 0.4311 0.5158 0 0.0000 8.901 -9.10 0.86 0.04 -0.07 0.11
439 0.4205 0.5105 0 0.0000 8.898 -9.09 0.85 0.04 -0.07 0.11
440 0.3877 0.4896 0 0.0000 8.895 -9.09 0.85 0.04 -0.07 0.11
441 0.4068 0.4730 0 0.0000 8.893 -9.09 0.85 0.04 -0.07 0.11
442 0.4403 0.4810 0 0.0000 8.891 -9.09 0.85 0.04 -0.07 0.11
443 0.4485 0.4613 0 0.0000 8.889 -9.09 0.85 0.04 -0.07 0.11
444 0.4185 0.4536 0 0.0000 8.888 -9.09 0.85 0.04 -0.07 0.11
445 0.4078 0.4332 0 0.0000 8.888 -9.09 0.85 0.04 -0.07 0.11
446 0.3993 0.4386 0 0.0000 8.888 -9.09 0.85 0.04 -0.07 0.11
447 0.3726 0.4520 0 0.0000 8.889 -9.09 0.85 0.04 -0.07 0.11
448 0.4159 0.4307 0 0.0000 8.892 -9.09 0.85 0.04 -0.07 0.11
449 0.4142 0.4246 0 0.0000 8.895 -9.09 0.85 0.04 -0.07 0.11
450 0.3948 0.4248 0 0.0000 8.899 -9.10 0.84 0.04 -0.07 0.11
451 0.4258 0.4273 0 0.0000 8.904 -9.10 0.84 0.04 -0.07 0.11
452 0.4140 0.4297 0 0.0000 8.908 -9.11 0.84 0.04 -0.07 0.11
453 0.4103 0.4146 0 0.0000 8.912 -9.11 0.84 0.04 -0.07 0.11
454 0.4334 0.4247 0 0.0000 8.917 -9.12 0.84 0.04 -0.07 0.11
455 0.3801 0.4206 0 0.0000 8.921 -9.12 0.84 0.04 -0.07 0.11
456 0.3407 0.4079 0 0.0000 8.926 -9.13 0.84 0.04 -0.07 0.11
457 0.4057 0.4383 0 0.0000 8.931 -9.13 0.84 0.05 -0.07 0.11
458 0.4693 0.4865 0 0.0000 8.936 -9.14 0.84 0.05 -0.07 0.11
459 0.4053 0.4478 0 0.0000 8.940 -9.14 0.84 0.05 -0.07 0.11
460 0.4091 0.4445 0 0.0000 8.944 -9.14 0.84 0.05 -0.07 0.11
461 0.4080 0.4662 0 0.0000 8.947 -9.15 0.83 0.05 -0.07 0.11
462 0.4119 0.4762 0 0.0000 8.949 -9.15 0.83 0.05 -0.07 0.11
463 0.4431 0.4671 0 0.0000 8.951 -9.15 0.83 0.05 -0.07 0.11
464 0.6368 0.3955 0 0.0000 8.951 -9.15 0.83 0.04 -0.07 0.11
465 0.4028 0.4346 0 0.0000 8.949 -9.15 0.83 0.05 -0.07 0.11
466 0.3818 0.4627 0 0.0000 8.945 -9.15 0.83 0.04 -0.07 0.11
467 0.4342 0.5356 0 0.0000 8.942 -9.14 0.83 0.04 -0.07 0.11
468 0.4730 0.5394 0 0.0000 8.938 -9.14 0.83 0.05 -0.07 0.11
469 0.3742 0.5102 0 0.0000 8.934 -9.13 0.83 0.04 -0.07 0.11
470 0.4052 0.5022 0 0.0000 8.929 -9.13 0.83 0.05 -0.07 0.11
471 0.3332 0.4872 0 0.0000 8.925 -9.13 0.83 0.05 -0.07 0.11
472 0.4017 0.4947 0 0.0000 8.922 -9.12 0.83 0.05 -0.07 0.11
473 0.3465 0.4571 0 0.0000 8.919 -9.12 0.83 0.05 -0.07 0.11
474 0.3441 0.4510 0 0.0000 8.916 -9.12 0.83 0.05 -0.07 0.11
475 0.3676 0.4318 0 0.0000 8.914 -9.11 0.83 0.05 -0.07 0.11
476 0.3627 0.4317 0 0.0000 8.914 -9.11 0.83 0.05 -0.07 0.12
477 0.4459 0.4377 0 0.0000 8.914 -9.11 0.83 0.05 -0.07 0.12
478 0.4104 0.4460 0 0.0000 8.914 -9.11 0.83 0.05 -0.07 0.11
479 0.3359 0.4422 0 0.0000 8.914 -9.11 0.83 0.05 -0.07 0.11
480 0.4138 0.4518 0 0.0000 8.915 -9.12 0.83 0.05 -0.07 0.12
481 0.4097 0.4398 0 0.0000 8.917 -9.12 0.82 0.05 -0.07 0.12
482 0.4541 0.4620 0 0.0000 8.918 -9.12 0.82 0.05 -0.07 0.12
483 0.3680 0.4677 0 0.0000 8.920 -9.12 0.82 0.05 -0.07 0.12
484 0.3635 0.4639 0 0.0000 8.922 -9.12 0.82 0.05 -0.07 0.12
485 0.3251 0.4455 0 0.0000 8.925 -9.13 0.82 0.05 -0.07 0.12
486 0.3100 0.4451 0 0.0000 8.929 -9.13 0.82 0.05 -0.07 0.12
487 0.3391 0.4526 0 0.0000 8.935 -9.14 0.82 0.05 -0.07 0.12
488 0.3519 0.4695 0 0.0000 8.941 -9.14 0.82 0.05 -0.07 0.12
489 0.3644 0.4634 0 0.0000 8.948 -9.15 0.82 0.05 -0.07 0.12
490 0.3324 0.4554 0 0.0000 8.954 -9.16 0.82 0.05 -0.07 0.12
491 0.3810 0.4460 0 0.0000 8.962 -9.16 0.82 0.05 -0.07 0.12
492 0.3765 0.4636 0 0.0000 8.968 -9.17 0.82 0.05 -0.07 0.12
493 0.4304 0.3945 0 0.0000 8.975 -9.18 0.82 0.05 -0.07 0.12
494 0.3602 0.4084 0 0.0000 8.980 -9.18 0.82 0.05 -0.07 0.12
495 0.3585 0.4293 0 0.0000 8.984 -9.19 0.82 0.05 -0.07 0.12
496 0.3260 0.4406 0 0.0000 8.988 -9.19 0.82 0.05 -0.07 0.12
497 0.2945 0.5121 0 0.0000 8.990 -9.19 0.82 0.05 -0.07 0.12
498 0.3805 0.5390 0 0.0000 8.990 -9.19 0.82 0.05 -0.07 0.12
499 0.4539 0.5138 0 0.0000 8.986 -9.19 0.82 0.05 -0.07 0.12
500 0.3536 0.5152 0 0.0000 8.977 -9.18 0.82 0.05 -0.07 0.12
501 0.3390 0.4329 0 0.0000 8.966 -9.17 0.82 0.05 -0.07 0.12
502 0.1857 0.4166 0 0.0000 8.955 -9.16 0.82 0.05 -0.07 0.12
503 0.2448 0.4002 0 0.0000 8.944 -9.15 0.82 0.05 -0.07 0.12
504 0.2859 0.4117 0 0.0000 8.934 -9.13 0.82 0.05 -0.07 0.12
505 0.2860 0.4354 0 0.0000 8.925 -9.13 0.83 0.05 -0.07 0.12
506 0.3092 0.4576 0 0.0000 8.917 -9.12 0.83 0.05 -0.07 0.12
507 0.3308 0.4846 0 0.0000 8.911 -9.11 0.83 0.05 -0.07 0.12
508 0.3114 0.4839 0 0.0000 8.906 -9.11 0.83 0.05 -0.07 0.12
509 0.3253 0.4756 0 0.0000 8.903 -9.10 0.83 0.06 -0.07 0.12
510 0.3542 0.4689 0 0.0000 8.903 -9.10 0.83 0.05 -0.07 0.12
511 0.3443 0.4427 0 0.0000 8.903 -9.10 0.83 0.05 -0.07 0.12
512 0.3184 0.4227 0 0.0000 8.906 -9.11 0.83 0.06 -0.07 0.12
513 0.3569 0.4247 0 0.0000 8.910 -9.11 0.82 0.06 -0.07 0.12
514 0.3112 0.4254 0 0.0000 8.916 -9.12 0.82 0.06 -0.07 0.12
515 0.3304 0.4170 0 0.0000 8.924 -9.13 0.82 0.06 -0.07 0.12
516 0.2700 0.3815 0 0.0000 8.933 -9.13 0.82 0.06 -0.07 0.12
517 0.3766 0.4041 0 0.0000 8.943 -9.15 0.82 0.06 -0.07 0.12
518 0.2953 0.4044 0 0.0000 8.953 -9.16 0.82 0.06 -0.07 0.12
519 0.3469 0.4194 0 0.0000 8.963 -9.17 0.81 0.06 -0.07 0.12
520 0.3075 0.4318 0 0.0000 8.973 -9.18 0.81 0.06 -0.07 0.12
521 0.3494 0.4737 0 0.0000 8.981 -9.18 0.81 0.06 -0.07 0.12
522 0.4179 0.5028 0 0.0000 8.987 -9.19 0.81 0.06 -0.07 0.12
523 0.4504 0.4950 0 0.0000 8.990 -9.19 0.81 0.06 -0.07 0.12
524 0.4388 0.4832 0 0.0000 8.989 -9.19 0.81 0.06 -0.07 0.12
525 0.3965 0.4819 0 0.0000 8.985 -9.19 0.81 0.06 -0.07 0.12
526 0.3681 0.4531 0 0.0000 8.978 -9.18 0.81 0.06 -0.07 0.12
527 0.1854 0.4066 0 0.0000 8.971 -9.17 0.81 0.06 -0.07 0.12
528 0.2097 0.4288 0 0.0000 8.963 -9.17 0.81 0.06 -0.07 0.12
529 0.2155 0.4324 0 0.0000 8.957 -9.16 0.81 0.06 -0.07 0.12
530 0.2270 0.4275 0 0.0000 8.951 -9.15 0.81 0.06 -0.07 0.12
531 0.1946 0.4166 0 0.0000 8.947 -9.15 0.81 0.06 -0.07 0.13
532 0.2611 0.4198 0 0.0000 8.945 -9.15 0.81 0.06 -0.07 0.13
533 0.2485 0.4041 0 0.0000 8.945 -9.15 0.81 0.06 -0.07 0.13
534 0.2432 0.3725 0 0.0000 8.947 -9.15 0.81 0.06 -0.07 0.13
535 0.2688 0.3749 0 0.0000 8.950 -9.15 0.81 0.06 -0.07 0.13
536 0.2738 0.3536 0 0.0000 8.954 -9.16 0.81 0.06 -0.07 0.13
537 0.2618 0.3550 0 0.0000 8.960 -9.16 0.81 0.06 -0.07 0.13
538 0.2792 0.3462 0 0.0000 8.966 -9.17 0.81 0.06 -0.07 0.13
539 0.2895 0.3578 0 0.0000 8.974 -9.18 0.81 0.06 -0.06 0.13
540 0.2852 0.3552 0 0.0000 8.981 -9.18 0.80 0.06 -0.06 0.13
541 0.2816 0.3358 0 0.0000 8.989 -9.19 0.80 0.06 -0.06 0.13
542 0.2668 0.3115 0 0.0000 8.996 -9.20 0.80 0.06 -0.06 0.13
543 0.2636 0.2751 0 0.0000 9.004 -9.21 0.80 0.06 -0.06 0.13
544 0.1030 0.3001 0 0.0000 9.013 -9.22 0.80 0.06 -0.06 0.13
545 0.2000 0.2508 0 0.0000 9.023 -9.23 0.80 0.06 -0.06 0.13
546 0.3051 0.2258 0 0.0000 9.032 -9.24 0.80 0.06 -0.06 0.13
547 0.1420 0.3265 0 0.0000 9.040 -9.25 0.79 0.06 -0.06 0.13
548 0.1890 0.2852 0 0.0000 9.047 -9.25 0.79 0.06 -0.06 0.13
549 0.2446 0.3964 0 0.0000 9.052 -9.26 0.79 0.06 -0.06 0.13
550 0.2289 0.4398 0 0.0000 9.052 -9.26 0.79 0.06 -0.06 0.12
551 0.1910 0.3948 0 0.0000 9.047 -9.25 0.79 0.06 -0.06 0.12
552 0.2918 0.4942 0 0.0000 9.036 -9.24 0.79 0.06 -0.06 0.12
553 0.3785 0.5330 0 0.0000 9.021 -9.23 0.79 0.06 -0.06 0.12
554 0.3649 0.5252 0 0.0000 9.003 -9.21 0.79 0.06 -0.06 0.12
555 0.2799 0.5086 0 0.0000 8.985 -9.19 0.79 0.06 -0.06 0.12
556 0.2299 0.5720 0 0.0000 8.970 -9.17 0.79 0.06 -0.06 0.13
557 0.2378 0.5879 0 0.0000 8.961 -9.16 0.80 0.06 -0.06 0.13
558 0.2355 0.5746 0 0.0000 8.958 -9.16 0.80 0.06 -0.06 0.13
559 0.2749 0.5523 0 0.0000 8.959 -9.16 0.80 0.06 -0.06 0.13
560 0.3244 0.5262 0 0.0000 8.964 -9.17 0.80 0.06 -0.06 0.13
561 0.3180 0.4675 0 0.0000 8.971 -9.17 0.80 0.06 -0.06 0.13
562 0.3732 0.5063 0 0.0000 8.978 -9.18 0.80 0.06 -0.06 0.13
563 0.3739 0.4778 0 0.0000 8.983 -9.19 0.79 0.06 -0.06 0.13
564 0.3356 0.4565 0 0.0000 8.987 -9.19 0.79 0.06 -0.06 0.13
565 0.2869 0.4409 0 0.0000 8.991 -9.20 0.79 0.06 -0.06 0.13
566 0.2832 0.4369 0 0.0000 8.995 -9.20 0.79 0.06 -0.06 0.13
567 0.2656 0.4063 0 0.0000 8.998 -9.20 0.79 0.06 -0.06 0.13
568 0.2690 0.3734 0 0.0000 9.001 -9.21 0.79 0.07 -0.06 0.13
569 0.2919 0.3495 0 0.0000 9.004 -9.21 0.79 0.07 -0.06 0.13
570 0.2553 0.3307 0 0.0000 9.006 -9.21 0.79 0.07 -0.06 0.13
571 0.2709 0.3294 0 0.0000 9.007 -9.21 0.79 0.07 -0.06 0.13
572 0.2470 0.3447 0 0.0000 9.007 -9.21 0.79 0.07 -0.06 0.13
573 0.2678 0.3449 0 0.0000 9.005 -9.21 0.79 0.07 -0.06 0.13
574 0.2851 0.3328 0 0.0000 9.003 -9.21 0.79 0.07 -0.06 0.13
575 0.2930 0.3516 0 0.0000 8.999 -9.20 0.79 0.07 -0.06 0.13
576 0.3260 0.3910 0 0.0000 8.995 -9.20 0.79 0.07 -0.06 0.13
577 0.3016 0.4162 0 0.0000 8.991 -9.20 0.79 0.07 -0.06 0.13
578 0.3144 0.4298 0 0.0000 8.988 -9.19 0.79 0.07 -0.06 0.13
579 0.3256 0.4428 0 0.0000 8.987 -9.19 0.78 0.07 -0.06 0.13
580 0.2768 0.4211 0 0.0000 8.988 -9.19 0.78 0.07 -0.06 0.13
581 0.2697 0.4122 0 0.0000 8.991 -9.20 0.78 0.07 -0.06 0.13
582 0.2728 0.3792 0 0.0000 8.996 -9.20 0.78 0.07 -0.06 0.13
583 0.2181 0.3875 0 0.0000 9.001 -9.21 0.78 0.07 -0.06 0.13
584 0.4545 0.3446 0 0.0000 9.006 -9.21 0.78 0.07 -0.06 0.13
585 0.1922 0.3579 0 0.0000 9.008 -9.21 0.78 0.07 -0.06 0.13
586 0.2513 0.3423 0 0.0000 9.011 -9.22 0.78 0.07 -0.06 0.13
587 0.3097 0.3714 0 0.0000 9.012 -9.22 0.78 0.07 -0.06 0.13
588 0.2566 0.3864 0 0.0000 9.011 -9.22 0.78 0.07 -0.06 0.13
589 0.2098 0.3858 0 0.0000 9.009 -9.22 0.78 0.07 -0.06 0.13
590 0.3330 0.4074 0 0.0000 9.006 -9.21 0.78 0.07 -0.06 0.13
591 0.3290 0.4168 0 0.0000 9.002 -9.21 0.78 0.07 -0.06 0.13
592 0.2880 0.4105 0 0.0000 8.996 -9.20 0.78 0.07 -0.06 0.13
593 0.2448 0.4241 0 0.0000 8.989 -9.19 0.78 0.07 -0.06 0.13
594 0.2616 0.4314 0 0.0000 8.983 -9.19 0.78 0.07 -0.06 0.13
595 0.2561 0.4007 0 0.0000 8.977 -9.18 0.78 0.07 -0.06 0.13
596 0.2549 0.4187 0 0.0000 8.972 -9.18 0.78 0.07 -0.06 0.13
597 0.1782 0.4285 0 0.0000 8.969 -9.17 0.78 0.07 -0.06 0.13
598 0.2534 0.3928 0 0.0000 8.969 -9.17 0.78 0.07 -0.06 0.13
599 0.2291 0.4192 0 0.0000 8.972 -9.18 0.78 0.07 -0.06 0.13
