# step wm_danger det_logit danger fire dist_t dx dy yaw tbrg offaxis
0 0.4477 0.6053 0 0.0000 24.021 12.00 12.00 -3.07 3.14 0.08
1 1.8867 1.7167 0 0.0000 12.042 0.18 -12.26 1.57 1.57 0.00
2 1.0790 1.0760 0 0.0000 12.041 0.18 -12.26 1.57 1.57 0.00
3 1.2374 1.1941 0 0.0000 12.033 0.17 -12.25 1.57 1.57 0.00
4 1.2801 1.1974 0 0.0000 12.013 0.16 -12.23 1.57 1.57 0.00
5 1.1162 1.0657 0 0.0000 11.978 0.13 -12.20 1.57 1.57 0.00
6 0.8711 0.8927 0 0.0000 11.929 0.10 -12.15 1.56 1.56 0.00
7 0.6964 0.7290 0 0.0000 11.868 0.06 -12.09 1.57 1.56 0.01
8 0.5934 0.6376 0 0.0000 11.798 0.02 -12.01 1.57 1.56 0.01
9 0.4395 0.5686 0 0.0000 11.722 -0.03 -11.94 1.56 1.55 0.01
10 0.1528 0.4116 0 0.0000 11.641 -0.09 -11.85 1.56 1.55 0.01
11 -0.0447 0.3408 0 0.0000 11.555 -0.15 -11.77 1.56 1.54 0.02
12 -0.3787 0.2265 0 0.0000 11.466 -0.21 -11.67 1.56 1.54 0.02
13 -0.5415 0.2225 0 0.0000 11.375 -0.28 -11.58 1.56 1.53 0.03
14 -0.8689 0.1412 0 0.0000 11.285 -0.34 -11.49 1.56 1.52 0.04
15 -1.1203 0.1117 0 0.0000 11.197 -0.42 -11.39 1.56 1.52 0.04
16 -1.2803 0.0923 0 0.0000 11.109 -0.49 -11.30 1.55 1.51 0.04
17 -1.4110 0.0793 0 0.0000 11.020 -0.57 -11.21 1.55 1.50 0.05
18 -1.5939 0.0451 0 0.0000 10.931 -0.64 -11.11 1.55 1.50 0.05
19 -1.7596 0.0148 0 0.0000 10.841 -0.71 -11.02 1.55 1.49 0.06
20 -1.9962 -0.0690 0 0.0000 10.750 -0.77 -10.92 1.54 1.48 0.06
21 -2.2232 -0.1556 0 0.0000 10.659 -0.83 -10.82 1.54 1.48 0.07
22 -2.3363 -0.1755 0 0.0000 10.567 -0.89 -10.72 1.54 1.47 0.07
23 -2.4518 -0.2219 0 0.0000 10.475 -0.94 -10.62 1.54 1.46 0.07
24 -2.6135 -0.2605 0 0.0000 10.382 -0.99 -10.52 1.54 1.46 0.08
25 -2.7771 -0.3505 0 0.0000 10.291 -1.04 -10.42 1.54 1.45 0.08
26 -2.9210 -0.4299 0 0.0000 10.199 -1.08 -10.33 1.53 1.45 0.09
27 -3.0195 -0.4472 0 0.0000 10.108 -1.11 -10.23 1.53 1.44 0.09
28 -3.0852 -0.4426 0 0.0000 10.018 -1.15 -10.13 1.53 1.44 0.09
29 -3.2900 -0.5751 0 0.0000 9.929 -1.19 -10.04 1.53 1.43 0.10
30 -3.3857 -0.6242 0 0.0000 9.840 -1.23 -9.94 1.53 1.43 0.11
31 -3.7100 -0.8817 0 0.0000 9.792 -1.22 -9.89 1.59 1.43 0.16
32 -3.6327 -0.8592 0 0.0000 9.777 -1.18 -9.88 1.58 1.43 0.15
33 -3.1490 -0.6310 0 0.0000 9.754 -1.14 -9.86 1.57 1.43 0.14
34 -2.9795 -0.6239 0 0.0000 9.720 -1.12 -9.83 1.57 1.44 0.13
35 -3.0097 -0.5903 0 0.0000 9.675 -1.11 -9.79 1.57 1.44 0.14
36 -3.0255 -0.5687 0 0.0000 9.620 -1.12 -9.73 1.57 1.43 0.14
37 -3.2497 -0.7177 0 0.0000 9.559 -1.14 -9.67 1.58 1.43 0.14
38 -3.3864 -0.8041 0 0.0000 9.494 -1.17 -9.59 1.58 1.43 0.15
39 -3.4979 -0.8725 0 0.0000 9.427 -1.22 -9.52 1.57 1.42 0.15
40 -3.4656 -0.8506 0 0.0000 9.373 -1.25 -9.46 1.57 1.42 0.15
41 -3.3417 -0.7834 0 0.0000 9.338 -1.25 -9.43 1.57 1.42 0.15
42 -3.2146 -0.7354 0 0.0000 9.308 -1.24 -9.40 1.57 1.42 0.15
43 -3.1279 -0.8086 0 0.0000 9.273 -1.23 -9.36 1.57 1.42 0.15
44 -3.0844 -0.7733 0 0.0000 9.233 -1.23 -9.32 1.57 1.42 0.15
45 -3.1670 -0.7988 0 0.0000 9.188 -1.23 -9.28 1.57 1.42 0.16
46 -3.2245 -0.8118 0 0.0000 9.143 -1.23 -9.23 1.57 1.42 0.16
47 -3.1519 -0.7814 0 0.0000 9.100 -1.23 -9.19 1.57 1.41 0.16
48 -3.0710 -0.7349 0 0.0000 9.061 -1.23 -9.15 1.57 1.41 0.16
49 -3.0481 -0.7213 0 0.0000 9.025 -1.23 -9.11 1.57 1.41 0.16
50 -2.9456 -0.7285 0 0.0000 8.994 -1.23 -9.08 1.57 1.41 0.16
51 -2.9841 -0.7409 0 0.0000 8.965 -1.23 -9.05 1.57 1.41 0.16
52 -2.9853 -0.7334 0 0.0000 8.939 -1.23 -9.02 1.57 1.41 0.16
53 -3.0224 -0.7391 0 0.0000 8.916 -1.23 -9.00 1.57 1.41 0.16
54 -3.0513 -0.7483 0 0.0000 8.898 -1.23 -8.98 1.57 1.41 0.16
55 -2.9961 -0.7398 0 0.0000 8.887 -1.22 -8.97 1.57 1.41 0.16
56 -2.9199 -0.7055 0 0.0000 8.880 -1.23 -8.96 1.57 1.41 0.16
57 -2.8877 -0.6878 0 0.0000 8.876 -1.23 -8.95 1.57 1.41 0.16
58 -2.8822 -0.6979 0 0.0000 8.875 -1.23 -8.95 1.57 1.41 0.16
59 -2.8000 -0.6464 0 0.0000 8.875 -1.23 -8.95 1.57 1.41 0.16
60 -2.8232 -0.6639 0 0.0000 8.875 -1.23 -8.95 1.57 1.41 0.16
61 -2.7914 -0.6395 0 0.0000 8.874 -1.23 -8.95 1.57 1.41 0.16
62 -2.8230 -0.6860 0 0.0000 8.873 -1.23 -8.95 1.57 1.41 0.16
63 -2.7766 -0.6880 0 0.0000 8.870 -1.23 -8.95 1.57 1.41 0.16
64 -2.7061 -0.6589 0 0.0000 8.864 -1.23 -8.94 1.57 1.41 0.16
65 -2.6325 -0.6645 0 0.0000 8.857 -1.23 -8.93 1.57 1.41 0.16
66 -2.5061 -0.5796 0 0.0000 8.848 -1.23 -8.93 1.57 1.41 0.16
67 -2.3696 -0.5030 0 0.0000 8.835 -1.23 -8.91 1.57 1.41 0.16
68 -2.4187 -0.5561 0 0.0000 8.817 -1.23 -8.89 1.57 1.41 0.16
69 -2.3677 -0.5376 0 0.0000 8.795 -1.23 -8.87 1.57 1.41 0.16
70 -2.3414 -0.5793 0 0.0000 8.768 -1.23 -8.84 1.57 1.41 0.16
71 -2.3917 -0.6411 0 0.0000 8.742 -1.23 -8.82 1.58 1.41 0.17
72 -2.3528 -0.5620 0 0.0000 8.714 -1.23 -8.79 1.58 1.41 0.17
73 -2.4207 -0.5625 0 0.0000 8.687 -1.23 -8.76 1.58 1.41 0.17
74 -2.1880 -0.5356 0 0.0000 8.663 -1.23 -8.74 1.58 1.41 0.17
75 -2.1925 -0.5212 0 0.0000 8.641 -1.23 -8.71 1.58 1.41 0.17
76 -2.2382 -0.5034 0 0.0000 8.621 -1.24 -8.69 1.58 1.40 0.17
77 -2.0615 -0.4863 0 0.0000 8.604 -1.24 -8.68 1.57 1.40 0.17
78 -1.9801 -0.4256 0 0.0000 8.590 -1.23 -8.66 1.57 1.40 0.17
79 -1.9677 -0.4229 0 0.0000 8.577 -1.24 -8.65 1.57 1.40 0.17
80 -1.8870 -0.3195 0 0.0000 8.568 -1.23 -8.64 1.57 1.40 0.17
81 -1.8515 -0.3286 0 0.0000 8.561 -1.23 -8.63 1.57 1.40 0.17
82 -1.7911 -0.3064 0 0.0000 8.559 -1.24 -8.63 1.57 1.40 0.17
83 -1.7737 -0.3068 0 0.0000 8.559 -1.24 -8.63 1.57 1.40 0.17
84 -1.7637 -0.2917 0 0.0000 8.559 -1.24 -8.63 1.57 1.40 0.17
85 -1.7286 -0.2899 0 0.0000 8.558 -1.24 -8.63 1.57 1.40 0.17
86 -1.7185 -0.2617 0 0.0000 8.558 -1.24 -8.63 1.57 1.40 0.17
87 -1.7465 -0.2524 0 0.0000 8.558 -1.24 -8.63 1.57 1.40 0.17
88 -1.7476 -0.2413 0 0.0000 8.558 -1.24 -8.63 1.57 1.40 0.17
89 -1.7459 -0.2438 0 0.0000 8.557 -1.24 -8.63 1.57 1.40 0.17
90 -1.7494 -0.2413 0 0.0000 8.557 -1.24 -8.63 1.57 1.40 0.17
91 -1.7808 -0.2645 0 0.0000 8.557 -1.24 -8.63 1.57 1.40 0.17
92 -1.7889 -0.2672 0 0.0000 8.557 -1.24 -8.63 1.57 1.40 0.17
93 -1.7858 -0.2721 0 0.0000 8.557 -1.24 -8.63 1.57 1.40 0.17
94 -1.7996 -0.2789 0 0.0000 8.557 -1.23 -8.63 1.57 1.40 0.17
95 -1.7753 -0.2727 0 0.0000 8.557 -1.23 -8.63 1.57 1.40 0.17
96 -1.7955 -0.2903 0 0.0000 8.557 -1.24 -8.63 1.57 1.40 0.17
97 -1.8048 -0.2752 0 0.0000 8.556 -1.24 -8.63 1.57 1.40 0.17
98 -1.8355 -0.3073 0 0.0000 8.556 -1.24 -8.63 1.57 1.40 0.17
99 -1.8461 -0.3064 0 0.0000 8.555 -1.24 -8.63 1.57 1.40 0.17
100 -1.8535 -0.3112 0 0.0000 8.554 -1.24 -8.62 1.57 1.40 0.17
101 -1.8424 -0.2982 0 0.0000 8.554 -1.24 -8.62 1.57 1.40 0.17
102 -1.7973 -0.2868 0 0.0000 8.554 -1.24 -8.62 1.57 1.40 0.17
103 -1.7533 -0.2810 0 0.0000 8.553 -1.24 -8.62 1.57 1.40 0.17
104 -1.7501 -0.2788 0 0.0000 8.553 -1.24 -8.62 1.57 1.40 0.17
105 -1.7570 -0.2954 0 0.0000 8.553 -1.24 -8.62 1.57 1.40 0.17
106 -1.7070 -0.2854 0 0.0000 8.553 -1.24 -8.62 1.57 1.40 0.17
107 -1.7132 -0.3033 0 0.0000 8.553 -1.24 -8.62 1.57 1.40 0.17
108 -1.7420 -0.2987 0 0.0000 8.553 -1.24 -8.62 1.57 1.40 0.17
109 -1.7193 -0.3245 0 0.0000 8.553 -1.24 -8.62 1.57 1.40 0.17
110 -1.7267 -0.3193 0 0.0000 8.553 -1.24 -8.62 1.57 1.40 0.17
111 -1.7170 -0.3076 0 0.0000 8.553 -1.24 -8.62 1.57 1.40 0.17
112 -1.6992 -0.3229 0 0.0000 8.553 -1.24 -8.62 1.57 1.40 0.17
113 -1.7054 -0.3172 0 0.0000 8.553 -1.24 -8.62 1.57 1.40 0.17
114 -1.7212 -0.3223 0 0.0000 8.553 -1.24 -8.62 1.57 1.40 0.17
115 -1.7194 -0.3287 0 0.0000 8.552 -1.24 -8.62 1.57 1.40 0.17
116 -1.6427 -0.3256 0 0.0000 8.551 -1.24 -8.62 1.57 1.40 0.17
117 -1.6662 -0.3086 0 0.0000 8.548 -1.24 -8.62 1.57 1.40 0.17
118 -1.6359 -0.3014 0 0.0000 8.545 -1.24 -8.62 1.57 1.40 0.17
119 -1.6510 -0.2705 0 0.0000 8.542 -1.24 -8.61 1.57 1.40 0.17
120 -1.6506 -0.2539 0 0.0000 8.541 -1.24 -8.61 1.57 1.40 0.17
121 -1.6931 -0.2710 0 0.0000 8.541 -1.24 -8.61 1.57 1.40 0.17
122 -1.6455 -0.2435 0 0.0000 8.541 -1.24 -8.61 1.57 1.40 0.17
123 -1.6461 -0.2720 0 0.0000 8.541 -1.24 -8.61 1.57 1.40 0.17
124 -1.6358 -0.2397 0 0.0000 8.541 -1.24 -8.61 1.57 1.40 0.17
125 -1.5497 -0.2088 0 0.0000 8.541 -1.24 -8.61 1.57 1.40 0.17
126 -1.5752 -0.2167 0 0.0000 8.541 -1.24 -8.61 1.57 1.40 0.17
127 -1.5724 -0.2032 0 0.0000 8.541 -1.24 -8.61 1.57 1.40 0.17
128 -1.5164 -0.2147 0 0.0000 8.541 -1.24 -8.61 1.57 1.40 0.17
129 -1.4996 -0.2232 0 0.0000 8.540 -1.24 -8.61 1.57 1.40 0.17
130 -1.4850 -0.1625 0 0.0000 8.539 -1.24 -8.61 1.57 1.40 0.17
131 -1.4165 -0.1485 0 0.0000 8.538 -1.24 -8.61 1.57 1.40 0.17
132 -1.3982 -0.1489 0 0.0000 8.538 -1.24 -8.61 1.57 1.40 0.17
133 -1.3383 -0.1073 0 0.0000 8.537 -1.24 -8.61 1.57 1.40 0.17
134 -1.3017 -0.0873 0 0.0000 8.536 -1.24 -8.61 1.57 1.40 0.17
135 -1.3549 -0.0967 0 0.0000 8.535 -1.24 -8.61 1.57 1.40 0.17
136 -1.3995 -0.0343 0 0.0000 8.533 -1.24 -8.61 1.57 1.40 0.17
137 -1.5289 -0.0953 0 0.0000 8.533 -1.24 -8.61 1.57 1.40 0.17
138 -1.5087 -0.0915 0 0.0000 8.533 -1.24 -8.61 1.57 1.40 0.17
139 -1.4971 -0.0835 0 0.0000 8.533 -1.24 -8.61 1.57 1.40 0.17
140 -1.4639 -0.0946 0 0.0000 8.534 -1.24 -8.61 1.57 1.40 0.17
141 -1.4993 -0.0897 0 0.0000 8.534 -1.24 -8.61 1.57 1.40 0.17
142 -1.4912 -0.0908 0 0.0000 8.534 -1.24 -8.61 1.57 1.40 0.17
143 -1.4794 -0.0730 0 0.0000 8.534 -1.24 -8.61 1.57 1.40 0.17
144 -1.4140 -0.0699 0 0.0000 8.534 -1.24 -8.61 1.57 1.40 0.17
145 -1.3580 -0.0247 0 0.0000 8.534 -1.24 -8.61 1.57 1.40 0.17
146 -1.3442 -0.0325 0 0.0000 8.534 -1.24 -8.61 1.57 1.40 0.17
147 -1.3149 -0.0423 0 0.0000 8.534 -1.24 -8.61 1.57 1.40 0.17
148 -1.2768 -0.0285 0 0.0000 8.534 -1.24 -8.61 1.57 1.40 0.17
149 -1.3070 -0.0494 0 0.0000 8.534 -1.24 -8.61 1.57 1.40 0.17
150 -1.2885 -0.0271 0 0.0000 8.533 -1.24 -8.61 1.57 1.40 0.17
151 -1.2938 -0.0382 0 0.0000 8.533 -1.24 -8.61 1.57 1.40 0.17
152 -1.2866 -0.0553 0 0.0000 8.533 -1.24 -8.61 1.57 1.40 0.17
153 -1.2977 -0.0524 0 0.0000 8.533 -1.24 -8.60 1.57 1.40 0.17
154 -1.2706 -0.0232 0 0.0000 8.533 -1.24 -8.60 1.57 1.40 0.17
155 -1.2274 -0.0015 0 0.0000 8.533 -1.24 -8.60 1.57 1.40 0.17
156 -1.1828 0.0071 0 0.0000 8.532 -1.24 -8.60 1.57 1.40 0.17
157 -1.2482 0.0178 0 0.0000 8.531 -1.24 -8.60 1.57 1.40 0.17
158 -1.2668 0.0426 0 0.0000 8.531 -1.24 -8.60 1.57 1.40 0.17
159 -1.2737 0.0502 0 0.0000 8.531 -1.24 -8.60 1.57 1.40 0.17
160 -1.3035 0.0412 0 0.0000 8.531 -1.24 -8.60 1.57 1.40 0.17
161 -1.1948 0.0571 0 0.0000 8.532 -1.24 -8.60 1.57 1.40 0.17
162 -1.2187 0.0356 0 0.0000 8.532 -1.24 -8.60 1.57 1.40 0.17
163 -1.2321 0.0535 0 0.0000 8.532 -1.24 -8.60 1.57 1.40 0.17
164 -1.1467 0.0968 0 0.0000 8.531 -1.24 -8.60 1.57 1.40 0.17
165 -1.1578 0.0812 0 0.0000 8.531 -1.24 -8.60 1.57 1.40 0.17
166 -1.1474 0.0807 0 0.0000 8.531 -1.24 -8.60 1.57 1.40 0.17
167 -1.1313 0.0792 0 0.0000 8.531 -1.24 -8.60 1.57 1.40 0.17
168 -1.2154 0.0463 0 0.0000 8.531 -1.24 -8.60 1.57 1.40 0.17
169 -1.3585 -0.0007 0 0.0000 8.532 -1.24 -8.60 1.57 1.40 0.17
170 -1.3846 0.0168 0 0.0000 8.533 -1.24 -8.61 1.57 1.40 0.17
171 -1.4664 -0.0269 0 0.0000 8.533 -1.24 -8.61 1.57 1.40 0.17
172 -1.4528 -0.0396 0 0.0000 8.534 -1.24 -8.61 1.57 1.40 0.17
173 -1.4923 -0.0653 0 0.0000 8.534 -1.24 -8.61 1.57 1.40 0.17
174 -1.4939 -0.0600 0 0.0000 8.534 -1.24 -8.61 1.57 1.40 0.17
175 -1.5451 -0.0751 0 0.0000 8.534 -1.24 -8.61 1.57 1.40 0.17
176 -1.5411 -0.0945 0 0.0000 8.534 -1.24 -8.61 1.57 1.40 0.17
177 -1.5272 -0.1051 0 0.0000 8.534 -1.24 -8.61 1.57 1.40 0.17
178 -1.5453 -0.1079 0 0.0000 8.534 -1.24 -8.61 1.57 1.40 0.17
179 -1.5138 -0.0940 0 0.0000 8.535 -1.24 -8.61 1.57 1.40 0.17
180 -1.5872 -0.1366 0 0.0000 8.535 -1.24 -8.61 1.57 1.40 0.17
181 -1.6520 -0.1530 0 0.0000 8.535 -1.24 -8.61 1.57 1.40 0.17
182 -1.5835 -0.1373 0 0.0000 8.535 -1.24 -8.61 1.57 1.40 0.17
183 -1.4599 -0.1500 0 0.0000 8.536 -1.23 -8.61 1.57 1.40 0.17
184 -1.4829 -0.1652 0 0.0000 8.536 -1.23 -8.61 1.57 1.40 0.17
185 -1.4751 -0.1597 0 0.0000 8.535 -1.24 -8.61 1.57 1.40 0.17
186 -1.4879 -0.1592 0 0.0000 8.535 -1.24 -8.61 1.57 1.40 0.17
187 -1.4802 -0.1681 0 0.0000 8.535 -1.24 -8.61 1.57 1.40 0.17
188 -1.4699 -0.1635 0 0.0000 8.535 -1.24 -8.61 1.57 1.40 0.17
189 -1.4850 -0.1640 0 0.0000 8.534 -1.24 -8.61 1.57 1.40 0.17
190 -1.4414 -0.1108 0 0.0000 8.533 -1.24 -8.61 1.57 1.40 0.17
191 -1.4322 -0.1067 0 0.0000 8.533 -1.24 -8.61 1.57 1.40 0.17
192 -1.4672 -0.1091 0 0.0000 8.533 -1.24 -8.61 1.57 1.40 0.17
193 -1.4391 -0.0968 0 0.0000 8.533 -1.24 -8.61 1.57 1.40 0.17
194 -1.4415 -0.1087 0 0.0000 8.533 -1.24 -8.61 1.57 1.40 0.17
195 -1.4549 -0.0998 0 0.0000 8.533 -1.24 -8.61 1.57 1.40 0.17
196 -1.4181 -0.0895 0 0.0000 8.533 -1.24 -8.61 1.57 1.40 0.17
197 -1.4168 -0.0950 0 0.0000 8.533 -1.24 -8.60 1.57 1.40 0.17
198 -1.4003 -0.0667 0 0.0000 8.532 -1.24 -8.60 1.57 1.40 0.17
199 -1.3823 -0.0528 0 0.0000 8.531 -1.24 -8.60 1.57 1.40 0.17
200 -1.3798 -0.0604 0 0.0000 8.531 -1.24 -8.60 1.57 1.40 0.17
201 -1.3719 -0.0520 0 0.0000 8.531 -1.24 -8.60 1.57 1.40 0.17
202 -1.3656 -0.0581 0 0.0000 8.530 -1.24 -8.60 1.57 1.40 0.17
203 -1.3408 -0.0724 0 0.0000 8.530 -1.24 -8.60 1.57 1.40 0.17
204 -1.2956 -0.0543 0 0.0000 8.528 -1.24 -8.60 1.57 1.40 0.17
205 -1.3464 -0.0593 0 0.0000 8.526 -1.24 -8.60 1.57 1.40 0.17
206 -1.3991 -0.0680 0 0.0000 8.524 -1.24 -8.60 1.57 1.40 0.17
207 -1.3252 -0.0158 0 0.0000 8.524 -1.24 -8.60 1.57 1.40 0.17
208 -1.2912 -0.0416 0 0.0000 8.524 -1.24 -8.60 1.57 1.40 0.17
209 -1.3606 -0.0781 0 0.0000 8.524 -1.24 -8.60 1.57 1.40 0.17
210 -1.3374 -0.0629 0 0.0000 8.525 -1.24 -8.60 1.57 1.40 0.17
211 -1.3727 -0.1123 0 0.0000 8.526 -1.24 -8.60 1.57 1.40 0.17
212 -1.5799 -0.1823 0 0.0000 8.528 -1.24 -8.60 1.57 1.40 0.17
213 -1.6183 -0.1771 0 0.0000 8.529 -1.24 -8.60 1.57 1.40 0.17
214 -1.6439 -0.1749 0 0.0000 8.530 -1.24 -8.60 1.57 1.40 0.17
215 -1.6001 -0.1623 0 0.0000 8.531 -1.24 -8.60 1.57 1.40 0.17
216 -1.5986 -0.1762 0 0.0000 8.531 -1.24 -8.60 1.57 1.40 0.17
217 -1.5794 -0.1229 0 0.0000 8.532 -1.24 -8.60 1.57 1.40 0.17
218 -1.5454 -0.1500 0 0.0000 8.532 -1.24 -8.60 1.57 1.40 0.17
219 -1.5711 -0.1630 0 0.0000 8.532 -1.24 -8.60 1.57 1.40 0.17
220 -1.5329 -0.1661 0 0.0000 8.532 -1.24 -8.60 1.57 1.40 0.17
221 -1.5497 -0.1763 0 0.0000 8.532 -1.24 -8.60 1.57 1.40 0.17
222 -1.5358 -0.1595 0 0.0000 8.532 -1.24 -8.60 1.57 1.40 0.17
223 -1.5649 -0.1830 0 0.0000 8.532 -1.24 -8.60 1.57 1.40 0.17
224 -1.5575 -0.1686 0 0.0000 8.532 -1.24 -8.60 1.57 1.40 0.17
225 -1.5549 -0.1723 0 0.0000 8.531 -1.24 -8.60 1.57 1.40 0.17
226 -1.5904 -0.1845 0 0.0000 8.531 -1.24 -8.60 1.57 1.40 0.17
227 -1.5858 -0.1865 0 0.0000 8.531 -1.24 -8.60 1.57 1.40 0.17
228 -1.5536 -0.1848 0 0.0000 8.531 -1.24 -8.60 1.57 1.40 0.17
229 -1.5716 -0.2083 0 0.0000 8.531 -1.24 -8.60 1.57 1.40 0.17
230 -1.5112 -0.1956 0 0.0000 8.531 -1.24 -8.60 1.57 1.40 0.17
231 -1.5412 -0.1965 0 0.0000 8.530 -1.24 -8.60 1.57 1.40 0.17
232 -1.5276 -0.1964 0 0.0000 8.530 -1.24 -8.60 1.57 1.40 0.17
233 -1.5133 -0.1964 0 0.0000 8.529 -1.24 -8.60 1.57 1.40 0.17
234 -1.4923 -0.2003 0 0.0000 8.527 -1.24 -8.60 1.57 1.40 0.17
235 -1.4291 -0.1625 0 0.0000 8.525 -1.24 -8.60 1.57 1.40 0.17
236 -1.4896 -0.1644 0 0.0000 8.523 -1.24 -8.60 1.57 1.40 0.17
237 -1.5951 -0.1965 0 0.0000 8.522 -1.24 -8.59 1.57 1.40 0.17
238 -1.5074 -0.1376 0 0.0000 8.521 -1.24 -8.59 1.57 1.40 0.17
239 -1.5089 -0.1496 0 0.0000 8.522 -1.24 -8.59 1.57 1.40 0.17
240 -1.5078 -0.1475 0 0.0000 8.522 -1.24 -8.59 1.57 1.40 0.17
241 -1.5029 -0.1239 0 0.0000 8.522 -1.24 -8.59 1.57 1.40 0.17
242 -1.4948 -0.1189 0 0.0000 8.522 -1.24 -8.59 1.57 1.40 0.17
243 -1.4798 -0.1092 0 0.0000 8.522 -1.24 -8.59 1.57 1.40 0.17
244 -1.4533 -0.1032 0 0.0000 8.522 -1.24 -8.59 1.57 1.40 0.17
245 -1.4402 -0.0746 0 0.0000 8.522 -1.24 -8.59 1.57 1.40 0.17
246 -1.4007 -0.0964 0 0.0000 8.522 -1.24 -8.59 1.57 1.40 0.17
247 -1.4353 -0.1182 0 0.0000 8.522 -1.24 -8.59 1.57 1.40 0.17
248 -1.3881 -0.1219 0 0.0000 8.522 -1.24 -8.59 1.57 1.40 0.17
249 -1.3611 -0.1148 0 0.0000 8.522 -1.24 -8.59 1.57 1.40 0.17
250 -1.4065 -0.1074 0 0.0000 8.522 -1.24 -8.60 1.57 1.40 0.17
251 -1.4098 -0.0957 0 0.0000 8.522 -1.24 -8.60 1.57 1.40 0.17
252 -1.4354 -0.1132 0 0.0000 8.522 -1.24 -8.60 1.57 1.40 0.17
253 -1.4832 -0.1020 0 0.0000 8.523 -1.24 -8.60 1.57 1.40 0.17
254 -1.4187 -0.0722 0 0.0000 8.523 -1.24 -8.60 1.57 1.40 0.17
255 -1.3270 -0.0479 0 0.0000 8.523 -1.24 -8.60 1.57 1.40 0.17
256 -1.2957 -0.0373 0 0.0000 8.523 -1.24 -8.60 1.57 1.40 0.17
257 -1.2946 -0.0176 0 0.0000 8.523 -1.24 -8.60 1.57 1.40 0.17
258 -1.3037 -0.0156 0 0.0000 8.523 -1.24 -8.60 1.57 1.40 0.17
259 -1.3311 -0.0076 0 0.0000 8.523 -1.24 -8.60 1.57 1.40 0.17
260 -1.3395 -0.0071 0 0.0000 8.522 -1.24 -8.60 1.57 1.40 0.17
261 -1.3491 0.0225 0 0.0000 8.522 -1.24 -8.60 1.57 1.40 0.17
262 -1.3087 0.0155 0 0.0000 8.522 -1.24 -8.60 1.57 1.40 0.17
263 -1.2993 -0.0047 0 0.0000 8.522 -1.24 -8.60 1.57 1.40 0.17
264 -1.3245 -0.0300 0 0.0000 8.522 -1.24 -8.60 1.57 1.40 0.17
265 -1.3835 -0.0663 0 0.0000 8.522 -1.24 -8.60 1.57 1.40 0.17
266 -1.3666 -0.0724 0 0.0000 8.522 -1.24 -8.60 1.57 1.40 0.17
267 -1.3921 -0.0740 0 0.0000 8.523 -1.24 -8.60 1.57 1.40 0.17
268 -1.4146 -0.0793 0 0.0000 8.523 -1.24 -8.60 1.57 1.40 0.17
269 -1.4843 -0.1442 0 0.0000 8.525 -1.24 -8.60 1.57 1.40 0.17
270 -1.6063 -0.2131 0 0.0000 8.526 -1.24 -8.60 1.57 1.40 0.17
271 -1.6202 -0.1838 0 0.0000 8.526 -1.24 -8.60 1.57 1.40 0.17
272 -1.6474 -0.1861 0 0.0000 8.527 -1.24 -8.60 1.57 1.40 0.17
273 -1.6503 -0.1479 0 0.0000 8.528 -1.24 -8.60 1.57 1.40 0.17
274 -1.6859 -0.2007 0 0.0000 8.530 -1.24 -8.60 1.57 1.40 0.17
275 -1.5716 -0.1475 0 0.0000 8.531 -1.24 -8.60 1.57 1.40 0.17
276 -1.5864 -0.1976 0 0.0000 8.532 -1.24 -8.60 1.57 1.40 0.17
277 -1.5665 -0.1942 0 0.0000 8.532 -1.24 -8.60 1.57 1.40 0.17
278 -1.6082 -0.2060 0 0.0000 8.532 -1.24 -8.60 1.57 1.40 0.17
279 -1.6062 -0.1955 0 0.0000 8.532 -1.24 -8.60 1.57 1.40 0.17
280 -1.5340 -0.1695 0 0.0000 8.532 -1.24 -8.60 1.57 1.40 0.17
281 -1.5400 -0.2052 0 0.0000 8.532 -1.24 -8.60 1.57 1.40 0.17
282 -1.5403 -0.2151 0 0.0000 8.532 -1.24 -8.60 1.57 1.40 0.17
283 -1.5638 -0.1953 0 0.0000 8.532 -1.24 -8.60 1.57 1.40 0.17
284 -1.5414 -0.2050 0 0.0000 8.532 -1.24 -8.60 1.57 1.40 0.17
285 -1.5966 -0.2150 0 0.0000 8.532 -1.24 -8.60 1.57 1.40 0.17
286 -1.6375 -0.2392 0 0.0000 8.532 -1.24 -8.60 1.57 1.40 0.17
287 -1.5923 -0.2220 0 0.0000 8.532 -1.24 -8.60 1.57 1.40 0.17
288 -1.5764 -0.2232 0 0.0000 8.532 -1.24 -8.60 1.57 1.40 0.17
289 -1.5576 -0.2210 0 0.0000 8.532 -1.24 -8.60 1.57 1.40 0.17
290 -1.5438 -0.1951 0 0.0000 8.532 -1.24 -8.60 1.57 1.40 0.17
291 -1.5080 -0.1925 0 0.0000 8.531 -1.24 -8.60 1.57 1.40 0.17
292 -1.4766 -0.1782 0 0.0000 8.531 -1.24 -8.60 1.57 1.40 0.17
293 -1.4607 -0.1652 0 0.0000 8.531 -1.24 -8.60 1.57 1.40 0.17
294 -1.4557 -0.1508 0 0.0000 8.531 -1.24 -8.60 1.57 1.40 0.17
295 -1.4617 -0.1645 0 0.0000 8.531 -1.24 -8.60 1.57 1.40 0.17
296 -1.4839 -0.1558 0 0.0000 8.530 -1.24 -8.60 1.57 1.40 0.17
297 -1.5132 -0.1585 0 0.0000 8.530 -1.24 -8.60 1.57 1.40 0.17
298 -1.5172 -0.1735 0 0.0000 8.530 -1.24 -8.60 1.57 1.40 0.17
299 -1.4789 -0.1673 0 0.0000 8.530 -1.24 -8.60 1.57 1.40 0.17
300 -1.5259 -0.1759 0 0.0000 8.530 -1.24 -8.60 1.57 1.40 0.17
301 -1.5118 -0.1522 0 0.0000 8.530 -1.24 -8.60 1.57 1.40 0.17
302 -1.5239 -0.1313 0 0.0000 8.530 -1.24 -8.60 1.57 1.40 0.17
303 -1.5262 -0.1259 0 0.0000 8.530 -1.24 -8.60 1.57 1.40 0.17
304 -1.4969 -0.1048 0 0.0000 8.529 -1.24 -8.60 1.57 1.40 0.17
305 -1.4813 -0.0791 0 0.0000 8.528 -1.24 -8.60 1.57 1.40 0.17
306 -1.5056 -0.0748 0 0.0000 8.527 -1.24 -8.60 1.57 1.40 0.17
307 -1.4832 -0.0730 0 0.0000 8.527 -1.24 -8.60 1.57 1.40 0.17
308 -1.4088 -0.0653 0 0.0000 8.527 -1.24 -8.60 1.57 1.40 0.17
309 -1.4098 -0.0774 0 0.0000 8.527 -1.24 -8.60 1.57 1.40 0.17
310 -1.4418 -0.0872 0 0.0000 8.527 -1.24 -8.60 1.57 1.40 0.17
311 -1.4641 -0.0955 0 0.0000 8.527 -1.24 -8.60 1.57 1.40 0.17
312 -1.4509 -0.0851 0 0.0000 8.526 -1.24 -8.60 1.57 1.40 0.17
313 -1.4554 -0.0918 0 0.0000 8.526 -1.24 -8.60 1.57 1.40 0.17
314 -1.4662 -0.0843 0 0.0000 8.526 -1.24 -8.60 1.57 1.40 0.17
315 -1.4325 -0.1033 0 0.0000 8.526 -1.24 -8.60 1.57 1.40 0.17
316 -1.4064 -0.0929 0 0.0000 8.525 -1.24 -8.60 1.57 1.40 0.17
317 -1.4001 -0.0861 0 0.0000 8.525 -1.24 -8.60 1.57 1.40 0.17
318 -1.3808 -0.0652 0 0.0000 8.525 -1.24 -8.60 1.57 1.40 0.17
319 -1.3759 -0.0719 0 0.0000 8.523 -1.24 -8.60 1.57 1.40 0.17
320 -1.3966 -0.0729 0 0.0000 8.522 -1.24 -8.60 1.57 1.40 0.17
321 -1.3516 -0.0400 0 0.0000 8.522 -1.24 -8.60 1.57 1.40 0.17
322 -1.2974 -0.0362 0 0.0000 8.522 -1.24 -8.60 1.57 1.40 0.17
323 -1.3003 -0.0174 0 0.0000 8.522 -1.24 -8.60 1.57 1.40 0.17
324 -1.2804 -0.0187 0 0.0000 8.522 -1.24 -8.59 1.57 1.40 0.17
325 -1.2679 -0.0052 0 0.0000 8.521 -1.24 -8.59 1.57 1.40 0.17
326 -1.2392 -0.0188 0 0.0000 8.521 -1.24 -8.59 1.57 1.40 0.17
327 -1.2287 0.0091 0 0.0000 8.520 -1.24 -8.59 1.57 1.40 0.17
328 -1.1577 0.0522 0 0.0000 8.517 -1.24 -8.59 1.57 1.40 0.17
329 -1.1233 0.0673 0 0.0000 8.513 -1.24 -8.59 1.57 1.40 0.17
330 -1.1434 0.0682 0 0.0000 8.510 -1.24 -8.58 1.57 1.40 0.17
331 -1.2242 0.0709 0 0.0000 8.508 -1.24 -8.58 1.57 1.40 0.17
332 -1.2398 0.0740 0 0.0000 8.508 -1.24 -8.58 1.57 1.40 0.17
333 -1.2847 0.0428 0 0.0000 8.508 -1.24 -8.58 1.57 1.40 0.17
334 -1.3251 0.0029 0 0.0000 8.508 -1.24 -8.58 1.57 1.40 0.17
335 -1.3658 -0.0230 0 0.0000 8.508 -1.24 -8.58 1.57 1.40 0.17
336 -1.3247 -0.0349 0 0.0000 8.509 -1.24 -8.58 1.57 1.40 0.17
337 -1.2758 -0.0046 0 0.0000 8.509 -1.24 -8.58 1.57 1.40 0.17
338 -1.3185 -0.0457 0 0.0000 8.509 -1.24 -8.58 1.57 1.40 0.17
339 -1.3516 -0.0643 0 0.0000 8.509 -1.24 -8.58 1.57 1.40 0.17
340 -1.4134 -0.0825 0 0.0000 8.509 -1.24 -8.58 1.57 1.40 0.17
341 -1.3750 -0.0768 0 0.0000 8.509 -1.24 -8.58 1.57 1.40 0.17
342 -1.4122 -0.0809 0 0.0000 8.509 -1.24 -8.58 1.57 1.40 0.17
343 -1.4263 -0.0939 0 0.0000 8.509 -1.24 -8.58 1.57 1.40 0.17
344 -1.4317 -0.0961 0 0.0000 8.509 -1.24 -8.58 1.57 1.40 0.17
345 -1.4482 -0.1063 0 0.0000 8.509 -1.24 -8.58 1.57 1.40 0.17
346 -1.4699 -0.1037 0 0.0000 8.510 -1.24 -8.58 1.57 1.40 0.17
347 -1.4541 -0.0867 0 0.0000 8.510 -1.24 -8.58 1.57 1.40 0.17
348 -1.4413 -0.0839 0 0.0000 8.510 -1.24 -8.58 1.57 1.40 0.17
349 -1.4113 -0.0984 0 0.0000 8.511 -1.24 -8.59 1.57 1.40 0.17
350 -1.3736 -0.0895 0 0.0000 8.511 -1.24 -8.58 1.57 1.40 0.17
351 -1.3304 -0.1063 0 0.0000 8.511 -1.24 -8.58 1.57 1.40 0.17
352 -1.3800 -0.1060 0 0.0000 8.510 -1.24 -8.58 1.57 1.40 0.17
353 -1.3467 -0.1067 0 0.0000 8.510 -1.24 -8.58 1.57 1.40 0.17
354 -1.3943 -0.1064 0 0.0000 8.510 -1.24 -8.58 1.57 1.40 0.17
355 -1.3774 -0.1119 0 0.0000 8.510 -1.24 -8.58 1.57 1.40 0.17
356 -1.3313 -0.0969 0 0.0000 8.510 -1.24 -8.58 1.57 1.40 0.17
357 -1.2946 -0.0949 0 0.0000 8.510 -1.24 -8.58 1.57 1.40 0.17
358 -1.3196 -0.0360 0 0.0000 8.510 -1.24 -8.58 1.57 1.40 0.17
359 -1.3069 -0.0347 0 0.0000 8.510 -1.24 -8.58 1.57 1.40 0.17
360 -1.3403 -0.0312 0 0.0000 8.510 -1.24 -8.58 1.57 1.40 0.17
361 -1.3293 0.0004 0 0.0000 8.511 -1.24 -8.59 1.57 1.40 0.17
362 -1.3336 -0.0150 0 0.0000 8.511 -1.24 -8.59 1.57 1.40 0.17
363 -1.3509 -0.0304 0 0.0000 8.511 -1.24 -8.59 1.57 1.40 0.17
364 -1.3299 -0.0351 0 0.0000 8.511 -1.24 -8.59 1.57 1.40 0.17
365 -1.3507 -0.0111 0 0.0000 8.511 -1.24 -8.59 1.57 1.40 0.17
366 -1.3513 -0.0332 0 0.0000 8.512 -1.24 -8.59 1.57 1.40 0.17
367 -1.2639 -0.0351 0 0.0000 8.513 -1.24 -8.59 1.57 1.40 0.17
368 -1.2092 0.0002 0 0.0000 8.515 -1.24 -8.59 1.57 1.40 0.17
369 -1.2012 0.0224 0 0.0000 8.515 -1.24 -8.59 1.57 1.40 0.17
370 -1.2072 0.0268 0 0.0000 8.515 -1.24 -8.59 1.57 1.40 0.17
371 -1.2483 0.0159 0 0.0000 8.515 -1.24 -8.59 1.57 1.40 0.17
372 -1.2938 0.0188 0 0.0000 8.517 -1.24 -8.59 1.57 1.40 0.17
373 -1.3357 0.0089 0 0.0000 8.518 -1.24 -8.59 1.57 1.40 0.17
374 -1.3566 0.0090 0 0.0000 8.518 -1.24 -8.59 1.57 1.40 0.17
375 -1.3281 0.0137 0 0.0000 8.518 -1.24 -8.59 1.57 1.40 0.17
376 -1.3401 0.0135 0 0.0000 8.518 -1.24 -8.59 1.57 1.40 0.17
377 -1.3297 0.0242 0 0.0000 8.519 -1.24 -8.59 1.57 1.40 0.17
378 -1.3093 0.0251 0 0.0000 8.520 -1.24 -8.59 1.57 1.40 0.17
379 -1.2458 0.0532 0 0.0000 8.520 -1.24 -8.59 1.57 1.40 0.17
380 -1.2873 0.0348 0 0.0000 8.520 -1.24 -8.59 1.57 1.40 0.17
381 -1.2943 0.0389 0 0.0000 8.520 -1.24 -8.59 1.57 1.40 0.17
382 -1.2901 0.0573 0 0.0000 8.520 -1.24 -8.59 1.57 1.40 0.17
383 -1.2934 0.0501 0 0.0000 8.520 -1.24 -8.59 1.57 1.40 0.17
384 -1.2678 0.0479 0 0.0000 8.520 -1.24 -8.59 1.57 1.40 0.17
385 -1.2246 0.0767 0 0.0000 8.520 -1.24 -8.59 1.57 1.40 0.17
386 -1.1996 0.1086 0 0.0000 8.520 -1.24 -8.59 1.57 1.40 0.17
387 -1.1898 0.0906 0 0.0000 8.519 -1.24 -8.59 1.57 1.40 0.17
388 -1.2112 0.0523 0 0.0000 8.519 -1.24 -8.59 1.57 1.40 0.17
389 -1.1965 0.0602 0 0.0000 8.519 -1.24 -8.59 1.57 1.40 0.17
390 -1.2184 0.0396 0 0.0000 8.519 -1.24 -8.59 1.57 1.40 0.17
391 -1.1827 0.0507 0 0.0000 8.519 -1.24 -8.59 1.57 1.40 0.17
392 -1.1681 0.0640 0 0.0000 8.519 -1.24 -8.59 1.57 1.40 0.17
393 -1.1729 0.0702 0 0.0000 8.519 -1.24 -8.59 1.57 1.40 0.17
394 -1.2110 0.0299 0 0.0000 8.519 -1.24 -8.59 1.57 1.40 0.17
395 -1.2184 0.0287 0 0.0000 8.519 -1.24 -8.59 1.57 1.40 0.17
396 -1.2724 -0.0049 0 0.0000 8.520 -1.24 -8.59 1.57 1.40 0.17
397 -1.4233 -0.0509 0 0.0000 8.521 -1.24 -8.59 1.57 1.40 0.17
398 -1.5256 -0.0789 0 0.0000 8.522 -1.24 -8.60 1.57 1.40 0.17
399 -1.5013 -0.0710 0 0.0000 8.522 -1.24 -8.60 1.57 1.40 0.17
400 -1.4984 -0.0713 0 0.0000 8.522 -1.24 -8.60 1.57 1.40 0.17
401 -1.5032 -0.0825 0 0.0000 8.522 -1.24 -8.60 1.57 1.40 0.17
402 -1.4392 -0.0357 0 0.0000 8.522 -1.24 -8.60 1.57 1.40 0.17
403 -1.2868 0.0118 0 0.0000 8.523 -1.24 -8.60 1.57 1.40 0.17
404 -1.2534 -0.0030 0 0.0000 8.523 -1.24 -8.60 1.57 1.40 0.17
405 -1.2813 0.0074 0 0.0000 8.523 -1.24 -8.60 1.57 1.40 0.17
406 -1.2553 0.0325 0 0.0000 8.523 -1.24 -8.60 1.57 1.40 0.17
407 -1.2734 0.0296 0 0.0000 8.523 -1.24 -8.60 1.57 1.40 0.17
408 -1.2982 0.0045 0 0.0000 8.523 -1.24 -8.60 1.57 1.40 0.17
409 -1.3212 -0.0129 0 0.0000 8.523 -1.24 -8.60 1.57 1.40 0.17
410 -1.3216 -0.0236 0 0.0000 8.523 -1.24 -8.60 1.57 1.40 0.17
411 -1.3548 -0.0437 0 0.0000 8.523 -1.24 -8.60 1.57 1.40 0.17
412 -1.3594 -0.0414 0 0.0000 8.523 -1.24 -8.60 1.57 1.40 0.17
413 -1.3493 -0.0445 0 0.0000 8.523 -1.24 -8.60 1.57 1.40 0.17
414 -1.3913 -0.0743 0 0.0000 8.523 -1.24 -8.60 1.57 1.40 0.17
415 -1.4309 -0.0949 0 0.0000 8.523 -1.24 -8.60 1.57 1.40 0.17
416 -1.4639 -0.1186 0 0.0000 8.523 -1.24 -8.60 1.57 1.40 0.17
417 -1.5204 -0.1205 0 0.0000 8.523 -1.24 -8.60 1.57 1.40 0.17
418 -1.5227 -0.1073 0 0.0000 8.523 -1.24 -8.60 1.57 1.40 0.17
419 -1.5750 -0.1475 0 0.0000 8.523 -1.24 -8.60 1.57 1.40 0.17
420 -1.5798 -0.1594 0 0.0000 8.523 -1.24 -8.60 1.57 1.40 0.17
421 -1.5385 -0.1585 0 0.0000 8.524 -1.24 -8.60 1.57 1.40 0.17
422 -1.5154 -0.1437 0 0.0000 8.524 -1.24 -8.60 1.57 1.40 0.17
423 -1.5371 -0.1777 0 0.0000 8.524 -1.24 -8.60 1.57 1.40 0.17
424 -1.5638 -0.1828 0 0.0000 8.524 -1.24 -8.60 1.57 1.40 0.17
425 -1.5907 -0.1860 0 0.0000 8.524 -1.24 -8.60 1.57 1.40 0.17
426 -1.5553 -0.1593 0 0.0000 8.524 -1.24 -8.60 1.57 1.40 0.17
427 -1.5490 -0.1390 0 0.0000 8.524 -1.24 -8.60 1.57 1.40 0.17
428 -1.5016 -0.1491 0 0.0000 8.524 -1.24 -8.60 1.57 1.40 0.17
429 -1.4640 -0.1363 0 0.0000 8.524 -1.24 -8.60 1.57 1.40 0.17
430 -1.4416 -0.1273 0 0.0000 8.524 -1.24 -8.60 1.57 1.40 0.17
431 -1.4271 -0.0985 0 0.0000 8.524 -1.24 -8.60 1.57 1.40 0.17
432 -1.4623 -0.1074 0 0.0000 8.525 -1.24 -8.60 1.57 1.40 0.17
433 -1.5283 -0.1479 0 0.0000 8.526 -1.24 -8.60 1.57 1.40 0.17
434 -1.4565 -0.1050 0 0.0000 8.526 -1.24 -8.60 1.57 1.40 0.17
435 -1.4547 -0.0933 0 0.0000 8.526 -1.24 -8.60 1.57 1.40 0.17
436 -1.4342 -0.0914 0 0.0000 8.528 -1.24 -8.60 1.57 1.40 0.17
437 -1.7120 -0.1892 0 0.0000 8.530 -1.24 -8.60 1.57 1.40 0.17
438 -1.6157 -0.1724 0 0.0000 8.532 -1.24 -8.61 1.57 1.40 0.17
439 -1.6819 -0.1902 0 0.0000 8.534 -1.24 -8.61 1.57 1.40 0.17
440 -1.5550 -0.1643 0 0.0000 8.536 -1.24 -8.61 1.57 1.40 0.17
441 -1.6827 -0.1795 0 0.0000 8.536 -1.24 -8.61 1.57 1.40 0.17
442 -1.6871 -0.1635 0 0.0000 8.536 -1.24 -8.61 1.57 1.40 0.17
443 -1.6474 -0.1297 0 0.0000 8.538 -1.24 -8.61 1.57 1.40 0.17
444 -1.5418 -0.0083 0 0.0000 8.539 -1.24 -8.61 1.57 1.40 0.17
445 -1.5381 -0.0556 0 0.0000 8.539 -1.24 -8.61 1.57 1.40 0.17
446 -1.5503 -0.1036 0 0.0000 8.539 -1.24 -8.61 1.57 1.40 0.17
447 -1.4907 -0.0833 0 0.0000 8.539 -1.24 -8.61 1.57 1.40 0.17
448 -1.5039 -0.1119 0 0.0000 8.539 -1.24 -8.61 1.57 1.40 0.17
449 -1.5358 -0.1105 0 0.0000 8.538 -1.24 -8.61 1.57 1.40 0.17
450 -1.5307 -0.0995 0 0.0000 8.538 -1.24 -8.61 1.57 1.40 0.17
451 -1.5432 -0.1040 0 0.0000 8.538 -1.24 -8.61 1.57 1.40 0.17
452 -1.5599 -0.1237 0 0.0000 8.538 -1.24 -8.61 1.57 1.40 0.17
453 -1.5801 -0.1440 0 0.0000 8.538 -1.24 -8.61 1.57 1.40 0.17
454 -1.6086 -0.1560 0 0.0000 8.538 -1.24 -8.61 1.57 1.40 0.17
455 -1.6103 -0.1762 0 0.0000 8.538 -1.24 -8.61 1.57 1.40 0.17
456 -1.5651 -0.1705 0 0.0000 8.538 -1.24 -8.61 1.57 1.40 0.17
457 -1.5682 -0.1705 0 0.0000 8.538 -1.24 -8.61 1.57 1.40 0.17
458 -1.5420 -0.1738 0 0.0000 8.537 -1.24 -8.61 1.57 1.40 0.17
459 -1.5863 -0.1655 0 0.0000 8.536 -1.24 -8.61 1.57 1.40 0.17
460 -1.5824 -0.1865 0 0.0000 8.536 -1.24 -8.61 1.57 1.40 0.17
461 -1.6191 -0.2121 0 0.0000 8.536 -1.24 -8.61 1.57 1.40 0.17
462 -1.6375 -0.2239 0 0.0000 8.536 -1.24 -8.61 1.57 1.40 0.17
463 -1.6440 -0.2376 0 0.0000 8.536 -1.24 -8.61 1.57 1.40 0.17
464 -1.6664 -0.2329 0 0.0000 8.536 -1.24 -8.61 1.57 1.40 0.17
465 -1.7005 -0.2373 0 0.0000 8.536 -1.24 -8.61 1.57 1.40 0.17
466 -1.6372 -0.2524 0 0.0000 8.536 -1.24 -8.61 1.57 1.40 0.17
467 -1.6386 -0.2612 0 0.0000 8.535 -1.24 -8.61 1.57 1.40 0.17
468 -1.5931 -0.2469 0 0.0000 8.533 -1.24 -8.61 1.57 1.40 0.17
469 -1.6935 -0.2309 0 0.0000 8.531 -1.24 -8.60 1.57 1.40 0.17
470 -1.6788 -0.2019 0 0.0000 8.530 -1.24 -8.60 1.57 1.40 0.17
471 -1.6356 -0.1877 0 0.0000 8.530 -1.24 -8.60 1.57 1.40 0.17
472 -1.5510 -0.1692 0 0.0000 8.531 -1.24 -8.60 1.57 1.40 0.17
473 -1.5571 -0.1467 0 0.0000 8.531 -1.24 -8.60 1.57 1.40 0.17
474 -1.6137 -0.1428 0 0.0000 8.531 -1.24 -8.60 1.57 1.40 0.17
475 -1.6012 -0.1597 0 0.0000 8.532 -1.24 -8.61 1.57 1.40 0.17
476 -1.5965 -0.1638 0 0.0000 8.532 -1.24 -8.61 1.57 1.40 0.17
477 -1.5396 -0.1596 0 0.0000 8.532 -1.24 -8.61 1.57 1.40 0.17
478 -1.6570 -0.1980 0 0.0000 8.533 -1.24 -8.61 1.57 1.40 0.17
479 -1.6067 -0.2059 0 0.0000 8.533 -1.24 -8.61 1.57 1.40 0.17
480 -1.6292 -0.2230 0 0.0000 8.533 -1.24 -8.61 1.57 1.40 0.17
481 -1.6073 -0.2201 0 0.0000 8.533 -1.24 -8.61 1.57 1.40 0.17
482 -1.5948 -0.2168 0 0.0000 8.533 -1.24 -8.61 1.57 1.40 0.17
483 -1.5595 -0.2143 0 0.0000 8.533 -1.24 -8.61 1.57 1.40 0.17
484 -1.7297 -0.2637 0 0.0000 8.534 -1.24 -8.61 1.57 1.40 0.17
485 -1.6352 -0.2429 0 0.0000 8.534 -1.24 -8.61 1.57 1.40 0.17
486 -1.6844 -0.2610 0 0.0000 8.534 -1.24 -8.61 1.57 1.40 0.17
487 -1.7283 -0.2592 0 0.0000 8.535 -1.24 -8.61 1.57 1.40 0.17
488 -1.6952 -0.2427 0 0.0000 8.536 -1.24 -8.61 1.57 1.40 0.17
489 -1.6861 -0.2294 0 0.0000 8.536 -1.24 -8.61 1.57 1.40 0.17
490 -1.7403 -0.2332 0 0.0000 8.537 -1.24 -8.61 1.57 1.40 0.17
491 -1.6399 -0.2003 0 0.0000 8.538 -1.24 -8.61 1.57 1.40 0.17
492 -1.4853 -0.1895 0 0.0000 8.540 -1.24 -8.61 1.57 1.40 0.17
493 -1.5203 -0.1640 0 0.0000 8.541 -1.24 -8.61 1.57 1.40 0.17
494 -1.5151 -0.1516 0 0.0000 8.541 -1.24 -8.61 1.57 1.40 0.17
495 -1.5644 -0.1733 0 0.0000 8.541 -1.24 -8.61 1.57 1.40 0.17
496 -1.6184 -0.1809 0 0.0000 8.542 -1.24 -8.61 1.57 1.40 0.17
497 -1.6483 -0.1745 0 0.0000 8.543 -1.24 -8.62 1.57 1.40 0.17
498 -1.6693 -0.1853 0 0.0000 8.543 -1.24 -8.62 1.57 1.40 0.17
499 -1.6155 -0.1881 0 0.0000 8.543 -1.24 -8.62 1.57 1.40 0.17
500 -1.6240 -0.2046 0 0.0000 8.543 -1.24 -8.62 1.57 1.40 0.17
501 -1.5520 -0.1424 0 0.0000 8.543 -1.24 -8.62 1.57 1.40 0.17
502 -1.5839 -0.2046 0 0.0000 8.543 -1.24 -8.62 1.57 1.40 0.17
503 -1.5490 -0.2016 0 0.0000 8.543 -1.24 -8.62 1.57 1.40 0.17
504 -1.7228 -0.2503 0 0.0000 8.543 -1.24 -8.62 1.57 1.40 0.17
505 -1.6889 -0.2436 0 0.0000 8.543 -1.24 -8.62 1.57 1.40 0.17
506 -1.6681 -0.2366 0 0.0000 8.543 -1.24 -8.62 1.57 1.40 0.17
507 -1.6652 -0.2423 0 0.0000 8.543 -1.24 -8.62 1.57 1.40 0.17
508 -1.6466 -0.2242 0 0.0000 8.543 -1.24 -8.62 1.57 1.40 0.17
509 -1.6080 -0.2264 0 0.0000 8.543 -1.24 -8.62 1.57 1.40 0.17
510 -1.5983 -0.1860 0 0.0000 8.543 -1.24 -8.62 1.57 1.40 0.17
511 -1.5964 -0.1796 0 0.0000 8.543 -1.24 -8.62 1.57 1.40 0.17
512 -1.5849 -0.1781 0 0.0000 8.543 -1.24 -8.62 1.57 1.40 0.17
513 -1.5598 -0.1507 0 0.0000 8.543 -1.24 -8.62 1.57 1.40 0.17
514 -1.5599 -0.1521 0 0.0000 8.543 -1.24 -8.62 1.57 1.40 0.17
515 -1.5534 -0.1558 0 0.0000 8.543 -1.24 -8.62 1.57 1.40 0.17
516 -1.5377 -0.1556 0 0.0000 8.543 -1.24 -8.62 1.57 1.40 0.17
517 -1.5519 -0.1624 0 0.0000 8.543 -1.24 -8.62 1.57 1.40 0.17
518 -1.5954 -0.1815 0 0.0000 8.543 -1.24 -8.62 1.57 1.40 0.17
519 -1.5154 -0.1675 0 0.0000 8.543 -1.24 -8.62 1.57 1.40 0.17
520 -1.4771 -0.1210 0 0.0000 8.543 -1.24 -8.62 1.57 1.40 0.17
521 -1.4545 -0.1057 0 0.0000 8.543 -1.24 -8.62 1.57 1.40 0.17
522 -1.4801 -0.1269 0 0.0000 8.543 -1.24 -8.62 1.57 1.40 0.17
523 -1.5028 -0.1692 0 0.0000 8.543 -1.24 -8.62 1.57 1.40 0.17
524 -1.4694 -0.1621 0 0.0000 8.542 -1.24 -8.62 1.57 1.40 0.17
525 -1.4713 -0.1452 0 0.0000 8.541 -1.24 -8.61 1.57 1.40 0.17
526 -1.5011 -0.1423 0 0.0000 8.540 -1.24 -8.61 1.57 1.40 0.17
527 -1.6311 -0.1648 0 0.0000 8.539 -1.24 -8.61 1.57 1.40 0.17
528 -1.5928 -0.1659 0 0.0000 8.539 -1.24 -8.61 1.57 1.40 0.17
529 -1.5960 -0.1622 0 0.0000 8.539 -1.24 -8.61 1.57 1.40 0.17
530 -1.5993 -0.1535 0 0.0000 8.539 -1.24 -8.61 1.57 1.40 0.17
531 -1.5957 -0.1624 0 0.0000 8.539 -1.24 -8.61 1.57 1.40 0.17
532 -1.5695 -0.1508 0 0.0000 8.539 -1.24 -8.61 1.57 1.40 0.17
533 -1.5853 -0.1633 0 0.0000 8.539 -1.24 -8.61 1.57 1.40 0.17
534 -1.6250 -0.1766 0 0.0000 8.539 -1.24 -8.61 1.57 1.40 0.17
535 -1.6274 -0.1581 0 0.0000 8.539 -1.24 -8.61 1.57 1.40 0.17
536 -1.6526 -0.2010 0 0.0000 8.539 -1.24 -8.61 1.57 1.40 0.17
537 -1.6249 -0.2073 0 0.0000 8.540 -1.24 -8.61 1.57 1.40 0.17
538 -1.6027 -0.2127 0 0.0000 8.540 -1.24 -8.61 1.57 1.40 0.17
539 -1.5786 -0.2040 0 0.0000 8.540 -1.24 -8.61 1.57 1.40 0.17
540 -1.5682 -0.1965 0 0.0000 8.540 -1.24 -8.61 1.57 1.40 0.17
541 -1.5549 -0.1973 0 0.0000 8.540 -1.24 -8.61 1.57 1.40 0.17
542 -1.5402 -0.1784 0 0.0000 8.540 -1.24 -8.61 1.57 1.40 0.17
543 -1.5002 -0.1705 0 0.0000 8.540 -1.24 -8.61 1.57 1.40 0.17
544 -1.5996 -0.1906 0 0.0000 8.540 -1.24 -8.61 1.57 1.40 0.17
545 -1.6729 -0.2271 0 0.0000 8.541 -1.24 -8.61 1.57 1.40 0.17
546 -1.6438 -0.2252 0 0.0000 8.542 -1.24 -8.62 1.57 1.40 0.17
547 -1.6549 -0.2096 0 0.0000 8.543 -1.24 -8.62 1.57 1.40 0.17
548 -1.6012 -0.2050 0 0.0000 8.543 -1.24 -8.62 1.57 1.40 0.17
549 -1.5884 -0.2095 0 0.0000 8.543 -1.24 -8.62 1.57 1.40 0.17
550 -1.7234 -0.1590 0 0.0000 8.545 -1.24 -8.62 1.57 1.40 0.17
551 -1.6465 -0.1829 0 0.0000 8.548 -1.24 -8.62 1.57 1.40 0.17
552 -1.6182 -0.1727 0 0.0000 8.550 -1.24 -8.62 1.57 1.40 0.17
553 -1.5016 -0.1206 0 0.0000 8.553 -1.24 -8.63 1.57 1.40 0.17
554 -1.5089 -0.1069 0 0.0000 8.556 -1.24 -8.63 1.57 1.40 0.17
555 -1.5446 -0.0815 0 0.0000 8.560 -1.24 -8.63 1.57 1.40 0.17
556 -1.5446 -0.0977 0 0.0000 8.564 -1.24 -8.64 1.57 1.40 0.17
557 -1.5579 -0.0718 0 0.0000 8.567 -1.24 -8.64 1.57 1.40 0.17
558 -1.5456 -0.0407 0 0.0000 8.569 -1.24 -8.64 1.57 1.40 0.17
559 -1.5365 0.0433 0 0.0000 8.573 -1.24 -8.65 1.57 1.40 0.17
560 -1.4834 0.0175 0 0.0000 8.576 -1.24 -8.65 1.57 1.40 0.17
561 -1.5755 0.0028 0 0.0000 8.577 -1.24 -8.65 1.57 1.40 0.17
562 -1.4974 0.0191 0 0.0000 8.577 -1.24 -8.65 1.57 1.40 0.17
563 -1.5005 0.0047 0 0.0000 8.577 -1.24 -8.65 1.57 1.40 0.17
564 -1.5300 -0.0226 0 0.0000 8.577 -1.24 -8.65 1.57 1.40 0.17
565 -1.5177 -0.0280 0 0.0000 8.576 -1.24 -8.65 1.57 1.40 0.17
566 -1.4898 0.0361 0 0.0000 8.575 -1.24 -8.65 1.57 1.40 0.17
567 -1.4806 0.0326 0 0.0000 8.575 -1.24 -8.65 1.57 1.40 0.17
568 -1.5286 -0.0447 0 0.0000 8.575 -1.24 -8.65 1.57 1.40 0.17
569 -1.5265 -0.0826 0 0.0000 8.575 -1.24 -8.65 1.57 1.40 0.17
570 -1.5496 -0.0969 0 0.0000 8.575 -1.24 -8.65 1.57 1.40 0.17
571 -1.6365 -0.1464 0 0.0000 8.575 -1.24 -8.65 1.57 1.40 0.17
572 -1.6420 -0.1365 0 0.0000 8.574 -1.24 -8.65 1.57 1.40 0.17
573 -1.6780 -0.1449 0 0.0000 8.574 -1.24 -8.65 1.57 1.40 0.17
574 -1.6938 -0.1575 0 0.0000 8.574 -1.24 -8.65 1.57 1.40 0.17
575 -1.6935 -0.1445 0 0.0000 8.574 -1.24 -8.65 1.57 1.40 0.17
576 -1.7418 -0.1635 0 0.0000 8.574 -1.24 -8.65 1.57 1.40 0.17
577 -1.8000 -0.2024 0 0.0000 8.574 -1.24 -8.65 1.57 1.40 0.17
578 -1.7941 -0.2099 0 0.0000 8.573 -1.24 -8.65 1.57 1.40 0.17
579 -1.8214 -0.2132 0 0.0000 8.573 -1.24 -8.65 1.57 1.40 0.17
580 -1.8367 -0.2485 0 0.0000 8.573 -1.24 -8.65 1.57 1.40 0.17
581 -1.8270 -0.2413 0 0.0000 8.573 -1.24 -8.65 1.57 1.40 0.17
582 -1.8380 -0.2562 0 0.0000 8.572 -1.24 -8.65 1.57 1.40 0.17
583 -1.8237 -0.2707 0 0.0000 8.572 -1.24 -8.64 1.57 1.40 0.17
584 -1.8508 -0.2867 0 0.0000 8.572 -1.24 -8.64 1.57 1.40 0.17
585 -1.8613 -0.2940 0 0.0000 8.572 -1.24 -8.64 1.57 1.40 0.17
586 -1.8301 -0.2952 0 0.0000 8.572 -1.24 -8.64 1.57 1.40 0.17
587 -1.8210 -0.2870 0 0.0000 8.572 -1.24 -8.64 1.57 1.40 0.17
588 -1.7994 -0.2735 0 0.0000 8.572 -1.24 -8.64 1.57 1.40 0.17
589 -1.7686 -0.2743 0 0.0000 8.572 -1.24 -8.64 1.57 1.40 0.17
590 -1.7620 -0.2637 0 0.0000 8.571 -1.24 -8.64 1.57 1.40 0.17
591 -1.7696 -0.2777 0 0.0000 8.571 -1.24 -8.64 1.57 1.40 0.17
592 -1.7862 -0.2751 0 0.0000 8.570 -1.24 -8.64 1.57 1.40 0.17
593 -1.7987 -0.2711 0 0.0000 8.570 -1.24 -8.64 1.57 1.40 0.17
594 -1.8049 -0.2818 0 0.0000 8.570 -1.24 -8.64 1.57 1.40 0.17
595 -1.8030 -0.2942 0 0.0000 8.570 -1.24 -8.64 1.57 1.40 0.17
596 -1.7784 -0.2960 0 0.0000 8.570 -1.24 -8.64 1.57 1.40 0.17
597 -1.7278 -0.2975 0 0.0000 8.568 -1.24 -8.64 1.57 1.40 0.17
598 -1.6143 -0.2971 0 0.0000 8.566 -1.24 -8.64 1.57 1.40 0.17
599 -1.6670 -0.2371 0 0.0000 8.563 -1.24 -8.64 1.57 1.40 0.17
