# step wm_danger det_logit danger fire dist_t dx dy yaw tbrg offaxis
0 -2.6930 -0.2994 0 0.0000 18.028 6.00 6.00 -2.13 3.14 1.01
1 1.1097 0.5788 0 0.0000 12.042 -0.06 12.05 -1.57 -1.57 0.00
2 0.2721 0.5442 0 0.0000 12.042 -0.06 12.05 -1.57 -1.57 0.00
3 0.1966 0.6193 0 0.0000 12.035 -0.06 12.04 -1.58 -1.57 0.01
4 0.2358 0.6423 0 0.0000 12.016 -0.06 12.02 -1.58 -1.57 0.01
5 0.1535 0.6172 0 0.0000 11.982 -0.04 11.99 -1.58 -1.57 0.01
6 -0.0496 0.5102 0 0.0000 11.934 -0.03 11.94 -1.59 -1.57 0.01
7 -0.3116 0.3451 0 0.0000 11.873 -0.01 11.88 -1.59 -1.58 0.02
8 -0.6207 0.1037 0 0.0000 11.802 0.02 11.81 -1.60 -1.58 0.02
9 -0.8147 -0.0599 0 0.0000 11.722 0.05 11.73 -1.60 -1.58 0.02
10 -1.0668 -0.2696 0 0.0000 11.637 0.09 11.64 -1.60 -1.58 0.02
11 -1.3352 -0.4769 0 0.0000 11.548 0.12 11.55 -1.60 -1.59 0.02
12 -1.5308 -0.6409 0 0.0000 11.455 0.16 11.46 -1.60 -1.59 0.01
13 -1.7628 -0.8275 0 0.0000 11.360 0.21 11.36 -1.61 -1.59 0.01
14 -1.8782 -0.9530 0 0.0000 11.263 0.25 11.26 -1.61 -1.60 0.02
15 -1.9757 -1.1064 0 0.0000 11.166 0.29 11.16 -1.61 -1.60 0.01
16 -2.0805 -1.2425 0 0.0000 11.068 0.33 11.06 -1.62 -1.61 0.01
17 -2.1543 -1.3655 0 0.0000 10.969 0.36 10.96 -1.62 -1.61 0.01
18 -2.1892 -1.4623 0 0.0000 10.870 0.40 10.86 -1.62 -1.61 0.01
19 -2.2217 -1.5522 0 0.0000 10.771 0.42 10.76 -1.62 -1.62 0.00
20 -2.0951 -1.5824 0 0.0000 10.673 0.44 10.66 -1.62 -1.62 0.00
21 -1.9224 -1.6485 0 0.0000 10.577 0.45 10.56 -1.62 -1.62 0.00
22 -1.6841 -1.5942 0 0.0000 10.485 0.46 10.47 -1.62 -1.62 0.00
23 -1.1055 -1.3015 0 0.0000 10.401 0.47 10.38 -1.62 -1.62 0.00
24 -0.7316 -1.0539 0 0.0000 10.329 0.47 10.31 -1.63 -1.62 0.00
25 -0.3045 -0.8918 0 0.0000 10.274 0.47 10.25 -1.63 -1.62 0.00
26 -0.1238 -0.8361 0 0.0000 10.237 0.47 10.21 -1.63 -1.62 0.00
27 -0.5217 -1.0799 0 0.0000 10.219 0.47 10.19 -1.63 -1.62 0.00
28 -0.4143 -1.0738 0 0.0000 10.217 0.46 10.19 -1.62 -1.62 0.00
29 -0.3130 -0.9970 0 0.0000 10.232 0.46 10.21 -1.62 -1.62 0.00
30 -0.3898 -1.0028 0 0.0000 10.262 0.45 10.24 -1.62 -1.62 0.00
31 -0.7326 -1.1214 0 0.0000 10.306 0.44 10.28 -1.62 -1.62 0.00
32 -1.1427 -1.2800 0 0.0000 10.363 0.43 10.34 -1.61 -1.62 0.00
33 -1.3891 -1.3910 0 0.0000 10.428 0.42 10.40 -1.61 -1.62 0.00
34 -1.5785 -1.3295 0 0.0000 10.496 0.41 10.47 -1.61 -1.62 0.00
35 -1.3240 -0.9289 0 0.0000 10.562 0.40 10.54 -1.61 -1.62 0.00
36 -0.3786 -0.4003 0 0.0000 10.622 0.40 10.60 -1.62 -1.61 0.00
37 -0.0362 -0.0793 0 0.0000 10.668 0.39 10.64 -1.61 -1.61 0.00
38 -0.2402 -0.1826 0 0.0000 10.697 0.39 10.67 -1.61 -1.61 0.00
39 -0.2893 -0.1901 0 0.0000 10.707 0.38 10.68 -1.61 -1.61 0.00
40 -0.4551 -0.2864 0 0.0000 10.699 0.37 10.67 -1.61 -1.61 0.00
41 -0.7719 -0.5494 0 0.0000 10.671 0.36 10.64 -1.61 -1.61 0.00
42 -1.2774 -1.0121 0 0.0000 10.629 0.36 10.60 -1.61 -1.61 0.00
43 -1.6294 -1.3955 0 0.0000 10.575 0.35 10.55 -1.61 -1.61 0.00
44 -1.2537 -1.2780 0 0.0000 10.518 0.34 10.49 -1.61 -1.61 0.00
45 -0.6717 -0.9484 0 0.0000 10.464 0.33 10.43 -1.61 -1.61 0.00
46 -0.3491 -0.6227 0 0.0000 10.420 0.33 10.39 -1.61 -1.61 0.00
47 -0.3216 -0.6549 0 0.0000 10.391 0.33 10.36 -1.61 -1.61 0.00
48 -0.2701 -0.7639 0 0.0000 10.377 0.32 10.35 -1.61 -1.61 0.00
49 -0.2934 -0.7697 0 0.0000 10.375 0.32 10.34 -1.61 -1.61 0.00
50 -0.3117 -0.7666 0 0.0000 10.386 0.32 10.35 -1.61 -1.61 0.00
51 -0.5973 -0.9072 0 0.0000 10.409 0.32 10.38 -1.61 -1.61 0.00
52 -0.9444 -1.0765 0 0.0000 10.442 0.31 10.41 -1.61 -1.61 0.00
53 -1.1603 -1.1127 0 0.0000 10.482 0.31 10.45 -1.61 -1.61 0.00
54 -1.2909 -1.1678 0 0.0000 10.525 0.31 10.49 -1.61 -1.61 0.00
55 -1.3226 -1.2158 0 0.0000 10.567 0.30 10.53 -1.61 -1.61 0.00
56 -1.3745 -1.0551 0 0.0000 10.607 0.30 10.57 -1.61 -1.61 0.00
57 -1.3038 -0.8750 0 0.0000 10.642 0.30 10.61 -1.61 -1.61 0.01
58 -0.4081 -0.2988 0 0.0000 10.669 0.30 10.63 -1.61 -1.60 0.01
59 -0.4867 -0.3800 0 0.0000 10.683 0.30 10.65 -1.61 -1.60 0.01
60 -0.2909 -0.2743 0 0.0000 10.682 0.30 10.64 -1.61 -1.60 0.01
61 -0.7372 -0.5984 0 0.0000 10.663 0.29 10.62 -1.61 -1.60 0.01
62 -1.3025 -1.0460 0 0.0000 10.630 0.29 10.59 -1.61 -1.60 0.01
63 -1.1374 -1.1592 0 0.0000 10.588 0.28 10.55 -1.61 -1.60 0.01
64 -0.8251 -0.8689 0 0.0000 10.544 0.28 10.50 -1.61 -1.60 0.01
65 -0.5060 -0.7739 0 0.0000 10.504 0.27 10.46 -1.61 -1.60 0.01
66 -0.3024 -0.6475 0 0.0000 10.473 0.27 10.43 -1.61 -1.60 0.01
67 -0.0736 -0.5082 0 0.0000 10.453 0.26 10.41 -1.61 -1.60 0.01
68 -0.0601 -0.5206 0 0.0000 10.444 0.26 10.40 -1.61 -1.60 0.01
69 -0.1469 -0.5993 0 0.0000 10.447 0.26 10.40 -1.61 -1.60 0.01
70 -0.3205 -0.7226 0 0.0000 10.461 0.26 10.41 -1.61 -1.60 0.01
71 -0.3970 -0.7249 0 0.0000 10.485 0.26 10.44 -1.61 -1.60 0.01
72 -0.5410 -0.7230 0 0.0000 10.516 0.26 10.47 -1.61 -1.60 0.01
73 -0.7333 -0.7413 0 0.0000 10.552 0.25 10.50 -1.61 -1.60 0.01
74 -1.0565 -0.7812 0 0.0000 10.590 0.25 10.54 -1.61 -1.60 0.01
75 -1.1837 -0.7540 0 0.0000 10.625 0.25 10.58 -1.61 -1.60 0.01
76 -0.6608 -0.4814 0 0.0000 10.652 0.25 10.60 -1.61 -1.60 0.01
77 -0.7835 -0.5913 0 0.0000 10.665 0.25 10.61 -1.61 -1.60 0.01
78 -0.6655 -0.6242 0 0.0000 10.665 0.25 10.61 -1.61 -1.60 0.01
79 -1.0492 -0.8588 0 0.0000 10.650 0.25 10.60 -1.61 -1.60 0.01
80 -1.3394 -1.1201 0 0.0000 10.623 0.25 10.57 -1.61 -1.60 0.01
81 -0.9146 -1.0486 0 0.0000 10.590 0.25 10.54 -1.61 -1.60 0.01
82 -0.5416 -0.7687 0 0.0000 10.556 0.24 10.50 -1.61 -1.60 0.01
83 -0.2739 -0.6409 0 0.0000 10.527 0.24 10.47 -1.61 -1.60 0.01
84 -0.1453 -0.4984 0 0.0000 10.507 0.24 10.45 -1.61 -1.60 0.01
85 -0.1321 -0.5408 0 0.0000 10.496 0.24 10.44 -1.61 -1.60 0.01
86 -0.0353 -0.4423 0 0.0000 10.496 0.23 10.44 -1.61 -1.60 0.01
87 -0.1735 -0.5667 0 0.0000 10.506 0.23 10.45 -1.61 -1.60 0.01
88 -0.2769 -0.6393 0 0.0000 10.525 0.23 10.47 -1.61 -1.60 0.01
89 -0.5140 -0.6326 0 0.0000 10.551 0.23 10.49 -1.61 -1.60 0.01
90 -0.7861 -0.6695 0 0.0000 10.581 0.23 10.52 -1.61 -1.60 0.01
91 -0.9973 -0.8834 0 0.0000 10.612 0.23 10.55 -1.61 -1.60 0.01
92 -1.0641 -0.9643 0 0.0000 10.638 0.23 10.58 -1.61 -1.60 0.01
93 -1.1135 -0.9470 0 0.0000 10.660 0.23 10.60 -1.61 -1.60 0.01
94 -1.1238 -0.9182 0 0.0000 10.677 0.23 10.62 -1.61 -1.60 0.01
95 -1.1890 -0.6770 0 0.0000 10.689 0.23 10.63 -1.61 -1.60 0.01
96 -1.2736 -0.8281 0 0.0000 10.695 0.22 10.63 -1.61 -1.60 0.01
97 -1.2167 -0.9108 0 0.0000 10.692 0.22 10.63 -1.61 -1.60 0.01
98 -1.2481 -0.9595 0 0.0000 10.679 0.22 10.62 -1.61 -1.60 0.01
99 -1.0541 -0.9568 0 0.0000 10.659 0.22 10.59 -1.61 -1.60 0.01
100 -0.8475 -0.7633 0 0.0000 10.634 0.22 10.57 -1.61 -1.60 0.02
101 -0.7004 -0.6317 0 0.0000 10.609 0.22 10.54 -1.61 -1.60 0.01
102 -0.5451 -0.6513 0 0.0000 10.586 0.21 10.52 -1.61 -1.60 0.01
103 -0.3929 -0.6466 0 0.0000 10.568 0.21 10.50 -1.61 -1.60 0.01
104 -0.2041 -0.6040 0 0.0000 10.553 0.21 10.48 -1.61 -1.60 0.01
105 0.0159 -0.3968 0 0.0000 10.544 0.21 10.47 -1.61 -1.60 0.01
106 -0.0374 -0.4742 0 0.0000 10.543 0.20 10.47 -1.61 -1.60 0.01
107 -0.0509 -0.4903 0 0.0000 10.550 0.20 10.48 -1.61 -1.60 0.01
108 -0.1110 -0.4696 0 0.0000 10.564 0.20 10.49 -1.61 -1.60 0.01
109 -0.2564 -0.5183 0 0.0000 10.584 0.20 10.51 -1.61 -1.60 0.02
110 -0.3850 -0.4790 0 0.0000 10.610 0.19 10.54 -1.61 -1.60 0.02
111 -0.6002 -0.5245 0 0.0000 10.639 0.19 10.56 -1.61 -1.59 0.02
112 -0.9400 -0.6959 0 0.0000 10.668 0.19 10.59 -1.61 -1.59 0.02
113 -0.8009 -0.5225 0 0.0000 10.690 0.19 10.61 -1.61 -1.59 0.02
114 -0.8663 -0.6770 0 0.0000 10.703 0.18 10.63 -1.61 -1.59 0.02
115 -0.9339 -0.7294 0 0.0000 10.707 0.18 10.63 -1.61 -1.59 0.02
116 -0.9453 -0.8034 0 0.0000 10.699 0.18 10.62 -1.61 -1.59 0.02
117 -0.8733 -0.8907 0 0.0000 10.681 0.18 10.60 -1.61 -1.59 0.02
118 -0.5942 -0.7379 0 0.0000 10.657 0.17 10.58 -1.61 -1.59 0.02
119 -0.5090 -0.5658 0 0.0000 10.631 0.17 10.55 -1.61 -1.59 0.02
120 -0.3607 -0.5735 0 0.0000 10.607 0.17 10.52 -1.61 -1.59 0.02
121 -0.0888 -0.5125 0 0.0000 10.586 0.17 10.50 -1.61 -1.59 0.02
122 0.0409 -0.3942 0 0.0000 10.570 0.16 10.48 -1.61 -1.59 0.02
123 0.0153 -0.3128 0 0.0000 10.561 0.16 10.47 -1.61 -1.59 0.02
124 0.0487 -0.3828 0 0.0000 10.559 0.16 10.47 -1.61 -1.59 0.02
125 -0.0323 -0.4412 0 0.0000 10.564 0.16 10.48 -1.61 -1.59 0.02
126 -0.0217 -0.4162 0 0.0000 10.574 0.16 10.49 -1.61 -1.59 0.02
127 -0.1604 -0.4672 0 0.0000 10.590 0.16 10.50 -1.61 -1.59 0.02
128 -0.3132 -0.4824 0 0.0000 10.610 0.15 10.52 -1.61 -1.59 0.02
129 -0.5014 -0.4166 0 0.0000 10.633 0.15 10.54 -1.61 -1.59 0.02
130 -0.6637 -0.6530 0 0.0000 10.657 0.15 10.57 -1.61 -1.59 0.02
131 -0.7005 -0.6482 0 0.0000 10.677 0.15 10.59 -1.61 -1.59 0.02
132 -0.8836 -0.5667 0 0.0000 10.689 0.15 10.60 -1.61 -1.59 0.02
133 -0.7735 -0.6233 0 0.0000 10.690 0.14 10.60 -1.61 -1.59 0.02
134 -0.8591 -0.7720 0 0.0000 10.678 0.14 10.59 -1.61 -1.59 0.02
135 -0.7240 -0.8592 0 0.0000 10.656 0.14 10.56 -1.61 -1.59 0.02
136 -0.4707 -0.5713 0 0.0000 10.626 0.13 10.53 -1.61 -1.59 0.02
137 -0.0493 -0.4686 0 0.0000 10.595 0.13 10.50 -1.61 -1.59 0.02
138 0.1880 -0.2908 0 0.0000 10.568 0.13 10.47 -1.61 -1.59 0.02
139 0.0747 -0.2135 0 0.0000 10.548 0.12 10.45 -1.61 -1.59 0.02
140 0.3400 -0.2815 0 0.0000 10.537 0.12 10.44 -1.61 -1.59 0.02
141 0.3636 -0.3008 0 0.0000 10.532 0.12 10.43 -1.61 -1.59 0.02
142 0.1859 -0.2114 0 0.0000 10.535 0.11 10.43 -1.61 -1.59 0.02
143 0.2367 -0.2678 0 0.0000 10.546 0.11 10.44 -1.61 -1.59 0.02
144 0.2935 -0.3039 0 0.0000 10.563 0.10 10.46 -1.61 -1.59 0.02
145 0.0332 -0.2847 0 0.0000 10.586 0.10 10.48 -1.61 -1.59 0.02
146 -0.1224 -0.3903 0 0.0000 10.610 0.09 10.51 -1.61 -1.59 0.02
147 -0.1235 -0.3378 0 0.0000 10.633 0.09 10.53 -1.61 -1.59 0.03
148 -0.4060 -0.5180 0 0.0000 10.651 0.09 10.55 -1.61 -1.58 0.03
149 -0.7241 -0.6253 0 0.0000 10.662 0.08 10.56 -1.61 -1.58 0.02
150 -0.7731 -0.7302 0 0.0000 10.664 0.08 10.56 -1.61 -1.58 0.02
151 -0.4264 -0.6212 0 0.0000 10.655 0.07 10.55 -1.61 -1.58 0.02
152 -0.0653 -0.5340 0 0.0000 10.639 0.07 10.53 -1.61 -1.58 0.03
153 0.1184 -0.3486 0 0.0000 10.619 0.06 10.51 -1.61 -1.58 0.02
154 0.3400 -0.2136 0 0.0000 10.601 0.06 10.49 -1.61 -1.58 0.03
155 0.2708 -0.1796 0 0.0000 10.589 0.06 10.48 -1.61 -1.58 0.03
156 0.3169 -0.2001 0 0.0000 10.584 0.05 10.47 -1.61 -1.58 0.03
157 0.3540 -0.2229 0 0.0000 10.585 0.05 10.47 -1.61 -1.58 0.03
158 0.3163 -0.2002 0 0.0000 10.591 0.04 10.48 -1.61 -1.58 0.03
159 0.0470 -0.2611 0 0.0000 10.602 0.04 10.49 -1.61 -1.58 0.03
160 -0.3443 -0.3232 0 0.0000 10.616 0.04 10.50 -1.61 -1.58 0.03
161 -0.2813 -0.4282 0 0.0000 10.627 0.03 10.52 -1.61 -1.58 0.03
162 -0.3076 -0.3938 0 0.0000 10.631 0.03 10.52 -1.61 -1.58 0.03
163 -0.2916 -0.4182 0 0.0000 10.628 0.03 10.52 -1.61 -1.58 0.03
164 -0.0425 -0.3732 0 0.0000 10.618 0.02 10.50 -1.61 -1.58 0.03
165 0.1085 -0.3661 0 0.0000 10.601 0.02 10.49 -1.61 -1.58 0.03
166 0.2492 -0.2371 0 0.0000 10.582 0.02 10.47 -1.61 -1.58 0.03
167 0.3921 -0.1385 0 0.0000 10.564 0.02 10.45 -1.61 -1.58 0.03
168 0.1292 -0.1563 0 0.0000 10.552 0.02 10.44 -1.61 -1.58 0.03
169 0.4914 -0.0933 0 0.0000 10.547 0.01 10.43 -1.61 -1.58 0.03
170 0.4704 -0.1663 0 0.0000 10.547 0.01 10.43 -1.61 -1.58 0.03
171 0.3287 -0.1564 0 0.0000 10.553 0.01 10.43 -1.61 -1.58 0.03
172 0.1899 -0.1470 0 0.0000 10.565 0.01 10.45 -1.61 -1.58 0.03
173 -0.4416 -0.2689 0 0.0000 10.579 0.00 10.46 -1.61 -1.58 0.03
174 -0.0771 -0.2407 0 0.0000 10.593 -0.00 10.47 -1.61 -1.58 0.03
175 -0.0591 -0.3553 0 0.0000 10.602 -0.00 10.48 -1.61 -1.58 0.03
176 0.0106 -0.3951 0 0.0000 10.605 -0.01 10.48 -1.61 -1.58 0.03
177 0.3323 -0.1919 0 0.0000 10.606 -0.01 10.48 -1.61 -1.58 0.03
178 0.3473 -0.1425 0 0.0000 10.608 -0.01 10.49 -1.61 -1.58 0.03
179 0.3952 -0.1312 0 0.0000 10.614 -0.01 10.49 -1.61 -1.58 0.03
180 0.1094 -0.2027 0 0.0000 10.624 -0.01 10.50 -1.61 -1.58 0.03
181 -0.5518 -0.2979 0 0.0000 10.636 -0.01 10.51 -1.61 -1.58 0.03
182 -0.5194 -0.5292 0 0.0000 10.645 -0.01 10.52 -1.61 -1.58 0.03
183 -0.5549 -0.5440 0 0.0000 10.646 -0.01 10.52 -1.61 -1.58 0.04
184 -0.3398 -0.6031 0 0.0000 10.636 -0.01 10.51 -1.61 -1.58 0.04
185 -0.1334 -0.4359 0 0.0000 10.618 -0.01 10.49 -1.61 -1.58 0.04
186 -0.1133 -0.3835 0 0.0000 10.596 -0.01 10.47 -1.61 -1.58 0.04
187 0.1519 -0.3165 0 0.0000 10.574 -0.01 10.45 -1.61 -1.58 0.04
188 0.4618 -0.1684 0 0.0000 10.553 -0.00 10.43 -1.61 -1.58 0.04
189 0.3030 -0.1702 0 0.0000 10.535 -0.00 10.41 -1.61 -1.58 0.04
190 0.3571 -0.1455 0 0.0000 10.524 -0.00 10.39 -1.61 -1.58 0.04
191 0.4109 -0.0349 0 0.0000 10.518 -0.00 10.39 -1.61 -1.58 0.04
192 0.3667 -0.0413 0 0.0000 10.515 -0.00 10.39 -1.61 -1.58 0.04
193 0.5914 -0.0417 0 0.0000 10.515 -0.00 10.38 -1.61 -1.58 0.04
194 0.5069 -0.0514 0 0.0000 10.517 -0.00 10.39 -1.61 -1.58 0.04
195 0.5111 -0.0204 0 0.0000 10.522 -0.00 10.39 -1.61 -1.58 0.04
196 0.3385 -0.0518 0 0.0000 10.530 -0.01 10.40 -1.61 -1.58 0.04
197 -0.1504 -0.1716 0 0.0000 10.538 -0.01 10.41 -1.61 -1.58 0.04
198 0.1283 -0.1770 0 0.0000 10.544 -0.01 10.41 -1.61 -1.58 0.04
199 0.3276 -0.2602 0 0.0000 10.544 -0.01 10.41 -1.62 -1.58 0.04
200 0.3018 -0.2853 0 0.0000 10.537 -0.01 10.40 -1.62 -1.58 0.04
201 0.5886 -0.1180 0 0.0000 10.529 -0.01 10.40 -1.61 -1.58 0.04
202 0.3076 -0.1005 0 0.0000 10.526 -0.01 10.39 -1.62 -1.58 0.04
203 0.1491 -0.0485 0 0.0000 10.529 -0.01 10.40 -1.61 -1.58 0.04
204 -0.4368 -0.2668 0 0.0000 10.535 -0.01 10.40 -1.61 -1.58 0.04
205 0.1285 -0.2533 0 0.0000 10.537 -0.01 10.40 -1.61 -1.58 0.04
206 -0.0567 -0.4444 0 0.0000 10.534 -0.00 10.40 -1.61 -1.58 0.04
207 0.4544 -0.2362 0 0.0000 10.526 -0.00 10.39 -1.61 -1.58 0.04
208 0.5395 -0.1617 0 0.0000 10.520 -0.00 10.38 -1.61 -1.58 0.04
209 0.4145 -0.1503 0 0.0000 10.518 -0.00 10.38 -1.62 -1.58 0.04
210 0.5534 -0.1585 0 0.0000 10.521 -0.00 10.39 -1.62 -1.58 0.04
211 0.5070 -0.1403 0 0.0000 10.529 0.00 10.39 -1.61 -1.58 0.04
212 0.4150 -0.0753 0 0.0000 10.542 0.00 10.41 -1.61 -1.58 0.04
213 0.1983 -0.1372 0 0.0000 10.557 0.00 10.42 -1.62 -1.58 0.04
214 -0.2509 -0.1870 0 0.0000 10.573 0.00 10.44 -1.62 -1.58 0.04
215 -0.2153 -0.1495 0 0.0000 10.586 0.00 10.45 -1.62 -1.58 0.04
216 -0.5023 -0.5537 0 0.0000 10.590 -0.00 10.45 -1.62 -1.58 0.04
217 -0.2577 -0.4157 0 0.0000 10.584 -0.00 10.45 -1.62 -1.58 0.04
218 0.2203 -0.3449 0 0.0000 10.567 -0.00 10.43 -1.62 -1.58 0.04
219 0.5590 -0.1353 0 0.0000 10.545 -0.00 10.41 -1.62 -1.58 0.04
220 0.4417 -0.0188 0 0.0000 10.525 -0.00 10.39 -1.62 -1.58 0.04
221 0.4908 0.0111 0 0.0000 10.512 -0.00 10.37 -1.62 -1.58 0.04
222 0.1809 0.0661 0 0.0000 10.505 -0.00 10.36 -1.62 -1.58 0.04
223 -0.0019 -0.2276 0 0.0000 10.501 -0.00 10.36 -1.62 -1.58 0.04
224 0.0116 -0.3196 0 0.0000 10.494 -0.00 10.35 -1.62 -1.58 0.04
225 0.5208 -0.2423 0 0.0000 10.485 -0.00 10.34 -1.62 -1.58 0.04
226 0.5637 -0.0813 0 0.0000 10.477 -0.00 10.33 -1.62 -1.58 0.04
227 0.5980 0.0075 0 0.0000 10.475 -0.00 10.33 -1.62 -1.58 0.04
228 0.4999 -0.0768 0 0.0000 10.481 -0.00 10.34 -1.62 -1.58 0.04
229 0.4330 -0.0745 0 0.0000 10.494 -0.00 10.35 -1.62 -1.58 0.04
230 0.4497 -0.0833 0 0.0000 10.514 -0.00 10.37 -1.62 -1.58 0.04
231 0.1428 -0.1446 0 0.0000 10.538 -0.01 10.39 -1.62 -1.58 0.04
232 -0.3023 -0.2780 0 0.0000 10.562 -0.01 10.42 -1.62 -1.58 0.04
233 -0.5225 -0.6005 0 0.0000 10.581 -0.01 10.44 -1.62 -1.58 0.04
234 -0.3799 -0.4960 0 0.0000 10.590 -0.01 10.45 -1.62 -1.58 0.04
235 0.0590 -0.4261 0 0.0000 10.591 -0.01 10.45 -1.62 -1.58 0.04
236 -0.3604 -0.4630 0 0.0000 10.585 -0.00 10.44 -1.62 -1.58 0.04
237 -0.0282 -0.3913 0 0.0000 10.576 -0.00 10.43 -1.62 -1.58 0.04
238 -0.1402 -0.4309 0 0.0000 10.562 -0.00 10.42 -1.62 -1.58 0.04
239 -0.0715 -0.4542 0 0.0000 10.545 -0.00 10.40 -1.62 -1.58 0.04
240 0.4287 -0.2290 0 0.0000 10.525 -0.00 10.38 -1.62 -1.58 0.04
241 0.3692 -0.1364 0 0.0000 10.506 -0.00 10.36 -1.62 -1.58 0.04
242 0.4362 -0.1934 0 0.0000 10.491 -0.00 10.34 -1.62 -1.58 0.04
243 0.4333 -0.1969 0 0.0000 10.481 -0.00 10.33 -1.62 -1.58 0.04
244 0.4412 -0.1431 0 0.0000 10.476 -0.00 10.32 -1.62 -1.58 0.04
245 0.4490 -0.1319 0 0.0000 10.477 -0.00 10.32 -1.62 -1.58 0.04
246 0.4613 -0.1277 0 0.0000 10.482 -0.01 10.33 -1.62 -1.58 0.04
247 0.4106 -0.1456 0 0.0000 10.491 -0.01 10.34 -1.62 -1.58 0.04
248 0.5232 -0.0985 0 0.0000 10.502 -0.01 10.35 -1.62 -1.58 0.05
249 0.4812 -0.1431 0 0.0000 10.513 -0.01 10.36 -1.62 -1.58 0.05
250 0.2760 -0.2305 0 0.0000 10.525 -0.01 10.37 -1.62 -1.58 0.05
251 -0.2947 -0.2160 0 0.0000 10.537 -0.01 10.38 -1.62 -1.58 0.05
252 -0.0867 -0.2046 0 0.0000 10.545 -0.01 10.39 -1.62 -1.58 0.05
253 0.1967 -0.2546 0 0.0000 10.545 -0.01 10.39 -1.62 -1.58 0.05
254 -0.0225 -0.3966 0 0.0000 10.537 -0.02 10.38 -1.62 -1.58 0.05
255 0.5009 -0.1841 0 0.0000 10.526 -0.02 10.37 -1.62 -1.58 0.05
256 0.4148 -0.0898 0 0.0000 10.516 -0.02 10.36 -1.62 -1.58 0.05
257 0.4075 -0.0953 0 0.0000 10.512 -0.02 10.36 -1.62 -1.58 0.05
258 0.4405 -0.0329 0 0.0000 10.512 -0.02 10.36 -1.62 -1.57 0.05
259 0.4774 -0.0820 0 0.0000 10.514 -0.02 10.36 -1.62 -1.57 0.05
260 0.4944 -0.0495 0 0.0000 10.518 -0.02 10.36 -1.62 -1.57 0.05
261 0.5484 -0.1006 0 0.0000 10.524 -0.02 10.37 -1.62 -1.57 0.05
262 0.5670 -0.0803 0 0.0000 10.531 -0.02 10.37 -1.62 -1.57 0.05
263 0.5179 -0.0950 0 0.0000 10.540 -0.02 10.38 -1.62 -1.57 0.05
264 0.4890 -0.0631 0 0.0000 10.552 -0.02 10.39 -1.62 -1.57 0.05
265 0.4347 -0.1617 0 0.0000 10.565 -0.02 10.41 -1.62 -1.57 0.05
266 0.4303 -0.0844 0 0.0000 10.579 -0.03 10.42 -1.62 -1.57 0.05
267 0.3557 -0.0844 0 0.0000 10.595 -0.03 10.44 -1.62 -1.57 0.05
268 0.0297 -0.1089 0 0.0000 10.612 -0.03 10.45 -1.62 -1.57 0.05
269 0.0585 -0.1724 0 0.0000 10.628 -0.03 10.47 -1.62 -1.57 0.05
270 0.0692 -0.2641 0 0.0000 10.636 -0.03 10.48 -1.62 -1.57 0.05
271 0.3184 -0.2458 0 0.0000 10.636 -0.03 10.48 -1.63 -1.57 0.05
272 0.3707 -0.1494 0 0.0000 10.629 -0.03 10.47 -1.63 -1.57 0.05
273 0.3314 -0.0791 0 0.0000 10.622 -0.03 10.46 -1.63 -1.57 0.05
274 0.3544 -0.0853 0 0.0000 10.618 -0.03 10.46 -1.63 -1.57 0.05
275 0.3320 -0.1643 0 0.0000 10.617 -0.03 10.46 -1.63 -1.57 0.05
276 0.1673 -0.1353 0 0.0000 10.617 -0.02 10.46 -1.63 -1.57 0.05
277 -0.1582 -0.2214 0 0.0000 10.616 -0.02 10.46 -1.63 -1.57 0.05
278 0.0487 -0.3142 0 0.0000 10.613 -0.02 10.45 -1.63 -1.57 0.05
279 0.0840 -0.3437 0 0.0000 10.606 -0.02 10.45 -1.63 -1.57 0.05
280 0.2908 -0.2660 0 0.0000 10.596 -0.02 10.43 -1.63 -1.57 0.05
281 0.4087 -0.1251 0 0.0000 10.586 -0.02 10.42 -1.63 -1.57 0.05
282 0.4483 -0.0919 0 0.0000 10.579 -0.02 10.42 -1.63 -1.57 0.05
283 0.4814 0.0131 0 0.0000 10.575 -0.02 10.41 -1.63 -1.58 0.05
284 0.4054 -0.0605 0 0.0000 10.576 -0.02 10.41 -1.63 -1.58 0.05
285 0.2197 -0.0494 0 0.0000 10.581 -0.02 10.42 -1.63 -1.58 0.05
286 -0.1326 -0.1323 0 0.0000 10.585 -0.01 10.42 -1.63 -1.58 0.05
287 0.3709 -0.2286 0 0.0000 10.585 -0.01 10.42 -1.63 -1.58 0.05
288 0.3300 -0.2575 0 0.0000 10.578 -0.01 10.41 -1.63 -1.58 0.05
289 0.4357 -0.0789 0 0.0000 10.569 -0.02 10.40 -1.63 -1.58 0.05
290 0.4661 -0.0685 0 0.0000 10.562 -0.02 10.40 -1.63 -1.58 0.06
291 0.3660 -0.1478 0 0.0000 10.558 -0.02 10.39 -1.63 -1.58 0.06
292 0.4162 -0.1357 0 0.0000 10.556 -0.02 10.39 -1.63 -1.58 0.06
293 0.2646 -0.1672 0 0.0000 10.554 -0.02 10.39 -1.63 -1.58 0.06
294 0.3444 -0.1713 0 0.0000 10.550 -0.02 10.38 -1.63 -1.58 0.06
295 0.3592 -0.1708 0 0.0000 10.547 -0.02 10.38 -1.63 -1.58 0.06
296 0.3891 -0.1610 0 0.0000 10.544 -0.02 10.38 -1.63 -1.58 0.06
297 0.4902 -0.0132 0 0.0000 10.544 -0.02 10.38 -1.63 -1.58 0.06
298 0.5555 -0.0460 0 0.0000 10.547 -0.02 10.38 -1.63 -1.58 0.06
299 0.5544 -0.0391 0 0.0000 10.552 -0.02 10.39 -1.63 -1.58 0.06
300 0.4206 -0.0237 0 0.0000 10.561 -0.02 10.39 -1.63 -1.58 0.06
301 0.3932 -0.0890 0 0.0000 10.574 -0.02 10.41 -1.63 -1.58 0.06
302 0.2293 -0.1110 0 0.0000 10.589 -0.02 10.42 -1.63 -1.58 0.06
303 0.1375 -0.0423 0 0.0000 10.605 -0.01 10.44 -1.63 -1.58 0.06
304 0.0868 -0.2078 0 0.0000 10.618 -0.01 10.45 -1.63 -1.58 0.06
305 0.1857 -0.2036 0 0.0000 10.623 -0.01 10.46 -1.63 -1.58 0.06
306 0.1258 -0.2811 0 0.0000 10.619 -0.01 10.45 -1.63 -1.58 0.06
307 0.2740 -0.2431 0 0.0000 10.611 -0.01 10.44 -1.63 -1.58 0.06
308 0.2101 -0.1933 0 0.0000 10.602 -0.01 10.43 -1.63 -1.58 0.06
309 0.2942 -0.2382 0 0.0000 10.593 -0.01 10.42 -1.63 -1.58 0.06
310 0.3476 -0.1173 0 0.0000 10.586 -0.01 10.42 -1.63 -1.58 0.06
311 0.2574 -0.2257 0 0.0000 10.581 -0.01 10.41 -1.63 -1.58 0.05
312 0.3119 -0.2304 0 0.0000 10.576 -0.01 10.41 -1.63 -1.58 0.06
313 0.4573 -0.1181 0 0.0000 10.571 -0.01 10.40 -1.63 -1.58 0.06
314 0.4325 -0.1029 0 0.0000 10.570 -0.01 10.40 -1.63 -1.58 0.05
315 0.3014 -0.1969 0 0.0000 10.571 -0.01 10.40 -1.63 -1.58 0.06
316 0.2319 -0.1972 0 0.0000 10.575 -0.01 10.40 -1.63 -1.58 0.05
317 0.2242 -0.2169 0 0.0000 10.580 -0.01 10.41 -1.63 -1.58 0.05
318 0.3117 -0.1460 0 0.0000 10.585 -0.01 10.41 -1.63 -1.58 0.05
319 0.0197 -0.2187 0 0.0000 10.590 -0.01 10.42 -1.63 -1.58 0.05
320 0.0057 -0.1776 0 0.0000 10.591 -0.01 10.42 -1.63 -1.58 0.05
321 0.2093 -0.2324 0 0.0000 10.588 -0.01 10.41 -1.63 -1.58 0.06
322 0.3412 -0.2001 0 0.0000 10.580 -0.01 10.41 -1.63 -1.58 0.06
323 0.4249 -0.1062 0 0.0000 10.570 -0.01 10.40 -1.63 -1.58 0.06
324 0.4937 -0.0205 0 0.0000 10.564 -0.01 10.39 -1.63 -1.58 0.06
325 0.4967 -0.0228 0 0.0000 10.562 -0.01 10.39 -1.63 -1.58 0.06
326 0.2474 -0.2074 0 0.0000 10.564 -0.01 10.39 -1.63 -1.58 0.06
327 0.1110 -0.0938 0 0.0000 10.567 -0.01 10.39 -1.63 -1.58 0.06
328 0.0013 -0.2031 0 0.0000 10.569 -0.01 10.39 -1.63 -1.58 0.05
329 0.2521 -0.2857 0 0.0000 10.566 -0.01 10.39 -1.63 -1.58 0.05
330 0.4544 -0.2639 0 0.0000 10.556 -0.01 10.38 -1.63 -1.58 0.06
331 0.7182 0.0338 0 0.0000 10.546 -0.01 10.37 -1.63 -1.58 0.06
332 0.8240 0.1450 0 0.0000 10.539 -0.01 10.36 -1.63 -1.58 0.06
333 0.8904 0.2131 0 0.0000 10.539 -0.01 10.36 -1.63 -1.58 0.06
334 0.6187 0.0877 0 0.0000 10.546 -0.01 10.37 -1.63 -1.58 0.06
335 0.0690 -0.1191 0 0.0000 10.559 -0.01 10.38 -1.63 -1.58 0.06
336 0.1780 -0.1210 0 0.0000 10.571 -0.01 10.39 -1.63 -1.58 0.06
337 0.2877 -0.2085 0 0.0000 10.580 -0.01 10.40 -1.63 -1.58 0.06
338 0.2199 -0.2712 0 0.0000 10.583 -0.01 10.41 -1.63 -1.58 0.06
339 0.2700 -0.2954 0 0.0000 10.584 -0.01 10.41 -1.63 -1.58 0.06
340 0.3558 -0.2121 0 0.0000 10.582 -0.01 10.40 -1.63 -1.58 0.06
341 0.3456 -0.1019 0 0.0000 10.582 -0.01 10.40 -1.63 -1.58 0.06
342 0.3149 -0.1677 0 0.0000 10.585 -0.01 10.41 -1.63 -1.58 0.06
343 0.1407 -0.1826 0 0.0000 10.590 -0.01 10.41 -1.63 -1.58 0.06
344 0.1935 -0.2778 0 0.0000 10.596 -0.01 10.42 -1.63 -1.58 0.06
345 0.1764 -0.2643 0 0.0000 10.601 -0.01 10.42 -1.63 -1.58 0.06
346 0.1790 -0.2978 0 0.0000 10.604 -0.01 10.43 -1.63 -1.58 0.06
347 0.1961 -0.2658 0 0.0000 10.607 -0.01 10.43 -1.63 -1.58 0.06
348 0.0745 -0.2691 0 0.0000 10.609 -0.01 10.43 -1.63 -1.58 0.06
349 0.1468 -0.2585 0 0.0000 10.612 -0.01 10.43 -1.63 -1.58 0.06
350 0.1424 -0.2266 0 0.0000 10.616 -0.01 10.44 -1.63 -1.58 0.06
351 0.1964 -0.2147 0 0.0000 10.618 -0.01 10.44 -1.63 -1.58 0.06
352 0.1659 -0.2359 0 0.0000 10.620 -0.01 10.44 -1.63 -1.58 0.06
353 0.1672 -0.2521 0 0.0000 10.621 -0.01 10.44 -1.64 -1.58 0.06
354 0.1613 -0.2218 0 0.0000 10.622 -0.01 10.44 -1.64 -1.58 0.06
355 0.2445 -0.2086 0 0.0000 10.624 -0.01 10.44 -1.64 -1.58 0.06
356 0.1922 -0.2004 0 0.0000 10.625 -0.01 10.44 -1.64 -1.58 0.06
357 0.2444 -0.2172 0 0.0000 10.627 -0.01 10.45 -1.64 -1.58 0.06
358 0.1977 -0.1988 0 0.0000 10.629 -0.01 10.45 -1.64 -1.58 0.06
359 0.1792 -0.2028 0 0.0000 10.631 -0.01 10.45 -1.64 -1.58 0.06
360 0.0481 -0.2121 0 0.0000 10.632 -0.01 10.45 -1.63 -1.58 0.06
361 -0.2416 -0.1683 0 0.0000 10.632 -0.01 10.45 -1.63 -1.58 0.06
362 -0.0178 -0.3034 0 0.0000 10.626 -0.01 10.44 -1.64 -1.58 0.06
363 0.0133 -0.3316 0 0.0000 10.614 -0.01 10.43 -1.64 -1.58 0.06
364 0.0303 -0.2724 0 0.0000 10.597 -0.01 10.41 -1.64 -1.58 0.06
365 0.0532 -0.2540 0 0.0000 10.581 -0.01 10.40 -1.64 -1.58 0.06
366 0.1812 -0.2775 0 0.0000 10.566 -0.01 10.38 -1.64 -1.58 0.06
367 0.2732 -0.2177 0 0.0000 10.551 -0.01 10.37 -1.64 -1.58 0.06
368 0.3243 -0.1999 0 0.0000 10.538 -0.01 10.35 -1.64 -1.58 0.06
369 0.5315 -0.0944 0 0.0000 10.526 -0.01 10.34 -1.64 -1.58 0.06
370 0.6004 0.0339 0 0.0000 10.517 -0.01 10.33 -1.64 -1.58 0.06
371 0.6929 0.1272 0 0.0000 10.513 -0.01 10.33 -1.64 -1.58 0.06
372 0.5385 0.0656 0 0.0000 10.516 -0.01 10.33 -1.64 -1.58 0.06
373 0.3131 -0.0733 0 0.0000 10.524 -0.01 10.34 -1.63 -1.58 0.06
374 -0.0598 -0.1639 0 0.0000 10.535 -0.01 10.35 -1.63 -1.58 0.06
375 -0.3011 -0.4321 0 0.0000 10.545 -0.01 10.36 -1.63 -1.58 0.06
376 -0.0955 -0.4385 0 0.0000 10.549 -0.01 10.36 -1.63 -1.58 0.06
377 0.0753 -0.3267 0 0.0000 10.547 -0.01 10.36 -1.63 -1.58 0.06
378 0.1749 -0.2611 0 0.0000 10.542 -0.01 10.35 -1.63 -1.58 0.06
379 0.1507 -0.2311 0 0.0000 10.536 -0.01 10.35 -1.63 -1.58 0.06
380 0.1190 -0.2050 0 0.0000 10.531 -0.01 10.34 -1.63 -1.58 0.06
381 0.3102 -0.1783 0 0.0000 10.526 -0.01 10.34 -1.63 -1.58 0.06
382 0.1987 -0.1856 0 0.0000 10.522 -0.01 10.33 -1.63 -1.58 0.06
383 0.1816 -0.1394 0 0.0000 10.519 -0.01 10.33 -1.63 -1.58 0.06
384 0.3081 -0.1539 0 0.0000 10.516 -0.01 10.33 -1.63 -1.58 0.06
385 0.1807 -0.0154 0 0.0000 10.513 -0.01 10.32 -1.63 -1.58 0.06
386 0.0857 -0.1242 0 0.0000 10.508 -0.01 10.32 -1.63 -1.58 0.06
387 0.3194 -0.1650 0 0.0000 10.499 -0.01 10.31 -1.63 -1.58 0.06
388 0.5896 -0.1300 0 0.0000 10.487 -0.01 10.30 -1.63 -1.58 0.06
389 0.7412 0.0666 0 0.0000 10.475 -0.01 10.28 -1.63 -1.58 0.06
390 1.0010 0.2108 0 0.0000 10.468 -0.01 10.28 -1.63 -1.58 0.05
391 0.9733 0.1990 0 0.0000 10.467 -0.01 10.27 -1.63 -1.58 0.06
392 0.9439 0.2364 0 0.0000 10.472 -0.01 10.28 -1.63 -1.58 0.06
393 0.8861 0.2370 0 0.0000 10.485 -0.01 10.29 -1.63 -1.58 0.06
394 0.2790 0.1886 0 0.0000 10.505 -0.02 10.31 -1.63 -1.58 0.05
395 -0.0530 -0.0488 0 0.0000 10.528 -0.02 10.34 -1.63 -1.58 0.05
396 -0.0892 -0.2052 0 0.0000 10.545 -0.02 10.35 -1.63 -1.58 0.05
397 -0.0022 -0.1815 0 0.0000 10.551 -0.02 10.36 -1.63 -1.58 0.05
398 0.0828 -0.1495 0 0.0000 10.546 -0.02 10.36 -1.63 -1.58 0.05
399 0.0828 -0.2905 0 0.0000 10.533 -0.02 10.34 -1.63 -1.58 0.05
400 0.2215 -0.1251 0 0.0000 10.515 -0.02 10.32 -1.63 -1.58 0.05
401 0.2789 -0.1537 0 0.0000 10.496 -0.02 10.30 -1.63 -1.58 0.05
402 0.5763 -0.0732 0 0.0000 10.478 -0.02 10.29 -1.63 -1.58 0.05
403 0.6967 0.0427 0 0.0000 10.463 -0.02 10.27 -1.63 -1.58 0.05
404 0.8215 0.1270 0 0.0000 10.452 -0.02 10.26 -1.63 -1.58 0.05
405 1.0069 0.1840 0 0.0000 10.448 -0.02 10.25 -1.63 -1.58 0.05
406 1.0363 0.1907 0 0.0000 10.449 -0.02 10.26 -1.63 -1.58 0.05
407 1.0975 0.2372 0 0.0000 10.458 -0.02 10.27 -1.63 -1.58 0.05
408 0.9746 0.2623 0 0.0000 10.473 -0.02 10.28 -1.63 -1.58 0.05
409 0.3997 0.1307 0 0.0000 10.496 -0.02 10.30 -1.63 -1.58 0.05
410 0.0260 0.0879 0 0.0000 10.522 -0.02 10.33 -1.63 -1.57 0.05
411 0.3672 -0.1746 0 0.0000 10.543 -0.02 10.35 -1.63 -1.57 0.05
412 0.1988 -0.2336 0 0.0000 10.553 -0.02 10.36 -1.63 -1.57 0.05
413 0.1846 -0.2137 0 0.0000 10.556 -0.02 10.37 -1.63 -1.57 0.05
414 0.2740 -0.2034 0 0.0000 10.556 -0.02 10.37 -1.63 -1.57 0.05
415 0.3735 -0.1919 0 0.0000 10.552 -0.02 10.36 -1.63 -1.57 0.05
416 0.4402 -0.0765 0 0.0000 10.545 -0.02 10.36 -1.63 -1.57 0.05
417 0.4493 -0.0729 0 0.0000 10.539 -0.02 10.35 -1.63 -1.57 0.05
418 0.3445 -0.0800 0 0.0000 10.534 -0.02 10.35 -1.63 -1.57 0.05
419 0.3718 -0.0194 0 0.0000 10.531 -0.02 10.34 -1.63 -1.57 0.05
420 0.2750 0.0032 0 0.0000 10.530 -0.02 10.34 -1.63 -1.57 0.05
421 0.0055 -0.1551 0 0.0000 10.529 -0.02 10.34 -1.63 -1.57 0.05
422 0.0413 -0.2339 0 0.0000 10.525 -0.02 10.33 -1.63 -1.57 0.05
423 0.3491 -0.2236 0 0.0000 10.514 -0.02 10.32 -1.63 -1.57 0.05
424 0.5450 -0.0718 0 0.0000 10.501 -0.02 10.31 -1.63 -1.57 0.05
425 0.9678 0.2201 0 0.0000 10.489 -0.02 10.30 -1.63 -1.57 0.06
426 1.0581 0.2897 0 0.0000 10.484 -0.02 10.29 -1.63 -1.57 0.06
427 1.0285 0.2857 0 0.0000 10.485 -0.02 10.29 -1.63 -1.57 0.06
428 0.8204 0.2263 0 0.0000 10.492 -0.02 10.30 -1.63 -1.57 0.06
429 0.1552 0.0439 0 0.0000 10.506 -0.02 10.32 -1.63 -1.57 0.06
430 0.1114 -0.1206 0 0.0000 10.520 -0.02 10.33 -1.63 -1.57 0.05
431 0.2387 -0.2975 0 0.0000 10.529 -0.02 10.34 -1.63 -1.57 0.05
432 0.4893 -0.1829 0 0.0000 10.532 -0.02 10.34 -1.63 -1.57 0.05
433 0.4482 -0.0377 0 0.0000 10.532 -0.02 10.34 -1.63 -1.57 0.05
434 0.5291 0.0168 0 0.0000 10.534 -0.02 10.35 -1.63 -1.57 0.05
435 0.4955 -0.0599 0 0.0000 10.538 -0.02 10.35 -1.63 -1.57 0.05
436 0.4431 -0.0601 0 0.0000 10.544 -0.02 10.36 -1.63 -1.57 0.05
437 0.1352 -0.0035 0 0.0000 10.549 -0.02 10.36 -1.63 -1.57 0.05
438 0.3350 -0.1256 0 0.0000 10.553 -0.02 10.37 -1.63 -1.57 0.05
439 0.4190 -0.1300 0 0.0000 10.554 -0.02 10.37 -1.63 -1.57 0.05
440 0.4308 -0.0887 0 0.0000 10.554 -0.02 10.37 -1.63 -1.57 0.05
441 0.5392 0.0074 0 0.0000 10.555 -0.02 10.37 -1.63 -1.57 0.05
442 0.3631 -0.0792 0 0.0000 10.560 -0.02 10.37 -1.63 -1.57 0.05
443 0.4603 -0.0810 0 0.0000 10.566 -0.02 10.38 -1.63 -1.57 0.05
444 0.4518 -0.0543 0 0.0000 10.573 -0.02 10.38 -1.63 -1.57 0.05
445 0.3826 -0.0778 0 0.0000 10.581 -0.02 10.39 -1.63 -1.57 0.05
446 0.1548 -0.0816 0 0.0000 10.590 -0.02 10.40 -1.63 -1.57 0.05
447 0.2283 -0.2190 0 0.0000 10.596 -0.02 10.41 -1.63 -1.57 0.06
448 0.0996 -0.2081 0 0.0000 10.598 -0.02 10.41 -1.63 -1.57 0.06
449 0.2170 -0.2028 0 0.0000 10.595 -0.02 10.41 -1.63 -1.57 0.06
450 0.2344 -0.2080 0 0.0000 10.590 -0.02 10.40 -1.63 -1.57 0.06
451 0.2158 -0.2128 0 0.0000 10.584 -0.02 10.40 -1.63 -1.57 0.06
452 0.0833 -0.1960 0 0.0000 10.576 -0.02 10.39 -1.63 -1.57 0.06
453 0.2594 -0.0433 0 0.0000 10.570 -0.02 10.38 -1.63 -1.57 0.06
454 0.2990 -0.1768 0 0.0000 10.562 -0.02 10.37 -1.63 -1.57 0.06
455 0.6158 0.0499 0 0.0000 10.554 -0.02 10.37 -1.63 -1.57 0.06
456 0.7366 0.1762 0 0.0000 10.550 -0.02 10.36 -1.63 -1.57 0.06
457 0.7368 0.1505 0 0.0000 10.551 -0.02 10.36 -1.63 -1.58 0.06
458 0.4445 0.0568 0 0.0000 10.557 -0.02 10.37 -1.63 -1.58 0.06
459 0.2299 -0.0521 0 0.0000 10.566 -0.02 10.38 -1.63 -1.58 0.06
460 -0.1669 -0.1113 0 0.0000 10.576 -0.01 10.39 -1.63 -1.58 0.06
461 0.0831 -0.1800 0 0.0000 10.582 -0.01 10.39 -1.63 -1.58 0.06
462 0.3316 -0.1798 0 0.0000 10.581 -0.01 10.39 -1.63 -1.58 0.06
463 0.3082 -0.1598 0 0.0000 10.575 -0.01 10.39 -1.64 -1.58 0.06
464 0.2932 -0.0407 0 0.0000 10.567 -0.01 10.38 -1.64 -1.58 0.06
465 0.2437 -0.0139 0 0.0000 10.561 -0.01 10.37 -1.63 -1.58 0.06
466 0.0012 -0.1403 0 0.0000 10.555 -0.01 10.37 -1.64 -1.58 0.06
467 0.0485 -0.1418 0 0.0000 10.546 -0.01 10.36 -1.64 -1.58 0.06
468 0.1140 -0.2035 0 0.0000 10.533 -0.01 10.34 -1.64 -1.58 0.06
469 0.4404 -0.2020 0 0.0000 10.514 -0.01 10.32 -1.64 -1.58 0.06
470 0.7047 0.0477 0 0.0000 10.493 -0.01 10.30 -1.64 -1.58 0.06
471 0.9135 0.1777 0 0.0000 10.475 -0.02 10.28 -1.64 -1.58 0.06
472 0.9688 0.2167 0 0.0000 10.464 -0.02 10.27 -1.64 -1.58 0.06
473 0.9768 0.2065 0 0.0000 10.462 -0.02 10.27 -1.64 -1.58 0.07
474 0.9529 0.2187 0 0.0000 10.469 -0.02 10.28 -1.64 -1.58 0.07
475 0.7570 0.2935 0 0.0000 10.484 -0.02 10.29 -1.64 -1.58 0.07
476 0.2077 -0.0255 0 0.0000 10.505 -0.02 10.31 -1.64 -1.58 0.07
477 -0.0716 -0.0956 0 0.0000 10.526 -0.02 10.34 -1.64 -1.57 0.07
478 0.0645 -0.2600 0 0.0000 10.542 -0.02 10.35 -1.64 -1.57 0.07
479 0.0987 -0.2305 0 0.0000 10.550 -0.02 10.36 -1.64 -1.57 0.07
480 0.2472 -0.1942 0 0.0000 10.552 -0.02 10.36 -1.64 -1.57 0.07
481 0.3426 -0.1809 0 0.0000 10.551 -0.02 10.36 -1.64 -1.57 0.07
482 0.4149 -0.0076 0 0.0000 10.551 -0.02 10.36 -1.64 -1.57 0.07
483 0.3437 -0.0826 0 0.0000 10.553 -0.02 10.36 -1.64 -1.57 0.07
484 0.1711 -0.1275 0 0.0000 10.554 -0.02 10.36 -1.64 -1.57 0.07
485 0.0492 -0.0808 0 0.0000 10.554 -0.02 10.36 -1.64 -1.58 0.07
486 0.4062 -0.0935 0 0.0000 10.550 -0.02 10.36 -1.64 -1.58 0.07
487 0.4781 -0.1461 0 0.0000 10.543 -0.02 10.35 -1.64 -1.58 0.07
488 0.4758 0.0164 0 0.0000 10.534 -0.02 10.34 -1.64 -1.58 0.07
489 0.3085 -0.1227 0 0.0000 10.526 -0.02 10.34 -1.64 -1.58 0.07
490 0.2695 -0.0248 0 0.0000 10.520 -0.02 10.33 -1.64 -1.58 0.07
491 0.2379 -0.1123 0 0.0000 10.513 -0.02 10.32 -1.64 -1.58 0.07
492 0.4427 -0.1497 0 0.0000 10.502 -0.02 10.31 -1.64 -1.58 0.07
493 0.3412 -0.1596 0 0.0000 10.490 -0.02 10.30 -1.64 -1.58 0.07
494 0.6142 0.0131 0 0.0000 10.479 -0.02 10.29 -1.64 -1.58 0.07
495 0.6227 0.0374 0 0.0000 10.471 -0.02 10.28 -1.64 -1.58 0.07
496 0.6208 0.0471 0 0.0000 10.467 -0.02 10.27 -1.64 -1.58 0.07
497 0.5326 0.0568 0 0.0000 10.467 -0.02 10.27 -1.64 -1.58 0.07
498 0.2499 0.0467 0 0.0000 10.471 -0.02 10.28 -1.64 -1.57 0.07
499 0.2227 0.0409 0 0.0000 10.477 -0.02 10.29 -1.64 -1.57 0.07
500 0.2940 -0.0711 0 0.0000 10.480 -0.02 10.29 -1.64 -1.57 0.07
501 0.5419 -0.1285 0 0.0000 10.476 -0.02 10.28 -1.64 -1.57 0.07
502 0.4941 -0.0884 0 0.0000 10.467 -0.02 10.28 -1.64 -1.57 0.07
503 0.5001 -0.0666 0 0.0000 10.458 -0.02 10.27 -1.64 -1.57 0.07
504 0.5992 -0.0275 0 0.0000 10.450 -0.02 10.26 -1.64 -1.57 0.07
505 0.6200 0.0668 0 0.0000 10.446 -0.02 10.25 -1.64 -1.57 0.07
506 0.6373 0.0809 0 0.0000 10.446 -0.02 10.25 -1.64 -1.57 0.07
507 0.6795 0.0802 0 0.0000 10.451 -0.02 10.26 -1.64 -1.57 0.07
508 0.6316 0.0286 0 0.0000 10.460 -0.02 10.27 -1.64 -1.57 0.07
509 0.4221 0.0609 0 0.0000 10.472 -0.02 10.28 -1.64 -1.57 0.07
510 0.2877 -0.0520 0 0.0000 10.486 -0.02 10.30 -1.64 -1.57 0.07
511 0.4948 -0.0569 0 0.0000 10.498 -0.02 10.31 -1.64 -1.57 0.07
512 0.4538 -0.0759 0 0.0000 10.505 -0.02 10.32 -1.64 -1.57 0.07
513 0.5711 -0.0557 0 0.0000 10.509 -0.02 10.32 -1.64 -1.57 0.07
514 0.3660 -0.1025 0 0.0000 10.511 -0.02 10.32 -1.64 -1.57 0.07
515 0.1737 -0.0796 0 0.0000 10.513 -0.02 10.32 -1.65 -1.57 0.07
516 0.2747 -0.0694 0 0.0000 10.516 -0.02 10.33 -1.64 -1.57 0.07
517 0.1796 -0.1493 0 0.0000 10.517 -0.02 10.33 -1.64 -1.57 0.07
518 0.3359 -0.1380 0 0.0000 10.511 -0.02 10.32 -1.64 -1.57 0.07
519 0.4813 -0.1073 0 0.0000 10.501 -0.02 10.31 -1.64 -1.57 0.07
520 0.6020 0.0537 0 0.0000 10.490 -0.02 10.30 -1.64 -1.57 0.07
521 0.5811 0.0426 0 0.0000 10.483 -0.02 10.29 -1.64 -1.57 0.07
522 0.5524 0.0088 0 0.0000 10.480 -0.02 10.29 -1.64 -1.57 0.07
523 0.4048 -0.0841 0 0.0000 10.480 -0.02 10.29 -1.65 -1.57 0.07
524 0.6091 -0.0269 0 0.0000 10.482 -0.02 10.29 -1.64 -1.57 0.07
525 0.3349 -0.1262 0 0.0000 10.483 -0.02 10.29 -1.64 -1.57 0.07
526 0.4369 -0.1125 0 0.0000 10.485 -0.02 10.29 -1.64 -1.57 0.07
527 0.4058 -0.0172 0 0.0000 10.487 -0.02 10.30 -1.64 -1.57 0.07
528 0.6500 -0.0447 0 0.0000 10.488 -0.03 10.30 -1.65 -1.57 0.07
529 0.3634 -0.1080 0 0.0000 10.488 -0.03 10.30 -1.64 -1.57 0.07
530 0.5866 -0.0595 0 0.0000 10.488 -0.03 10.30 -1.65 -1.57 0.07
531 0.4008 -0.0739 0 0.0000 10.488 -0.03 10.30 -1.65 -1.57 0.07
532 0.4619 -0.0641 0 0.0000 10.489 -0.03 10.30 -1.65 -1.57 0.07
533 0.4980 -0.0687 0 0.0000 10.492 -0.03 10.30 -1.65 -1.57 0.07
534 0.3788 -0.0867 0 0.0000 10.496 -0.03 10.30 -1.65 -1.57 0.07
535 0.3967 -0.0364 0 0.0000 10.501 -0.03 10.31 -1.65 -1.57 0.07
536 0.6502 -0.0218 0 0.0000 10.507 -0.03 10.31 -1.65 -1.57 0.07
537 0.3449 -0.0712 0 0.0000 10.511 -0.03 10.32 -1.65 -1.57 0.07
538 0.4438 -0.0402 0 0.0000 10.516 -0.03 10.32 -1.65 -1.57 0.07
539 0.4520 -0.0020 0 0.0000 10.521 -0.03 10.33 -1.65 -1.57 0.07
540 0.5531 -0.0211 0 0.0000 10.525 -0.03 10.33 -1.65 -1.57 0.07
541 0.5145 0.1514 0 0.0000 10.530 -0.03 10.34 -1.65 -1.57 0.07
542 0.2692 0.1253 0 0.0000 10.538 -0.03 10.35 -1.65 -1.57 0.08
543 0.1248 -0.2261 0 0.0000 10.544 -0.03 10.35 -1.65 -1.57 0.08
544 0.1290 -0.1274 0 0.0000 10.543 -0.03 10.35 -1.65 -1.57 0.08
545 0.3151 -0.0510 0 0.0000 10.536 -0.03 10.34 -1.65 -1.57 0.08
546 0.5371 -0.0166 0 0.0000 10.527 -0.03 10.33 -1.65 -1.57 0.08
547 0.6033 -0.0505 0 0.0000 10.518 -0.03 10.32 -1.65 -1.57 0.08
548 0.5611 -0.0109 0 0.0000 10.508 -0.03 10.31 -1.65 -1.57 0.08
549 0.6132 0.1099 0 0.0000 10.500 -0.03 10.31 -1.65 -1.57 0.08
550 0.6371 0.0831 0 0.0000 10.495 -0.04 10.30 -1.65 -1.57 0.08
551 0.6147 0.1106 0 0.0000 10.494 -0.04 10.30 -1.65 -1.57 0.08
552 0.3118 0.0225 0 0.0000 10.496 -0.04 10.30 -1.65 -1.57 0.08
553 -0.0347 -0.0663 0 0.0000 10.497 -0.04 10.30 -1.65 -1.57 0.08
554 0.3775 -0.1430 0 0.0000 10.493 -0.04 10.30 -1.65 -1.57 0.08
555 0.5192 -0.0827 0 0.0000 10.484 -0.04 10.29 -1.65 -1.57 0.08
556 0.6106 -0.0866 0 0.0000 10.475 -0.04 10.28 -1.65 -1.57 0.08
557 0.5530 -0.0596 0 0.0000 10.464 -0.04 10.27 -1.65 -1.57 0.08
558 0.5980 0.0720 0 0.0000 10.456 -0.04 10.26 -1.65 -1.57 0.08
559 0.6289 0.0182 0 0.0000 10.451 -0.04 10.25 -1.65 -1.57 0.08
560 0.6290 0.0942 0 0.0000 10.449 -0.04 10.25 -1.65 -1.57 0.08
561 0.4266 -0.0398 0 0.0000 10.450 -0.04 10.25 -1.65 -1.57 0.08
562 0.4713 -0.0637 0 0.0000 10.453 -0.04 10.26 -1.65 -1.57 0.08
563 0.5630 -0.0688 0 0.0000 10.456 -0.04 10.26 -1.65 -1.57 0.08
564 0.4419 -0.0829 0 0.0000 10.458 -0.04 10.26 -1.65 -1.57 0.08
565 0.6090 0.0122 0 0.0000 10.462 -0.04 10.27 -1.65 -1.57 0.08
566 0.4515 0.0506 0 0.0000 10.468 -0.04 10.27 -1.66 -1.57 0.08
567 0.3356 0.0138 0 0.0000 10.474 -0.04 10.28 -1.66 -1.57 0.08
568 0.4632 -0.0687 0 0.0000 10.476 -0.04 10.28 -1.66 -1.57 0.08
569 0.4200 -0.0880 0 0.0000 10.472 -0.04 10.28 -1.66 -1.57 0.09
570 0.7217 -0.0587 0 0.0000 10.465 -0.04 10.27 -1.66 -1.57 0.09
571 0.4758 0.0891 0 0.0000 10.457 -0.04 10.26 -1.66 -1.57 0.09
572 0.4175 0.0767 0 0.0000 10.454 -0.04 10.26 -1.66 -1.57 0.09
573 0.3417 0.0380 0 0.0000 10.453 -0.03 10.26 -1.66 -1.57 0.09
574 0.1978 -0.2254 0 0.0000 10.448 -0.03 10.25 -1.66 -1.57 0.08
575 0.4911 -0.0597 0 0.0000 10.438 -0.04 10.24 -1.66 -1.57 0.08
576 0.5882 -0.0301 0 0.0000 10.424 -0.04 10.23 -1.66 -1.57 0.08
577 0.7432 0.0903 0 0.0000 10.414 -0.04 10.22 -1.66 -1.57 0.08
578 0.8346 0.1757 0 0.0000 10.410 -0.04 10.21 -1.66 -1.57 0.09
579 0.6477 0.0951 0 0.0000 10.413 -0.04 10.22 -1.66 -1.57 0.09
580 0.3564 -0.0092 0 0.0000 10.423 -0.04 10.23 -1.66 -1.57 0.09
581 -0.0746 -0.1470 0 0.0000 10.435 -0.04 10.24 -1.66 -1.57 0.09
582 0.4599 -0.1985 0 0.0000 10.444 -0.04 10.25 -1.66 -1.57 0.09
583 0.4280 -0.1252 0 0.0000 10.444 -0.03 10.25 -1.66 -1.57 0.09
584 0.5082 -0.1283 0 0.0000 10.441 -0.03 10.25 -1.66 -1.57 0.09
585 0.5273 0.0397 0 0.0000 10.439 -0.03 10.24 -1.66 -1.57 0.09
586 0.6317 -0.0225 0 0.0000 10.441 -0.03 10.25 -1.66 -1.57 0.09
587 0.5653 0.0175 0 0.0000 10.446 -0.03 10.25 -1.66 -1.57 0.08
588 0.5661 0.0087 0 0.0000 10.454 -0.03 10.26 -1.66 -1.57 0.08
589 0.5518 0.0405 0 0.0000 10.465 -0.03 10.27 -1.66 -1.57 0.08
590 0.5871 0.1807 0 0.0000 10.477 -0.03 10.28 -1.66 -1.57 0.08
591 0.5249 -0.0093 0 0.0000 10.488 -0.03 10.29 -1.66 -1.57 0.08
592 0.8293 0.0283 0 0.0000 10.496 -0.03 10.30 -1.66 -1.57 0.08
593 0.4517 -0.0351 0 0.0000 10.503 -0.03 10.31 -1.66 -1.57 0.08
594 0.1637 -0.0017 0 0.0000 10.510 -0.03 10.32 -1.66 -1.57 0.08
595 -0.3106 -0.1388 0 0.0000 10.515 -0.03 10.32 -1.66 -1.57 0.08
596 0.4449 -0.0729 0 0.0000 10.512 -0.03 10.32 -1.66 -1.57 0.08
597 0.1581 -0.1910 0 0.0000 10.498 -0.03 10.30 -1.65 -1.57 0.08
598 0.5231 -0.0626 0 0.0000 10.476 -0.03 10.28 -1.66 -1.57 0.08
599 0.6738 0.0352 0 0.0000 10.451 -0.03 10.25 -1.66 -1.57 0.08
