# step wm_danger det_logit danger fire dist_t dx dy yaw tbrg offaxis
0 -3.2576 -0.6619 0 0.0000 12.042 -12.00 -12.00 0.68 0.00 0.68
1 1.0582 0.4452 0 0.0000 12.042 -0.30 12.11 -1.57 -1.57 0.00
2 0.4742 0.8775 0 0.0000 12.042 -0.30 12.11 -1.57 -1.57 0.00
3 0.3756 0.8122 0 0.0000 12.037 -0.30 12.11 -1.57 -1.57 0.00
4 0.3646 0.7808 0 0.0000 12.019 -0.31 12.09 -1.57 -1.57 0.00
5 0.2962 0.7287 0 0.0000 11.987 -0.30 12.06 -1.57 -1.57 0.00
6 0.1849 0.6283 0 0.0000 11.941 -0.29 12.01 -1.57 -1.57 0.00
7 -0.0879 0.4739 0 0.0000 11.882 -0.27 11.95 -1.56 -1.57 0.01
8 -0.3081 0.3132 0 0.0000 11.813 -0.25 11.88 -1.56 -1.57 0.01
9 -0.6462 0.0503 0 0.0000 11.736 -0.23 11.80 -1.56 -1.58 0.01
10 -0.9868 -0.2099 0 0.0000 11.656 -0.21 11.72 -1.56 -1.58 0.02
11 -1.2119 -0.3781 0 0.0000 11.574 -0.18 11.64 -1.56 -1.58 0.02
12 -1.3734 -0.5299 0 0.0000 11.491 -0.14 11.56 -1.57 -1.58 0.01
13 -1.5258 -0.6712 0 0.0000 11.406 -0.10 11.47 -1.57 -1.59 0.01
14 -1.6680 -0.8067 0 0.0000 11.320 -0.06 11.38 -1.58 -1.59 0.01
15 -1.8507 -0.9752 0 0.0000 11.232 -0.01 11.29 -1.58 -1.60 0.01
16 -1.9220 -1.0848 0 0.0000 11.142 0.04 11.20 -1.59 -1.60 0.02
17 -2.1222 -1.2560 0 0.0000 11.052 0.09 11.11 -1.59 -1.61 0.01
18 -2.2368 -1.4127 0 0.0000 10.960 0.14 11.01 -1.60 -1.61 0.01
19 -2.3014 -1.5558 0 0.0000 10.867 0.18 10.92 -1.60 -1.62 0.02
20 -2.3245 -1.6320 0 0.0000 10.773 0.22 10.82 -1.60 -1.62 0.02
21 -2.2590 -1.6922 0 0.0000 10.678 0.26 10.72 -1.60 -1.62 0.02
22 -2.0435 -1.7180 0 0.0000 10.584 0.28 10.62 -1.60 -1.63 0.02
23 -1.8983 -1.5703 0 0.0000 10.492 0.31 10.53 -1.61 -1.63 0.02
24 -1.5132 -1.4389 0 0.0000 10.409 0.32 10.45 -1.61 -1.63 0.02
25 -1.0317 -1.2344 0 0.0000 10.338 0.33 10.37 -1.61 -1.63 0.02
26 -0.4003 -0.9566 0 0.0000 10.280 0.34 10.31 -1.61 -1.63 0.02
27 0.1754 -0.6049 0 0.0000 10.238 0.35 10.27 -1.61 -1.63 0.02
28 0.2599 -0.5719 0 0.0000 10.215 0.35 10.25 -1.61 -1.63 0.02
29 0.2004 -0.6039 0 0.0000 10.212 0.35 10.24 -1.61 -1.63 0.03
30 0.0247 -0.6348 0 0.0000 10.228 0.35 10.26 -1.61 -1.63 0.02
31 -0.2398 -0.7665 0 0.0000 10.261 0.35 10.29 -1.61 -1.63 0.03
32 -1.0660 -0.9828 0 0.0000 10.308 0.34 10.34 -1.61 -1.63 0.03
33 -0.7178 -0.8703 0 0.0000 10.362 0.33 10.39 -1.60 -1.63 0.03
34 -1.1798 -1.1161 0 0.0000 10.415 0.33 10.45 -1.60 -1.63 0.03
35 -0.5587 -0.7533 0 0.0000 10.461 0.32 10.49 -1.60 -1.63 0.03
36 -1.1335 -0.9897 0 0.0000 10.498 0.32 10.53 -1.60 -1.63 0.03
37 -0.9302 -0.8086 0 0.0000 10.527 0.32 10.56 -1.60 -1.63 0.03
38 -0.9690 -0.7903 0 0.0000 10.546 0.31 10.58 -1.60 -1.63 0.03
39 -1.0024 -0.8191 0 0.0000 10.554 0.31 10.58 -1.60 -1.63 0.03
40 -1.2389 -1.0223 0 0.0000 10.551 0.31 10.58 -1.60 -1.63 0.03
41 -1.4462 -1.2704 0 0.0000 10.538 0.30 10.57 -1.60 -1.63 0.03
42 -1.7627 -1.4848 0 0.0000 10.517 0.30 10.54 -1.60 -1.63 0.03
43 -1.9054 -1.5818 0 0.0000 10.494 0.30 10.52 -1.60 -1.63 0.02
44 -1.6494 -1.4497 0 0.0000 10.470 0.30 10.50 -1.60 -1.63 0.03
45 -1.5835 -1.4060 0 0.0000 10.451 0.30 10.48 -1.60 -1.63 0.03
46 -1.5047 -1.3567 0 0.0000 10.436 0.30 10.46 -1.60 -1.63 0.03
47 -1.4806 -1.3459 0 0.0000 10.427 0.30 10.45 -1.60 -1.63 0.03
48 -1.4915 -1.3796 0 0.0000 10.425 0.30 10.45 -1.60 -1.63 0.03
49 -1.5595 -1.4242 0 0.0000 10.428 0.30 10.45 -1.60 -1.63 0.03
50 -1.5524 -1.4104 0 0.0000 10.434 0.30 10.45 -1.60 -1.63 0.03
51 -1.6166 -1.4943 0 0.0000 10.443 0.31 10.46 -1.60 -1.63 0.03
52 -1.5703 -1.4487 0 0.0000 10.455 0.31 10.47 -1.60 -1.63 0.03
53 -1.4855 -1.3704 0 0.0000 10.469 0.31 10.49 -1.60 -1.63 0.03
54 -1.4907 -1.3440 0 0.0000 10.485 0.31 10.50 -1.60 -1.63 0.03
55 -1.6135 -1.4238 0 0.0000 10.504 0.31 10.52 -1.60 -1.63 0.03
56 -1.7505 -1.4372 0 0.0000 10.525 0.31 10.54 -1.60 -1.63 0.03
57 -1.7645 -1.3817 0 0.0000 10.546 0.31 10.56 -1.60 -1.63 0.03
58 -1.7333 -1.4013 0 0.0000 10.566 0.31 10.58 -1.60 -1.63 0.03
59 -1.7878 -1.3934 0 0.0000 10.582 0.31 10.59 -1.60 -1.63 0.03
60 -1.7727 -1.3629 0 0.0000 10.595 0.31 10.61 -1.60 -1.63 0.03
61 -1.7295 -1.3027 0 0.0000 10.602 0.32 10.61 -1.60 -1.63 0.03
62 -1.7756 -1.3458 0 0.0000 10.603 0.32 10.61 -1.60 -1.63 0.03
63 -1.7604 -1.3640 0 0.0000 10.598 0.32 10.61 -1.60 -1.63 0.03
64 -1.7526 -1.4097 0 0.0000 10.586 0.32 10.59 -1.60 -1.63 0.03
65 -1.7575 -1.4223 0 0.0000 10.571 0.31 10.58 -1.60 -1.63 0.03
66 -1.7751 -1.4146 0 0.0000 10.554 0.31 10.56 -1.60 -1.63 0.03
67 -1.6864 -1.4048 0 0.0000 10.536 0.31 10.54 -1.60 -1.63 0.03
68 -1.4450 -1.2304 0 0.0000 10.518 0.31 10.52 -1.60 -1.63 0.03
69 -1.3930 -1.1871 0 0.0000 10.504 0.31 10.51 -1.60 -1.63 0.03
70 -1.4327 -1.2430 0 0.0000 10.493 0.31 10.50 -1.60 -1.63 0.03
71 -1.3538 -1.1988 0 0.0000 10.485 0.30 10.49 -1.60 -1.63 0.03
72 -1.3342 -1.2034 0 0.0000 10.481 0.30 10.48 -1.60 -1.63 0.03
73 -1.3363 -1.2095 0 0.0000 10.480 0.30 10.48 -1.60 -1.63 0.03
74 -1.3216 -1.1879 0 0.0000 10.482 0.30 10.48 -1.59 -1.63 0.03
75 -1.2962 -1.1513 0 0.0000 10.487 0.30 10.49 -1.59 -1.63 0.03
76 -1.3699 -1.1943 0 0.0000 10.496 0.30 10.49 -1.60 -1.63 0.03
77 -1.5116 -1.2738 0 0.0000 10.506 0.30 10.50 -1.59 -1.63 0.03
78 -1.6017 -1.3033 0 0.0000 10.517 0.30 10.51 -1.59 -1.63 0.03
79 -1.6188 -1.3373 0 0.0000 10.527 0.30 10.52 -1.60 -1.63 0.03
80 -1.6232 -1.3132 0 0.0000 10.536 0.30 10.53 -1.59 -1.63 0.03
81 -1.6520 -1.3804 0 0.0000 10.543 0.30 10.54 -1.59 -1.63 0.03
82 -1.6492 -1.3573 0 0.0000 10.547 0.30 10.54 -1.59 -1.63 0.03
83 -1.4417 -1.2215 0 0.0000 10.548 0.30 10.54 -1.59 -1.63 0.03
84 -1.2305 -1.0949 0 0.0000 10.549 0.29 10.54 -1.59 -1.63 0.03
85 -1.1779 -1.0251 0 0.0000 10.551 0.29 10.54 -1.59 -1.63 0.03
86 -1.2715 -1.0702 0 0.0000 10.554 0.29 10.54 -1.59 -1.63 0.03
87 -1.3862 -1.1415 0 0.0000 10.558 0.29 10.55 -1.59 -1.63 0.03
88 -1.4045 -1.1679 0 0.0000 10.561 0.29 10.55 -1.59 -1.63 0.03
89 -1.2001 -1.0526 0 0.0000 10.564 0.29 10.55 -1.59 -1.63 0.03
90 -1.1761 -1.0186 0 0.0000 10.566 0.29 10.55 -1.59 -1.63 0.03
91 -1.2063 -1.0051 0 0.0000 10.569 0.29 10.55 -1.59 -1.63 0.03
92 -1.4175 -1.1903 0 0.0000 10.571 0.29 10.55 -1.59 -1.63 0.03
93 -1.3985 -1.1915 0 0.0000 10.571 0.29 10.55 -1.59 -1.63 0.03
94 -1.0964 -0.9799 0 0.0000 10.568 0.28 10.55 -1.59 -1.63 0.03
95 -1.0178 -0.9237 0 0.0000 10.566 0.28 10.54 -1.59 -1.63 0.03
96 -1.0613 -0.9468 0 0.0000 10.564 0.28 10.54 -1.59 -1.63 0.03
97 -1.2287 -1.0413 0 0.0000 10.563 0.28 10.54 -1.59 -1.63 0.03
98 -1.1992 -1.0333 0 0.0000 10.560 0.27 10.54 -1.59 -1.63 0.03
99 -1.1022 -0.9597 0 0.0000 10.557 0.27 10.53 -1.59 -1.63 0.03
100 -1.1289 -0.9988 0 0.0000 10.552 0.27 10.53 -1.59 -1.63 0.03
101 -1.0085 -0.9123 0 0.0000 10.545 0.27 10.52 -1.59 -1.62 0.03
102 -0.9014 -0.8854 0 0.0000 10.536 0.27 10.51 -1.59 -1.62 0.03
103 -0.8926 -0.8659 0 0.0000 10.527 0.26 10.50 -1.59 -1.62 0.03
104 -0.8909 -0.8797 0 0.0000 10.520 0.26 10.49 -1.59 -1.62 0.03
105 -0.8704 -0.8691 0 0.0000 10.518 0.26 10.49 -1.59 -1.62 0.03
106 -0.8130 -0.8241 0 0.0000 10.518 0.26 10.49 -1.59 -1.62 0.03
107 -0.7695 -0.7839 0 0.0000 10.521 0.25 10.49 -1.59 -1.62 0.03
108 -0.8578 -0.8308 0 0.0000 10.526 0.25 10.49 -1.59 -1.62 0.03
109 -0.8101 -0.7759 0 0.0000 10.532 0.25 10.50 -1.59 -1.62 0.03
110 -0.8145 -0.7181 0 0.0000 10.538 0.25 10.50 -1.59 -1.62 0.03
111 -0.9205 -0.8512 0 0.0000 10.546 0.25 10.51 -1.59 -1.62 0.03
112 -1.0336 -0.8868 0 0.0000 10.552 0.24 10.52 -1.60 -1.62 0.03
113 -0.9062 -0.7767 0 0.0000 10.557 0.24 10.52 -1.59 -1.62 0.03
114 -1.1320 -0.9956 0 0.0000 10.558 0.24 10.52 -1.59 -1.62 0.03
115 -0.9087 -0.7969 0 0.0000 10.555 0.24 10.52 -1.59 -1.62 0.03
116 -0.9433 -0.8379 0 0.0000 10.550 0.24 10.51 -1.59 -1.62 0.03
117 -0.8433 -0.7991 0 0.0000 10.543 0.23 10.50 -1.59 -1.62 0.03
118 -0.7557 -0.7199 0 0.0000 10.535 0.23 10.49 -1.59 -1.62 0.03
119 -0.7321 -0.7295 0 0.0000 10.527 0.23 10.49 -1.59 -1.62 0.03
120 -0.7034 -0.7677 0 0.0000 10.522 0.23 10.48 -1.59 -1.62 0.03
121 -0.6593 -0.7637 0 0.0000 10.519 0.22 10.48 -1.59 -1.62 0.03
122 -0.6252 -0.6538 0 0.0000 10.520 0.22 10.48 -1.59 -1.62 0.03
123 -0.5672 -0.5840 0 0.0000 10.521 0.22 10.48 -1.60 -1.62 0.03
124 -0.7859 -0.8560 0 0.0000 10.521 0.21 10.48 -1.59 -1.62 0.03
125 -0.6779 -0.7150 0 0.0000 10.519 0.21 10.47 -1.59 -1.62 0.03
126 -0.7363 -0.7659 0 0.0000 10.517 0.21 10.47 -1.59 -1.62 0.02
127 -0.7219 -0.7434 0 0.0000 10.517 0.20 10.47 -1.59 -1.62 0.02
128 -0.6189 -0.6833 0 0.0000 10.517 0.20 10.47 -1.59 -1.62 0.02
129 -0.4641 -0.5451 0 0.0000 10.517 0.19 10.47 -1.59 -1.62 0.02
130 -0.4449 -0.6000 0 0.0000 10.515 0.19 10.47 -1.60 -1.62 0.02
131 -0.4353 -0.5883 0 0.0000 10.511 0.18 10.46 -1.59 -1.62 0.02
132 -0.5409 -0.6463 0 0.0000 10.505 0.18 10.45 -1.60 -1.62 0.02
133 -0.6238 -0.7934 0 0.0000 10.498 0.17 10.45 -1.59 -1.62 0.02
134 -0.3599 -0.6885 0 0.0000 10.494 0.17 10.44 -1.59 -1.62 0.02
135 -0.2451 -0.6505 0 0.0000 10.493 0.17 10.44 -1.60 -1.62 0.02
136 -0.2219 -0.6407 0 0.0000 10.498 0.16 10.44 -1.60 -1.62 0.02
137 -0.2449 -0.6339 0 0.0000 10.507 0.16 10.45 -1.60 -1.61 0.02
138 -0.3002 -0.6196 0 0.0000 10.520 0.16 10.46 -1.60 -1.61 0.02
139 -0.3257 -0.6056 0 0.0000 10.537 0.15 10.48 -1.60 -1.61 0.02
140 -0.4988 -0.6493 0 0.0000 10.556 0.15 10.50 -1.60 -1.61 0.02
141 -0.6980 -0.4296 0 0.0000 10.579 0.14 10.52 -1.60 -1.61 0.02
142 -0.5289 -0.5804 0 0.0000 10.601 0.14 10.54 -1.60 -1.61 0.02
143 -0.9643 -0.7764 0 0.0000 10.618 0.14 10.56 -1.60 -1.61 0.02
144 -0.8630 -0.7545 0 0.0000 10.627 0.13 10.57 -1.60 -1.61 0.01
145 -0.8614 -0.7777 0 0.0000 10.627 0.13 10.57 -1.60 -1.61 0.01
146 -0.6903 -0.7670 0 0.0000 10.620 0.13 10.56 -1.60 -1.61 0.01
147 -0.5287 -0.6027 0 0.0000 10.606 0.12 10.55 -1.60 -1.61 0.01
148 -0.6310 -0.6029 0 0.0000 10.589 0.12 10.53 -1.60 -1.61 0.01
149 -0.6069 -0.6225 0 0.0000 10.572 0.12 10.51 -1.60 -1.61 0.01
150 -0.6365 -0.6830 0 0.0000 10.555 0.11 10.49 -1.60 -1.61 0.01
151 -0.4564 -0.6766 0 0.0000 10.538 0.11 10.48 -1.60 -1.61 0.01
152 -0.0779 -0.4779 0 0.0000 10.524 0.10 10.46 -1.60 -1.61 0.01
153 -0.0554 -0.3661 0 0.0000 10.514 0.10 10.45 -1.60 -1.61 0.01
154 0.0028 -0.3391 0 0.0000 10.510 0.10 10.44 -1.60 -1.61 0.01
155 0.0639 -0.3499 0 0.0000 10.512 0.09 10.45 -1.60 -1.61 0.01
156 0.0374 -0.3281 0 0.0000 10.520 0.09 10.45 -1.60 -1.61 0.01
157 0.0434 -0.3321 0 0.0000 10.533 0.09 10.47 -1.60 -1.61 0.01
158 -0.3727 -0.4406 0 0.0000 10.551 0.09 10.48 -1.60 -1.61 0.01
159 -0.5076 -0.4757 0 0.0000 10.569 0.08 10.50 -1.60 -1.61 0.01
160 -0.4702 -0.7190 0 0.0000 10.585 0.08 10.52 -1.60 -1.61 0.01
161 -0.4933 -0.5439 0 0.0000 10.596 0.08 10.53 -1.60 -1.61 0.01
162 -0.4763 -0.5581 0 0.0000 10.603 0.07 10.53 -1.60 -1.61 0.01
163 -0.5059 -0.5268 0 0.0000 10.607 0.07 10.54 -1.60 -1.61 0.01
164 -0.5021 -0.5164 0 0.0000 10.607 0.07 10.53 -1.60 -1.61 0.01
165 -0.4919 -0.5271 0 0.0000 10.605 0.07 10.53 -1.60 -1.61 0.01
166 -0.4443 -0.5127 0 0.0000 10.600 0.06 10.53 -1.60 -1.61 0.01
167 -0.4996 -0.4866 0 0.0000 10.591 0.06 10.52 -1.60 -1.61 0.01
168 -0.4035 -0.4852 0 0.0000 10.581 0.06 10.50 -1.60 -1.60 0.01
169 -0.2718 -0.4801 0 0.0000 10.569 0.06 10.49 -1.60 -1.60 0.01
170 -0.0178 -0.4337 0 0.0000 10.557 0.05 10.48 -1.60 -1.60 0.01
171 0.1822 -0.3038 0 0.0000 10.546 0.05 10.47 -1.60 -1.60 0.01
172 0.1321 -0.2686 0 0.0000 10.538 0.05 10.46 -1.60 -1.60 0.01
173 0.2460 -0.2622 0 0.0000 10.535 0.05 10.46 -1.60 -1.60 0.01
174 0.2786 -0.2659 0 0.0000 10.536 0.05 10.46 -1.60 -1.60 0.01
175 0.2647 -0.2109 0 0.0000 10.542 0.04 10.46 -1.60 -1.60 0.01
176 0.3065 -0.2434 0 0.0000 10.551 0.04 10.47 -1.60 -1.60 0.01
177 0.2764 -0.2375 0 0.0000 10.565 0.04 10.48 -1.60 -1.60 0.01
178 0.1881 -0.2321 0 0.0000 10.583 0.03 10.50 -1.60 -1.60 0.01
179 -0.0466 -0.1951 0 0.0000 10.604 0.03 10.52 -1.60 -1.60 0.00
180 -0.5860 -0.4362 0 0.0000 10.626 0.03 10.54 -1.60 -1.60 0.00
181 -0.6390 -0.3967 0 0.0000 10.643 0.03 10.56 -1.60 -1.60 0.00
182 -0.7416 -0.4020 0 0.0000 10.650 0.02 10.57 -1.60 -1.60 0.00
183 -0.8203 -0.6508 0 0.0000 10.643 0.02 10.56 -1.60 -1.60 0.00
184 -0.4829 -0.5611 0 0.0000 10.623 0.02 10.54 -1.60 -1.60 0.00
185 -0.1051 -0.3935 0 0.0000 10.592 0.02 10.51 -1.60 -1.60 0.00
186 0.1393 -0.3772 0 0.0000 10.558 0.02 10.47 -1.60 -1.60 0.00
187 0.2971 -0.0834 0 0.0000 10.526 0.02 10.44 -1.60 -1.60 0.00
188 0.6699 0.0454 0 0.0000 10.501 0.02 10.41 -1.60 -1.60 0.00
189 0.8174 0.0881 0 0.0000 10.485 0.02 10.40 -1.60 -1.60 0.00
190 0.8220 0.1107 0 0.0000 10.479 0.01 10.39 -1.60 -1.60 0.00
191 0.4236 0.0001 0 0.0000 10.483 0.01 10.39 -1.60 -1.60 0.00
192 0.1706 -0.0567 0 0.0000 10.495 0.01 10.41 -1.60 -1.60 0.00
193 -0.2785 -0.3438 0 0.0000 10.509 0.01 10.42 -1.60 -1.60 0.00
194 0.1338 -0.1515 0 0.0000 10.520 0.00 10.43 -1.60 -1.60 0.00
195 0.0737 -0.3364 0 0.0000 10.524 0.00 10.44 -1.60 -1.60 0.00
196 0.1843 -0.3621 0 0.0000 10.518 -0.00 10.43 -1.60 -1.60 0.00
197 0.3443 -0.3040 0 0.0000 10.507 -0.00 10.42 -1.60 -1.60 0.00
198 0.3725 -0.1965 0 0.0000 10.496 -0.00 10.41 -1.60 -1.60 0.00
199 0.3479 -0.1669 0 0.0000 10.489 -0.01 10.40 -1.60 -1.60 0.00
200 0.2739 -0.0992 0 0.0000 10.487 -0.01 10.40 -1.60 -1.60 0.00
201 0.4425 -0.0998 0 0.0000 10.490 -0.01 10.40 -1.60 -1.60 0.00
202 0.5560 -0.1035 0 0.0000 10.498 -0.01 10.41 -1.60 -1.60 0.00
203 0.2734 -0.2761 0 0.0000 10.507 -0.01 10.42 -1.60 -1.60 0.00
204 0.3101 -0.2430 0 0.0000 10.519 -0.01 10.43 -1.60 -1.60 0.00
205 0.2573 -0.2165 0 0.0000 10.533 -0.01 10.44 -1.60 -1.60 0.00
206 0.2294 -0.2171 0 0.0000 10.551 -0.01 10.46 -1.60 -1.60 0.00
207 -0.0477 -0.2414 0 0.0000 10.572 -0.01 10.48 -1.60 -1.60 0.00
208 -0.5535 -0.2652 0 0.0000 10.593 -0.01 10.50 -1.60 -1.60 0.00
209 -0.2031 -0.3203 0 0.0000 10.611 -0.01 10.52 -1.60 -1.60 0.00
210 -0.2379 -0.3722 0 0.0000 10.623 -0.01 10.53 -1.60 -1.60 0.00
211 -0.3271 -0.3812 0 0.0000 10.628 -0.01 10.54 -1.60 -1.60 0.00
212 -0.2833 -0.3566 0 0.0000 10.625 -0.01 10.53 -1.60 -1.60 0.01
213 -0.1847 -0.3444 0 0.0000 10.614 -0.01 10.52 -1.60 -1.60 0.01
214 -0.2797 -0.4352 0 0.0000 10.597 -0.01 10.50 -1.60 -1.60 0.01
215 -0.4217 -0.4416 0 0.0000 10.575 -0.01 10.48 -1.60 -1.60 0.01
216 0.0162 -0.4032 0 0.0000 10.551 -0.01 10.46 -1.60 -1.60 0.01
217 0.2242 -0.2846 0 0.0000 10.527 -0.01 10.43 -1.60 -1.60 0.01
218 0.1375 -0.2469 0 0.0000 10.506 -0.01 10.41 -1.61 -1.60 0.01
219 0.2395 -0.2471 0 0.0000 10.490 -0.01 10.39 -1.61 -1.60 0.01
220 0.3095 -0.2536 0 0.0000 10.480 -0.01 10.38 -1.61 -1.60 0.01
221 0.3409 -0.1871 0 0.0000 10.475 -0.01 10.38 -1.61 -1.60 0.01
222 0.3159 -0.2305 0 0.0000 10.475 -0.01 10.38 -1.61 -1.60 0.01
223 0.3213 -0.2380 0 0.0000 10.481 -0.01 10.38 -1.60 -1.60 0.01
224 0.3532 -0.1887 0 0.0000 10.491 -0.01 10.39 -1.60 -1.60 0.01
225 0.3636 -0.2481 0 0.0000 10.504 -0.01 10.40 -1.60 -1.60 0.01
226 0.2331 -0.2483 0 0.0000 10.521 -0.01 10.42 -1.60 -1.60 0.01
227 0.5867 -0.0505 0 0.0000 10.543 -0.01 10.44 -1.60 -1.60 0.01
228 0.1877 -0.0908 0 0.0000 10.566 -0.01 10.47 -1.60 -1.60 0.01
229 -0.5767 -0.2980 0 0.0000 10.589 -0.01 10.49 -1.60 -1.60 0.01
230 -0.4849 -0.4189 0 0.0000 10.609 -0.01 10.51 -1.60 -1.60 0.01
231 -0.6096 -0.6436 0 0.0000 10.618 -0.01 10.52 -1.60 -1.60 0.01
232 -0.1624 -0.5346 0 0.0000 10.616 -0.01 10.52 -1.60 -1.60 0.00
233 -0.3433 -0.4659 0 0.0000 10.606 -0.01 10.50 -1.60 -1.60 0.00
234 -0.2610 -0.4618 0 0.0000 10.592 -0.01 10.49 -1.60 -1.60 0.00
235 0.0677 -0.3267 0 0.0000 10.577 -0.01 10.47 -1.60 -1.60 0.00
236 0.1883 -0.2792 0 0.0000 10.563 -0.01 10.46 -1.60 -1.60 0.00
237 0.0826 -0.2625 0 0.0000 10.553 -0.01 10.45 -1.60 -1.60 0.00
238 0.2453 -0.2839 0 0.0000 10.548 -0.01 10.44 -1.60 -1.60 0.00
239 0.2270 -0.2680 0 0.0000 10.547 -0.01 10.44 -1.60 -1.60 0.00
240 0.1990 -0.2802 0 0.0000 10.550 -0.01 10.45 -1.60 -1.60 0.00
241 0.1804 -0.2948 0 0.0000 10.557 -0.01 10.45 -1.60 -1.60 0.00
242 0.0231 -0.2543 0 0.0000 10.567 -0.01 10.46 -1.60 -1.60 0.00
243 0.1268 -0.2810 0 0.0000 10.580 -0.00 10.47 -1.60 -1.60 0.00
244 -0.3733 -0.2225 0 0.0000 10.592 -0.00 10.49 -1.60 -1.60 0.00
245 -0.0680 -0.2314 0 0.0000 10.600 -0.00 10.49 -1.60 -1.60 0.00
246 0.0237 -0.2628 0 0.0000 10.599 -0.00 10.49 -1.60 -1.60 0.00
247 0.0391 -0.3940 0 0.0000 10.589 -0.00 10.48 -1.60 -1.60 0.00
248 0.3416 -0.2662 0 0.0000 10.574 -0.00 10.47 -1.60 -1.60 0.00
249 0.2567 -0.1714 0 0.0000 10.559 -0.00 10.45 -1.60 -1.60 0.00
250 0.2856 -0.1393 0 0.0000 10.550 -0.00 10.44 -1.60 -1.60 0.00
251 0.2367 -0.1759 0 0.0000 10.546 -0.00 10.44 -1.60 -1.60 0.00
252 0.2926 -0.1852 0 0.0000 10.547 -0.00 10.44 -1.60 -1.60 0.01
253 0.1353 -0.2202 0 0.0000 10.551 -0.00 10.44 -1.61 -1.60 0.01
254 0.2339 -0.2804 0 0.0000 10.558 -0.00 10.45 -1.61 -1.60 0.01
255 0.2762 -0.2512 0 0.0000 10.565 -0.00 10.45 -1.61 -1.60 0.01
256 0.1780 -0.2576 0 0.0000 10.571 -0.00 10.46 -1.61 -1.60 0.01
257 0.2174 -0.2469 0 0.0000 10.578 -0.00 10.47 -1.61 -1.60 0.01
258 0.2351 -0.2068 0 0.0000 10.584 -0.00 10.47 -1.61 -1.60 0.01
259 0.1996 -0.2128 0 0.0000 10.591 -0.00 10.48 -1.61 -1.60 0.01
260 0.1984 -0.2136 0 0.0000 10.598 -0.01 10.49 -1.61 -1.60 0.01
261 0.1475 -0.2432 0 0.0000 10.605 -0.01 10.49 -1.61 -1.60 0.01
262 0.1071 -0.2475 0 0.0000 10.611 -0.01 10.50 -1.61 -1.60 0.01
263 -0.2930 -0.2484 0 0.0000 10.617 -0.01 10.51 -1.61 -1.60 0.01
264 -0.2001 -0.2182 0 0.0000 10.620 -0.01 10.51 -1.61 -1.60 0.01
265 -0.0453 -0.3560 0 0.0000 10.615 -0.01 10.51 -1.61 -1.60 0.01
266 -0.1407 -0.3945 0 0.0000 10.603 -0.01 10.49 -1.61 -1.60 0.01
267 -0.1857 -0.3490 0 0.0000 10.585 -0.01 10.47 -1.61 -1.60 0.01
268 -0.0787 -0.3722 0 0.0000 10.563 -0.01 10.45 -1.61 -1.60 0.01
269 0.4720 -0.2314 0 0.0000 10.538 -0.01 10.42 -1.61 -1.60 0.01
270 0.3512 -0.0378 0 0.0000 10.512 -0.01 10.40 -1.61 -1.60 0.01
271 0.8386 0.1532 0 0.0000 10.492 -0.01 10.38 -1.61 -1.60 0.01
272 0.9432 0.2040 0 0.0000 10.480 -0.01 10.37 -1.61 -1.60 0.01
273 0.9340 0.2129 0 0.0000 10.477 -0.01 10.36 -1.61 -1.60 0.01
274 0.8200 0.1468 0 0.0000 10.483 -0.01 10.37 -1.61 -1.60 0.01
275 0.3254 0.0026 0 0.0000 10.496 -0.01 10.38 -1.61 -1.60 0.01
276 0.1634 -0.1824 0 0.0000 10.514 -0.01 10.40 -1.61 -1.60 0.01
277 -0.0234 -0.2263 0 0.0000 10.531 -0.01 10.42 -1.61 -1.60 0.01
278 0.1790 -0.2618 0 0.0000 10.544 -0.01 10.43 -1.61 -1.60 0.01
279 -0.0148 -0.3676 0 0.0000 10.551 -0.01 10.44 -1.61 -1.60 0.01
280 0.3002 -0.2829 0 0.0000 10.554 -0.01 10.44 -1.61 -1.60 0.01
281 0.2058 -0.1857 0 0.0000 10.557 -0.01 10.44 -1.61 -1.60 0.01
282 0.2839 -0.2103 0 0.0000 10.562 -0.01 10.45 -1.61 -1.60 0.01
283 0.0971 -0.1690 0 0.0000 10.566 -0.01 10.45 -1.61 -1.60 0.01
284 -0.2431 -0.3678 0 0.0000 10.569 -0.01 10.45 -1.61 -1.60 0.01
285 -0.1625 -0.3511 0 0.0000 10.568 -0.01 10.45 -1.61 -1.60 0.02
286 -0.1826 -0.2745 0 0.0000 10.563 -0.01 10.45 -1.61 -1.60 0.02
287 -0.0773 -0.2896 0 0.0000 10.554 -0.01 10.44 -1.61 -1.60 0.01
288 0.0304 -0.2847 0 0.0000 10.543 -0.01 10.43 -1.61 -1.60 0.02
289 0.3839 -0.2049 0 0.0000 10.529 -0.01 10.41 -1.61 -1.60 0.02
290 0.3868 -0.1119 0 0.0000 10.515 -0.01 10.40 -1.61 -1.60 0.02
291 0.4773 -0.0076 0 0.0000 10.505 -0.01 10.39 -1.61 -1.60 0.02
292 0.4622 -0.0102 0 0.0000 10.501 -0.01 10.38 -1.61 -1.60 0.02
293 0.3890 0.0320 0 0.0000 10.502 -0.01 10.38 -1.61 -1.60 0.02
294 0.0365 -0.1421 0 0.0000 10.506 -0.01 10.39 -1.61 -1.60 0.02
295 -0.4166 -0.3488 0 0.0000 10.509 -0.01 10.39 -1.62 -1.60 0.02
296 0.1093 -0.1811 0 0.0000 10.508 -0.01 10.39 -1.61 -1.60 0.02
297 0.0825 -0.1970 0 0.0000 10.500 -0.01 10.38 -1.62 -1.60 0.02
298 -0.1086 -0.4889 0 0.0000 10.484 -0.01 10.36 -1.62 -1.60 0.02
299 0.4522 -0.1725 0 0.0000 10.465 -0.01 10.34 -1.62 -1.60 0.02
300 0.6009 -0.0110 0 0.0000 10.446 -0.01 10.32 -1.62 -1.60 0.02
301 0.7200 0.0710 0 0.0000 10.434 -0.01 10.31 -1.62 -1.60 0.02
302 0.8999 0.1401 0 0.0000 10.428 -0.01 10.30 -1.62 -1.60 0.02
303 1.0018 0.2111 0 0.0000 10.429 -0.01 10.31 -1.62 -1.60 0.02
304 0.9620 0.2210 0 0.0000 10.438 -0.01 10.31 -1.62 -1.60 0.02
305 0.6529 0.0905 0 0.0000 10.456 -0.01 10.33 -1.62 -1.60 0.02
306 0.0716 0.0474 0 0.0000 10.479 -0.01 10.36 -1.62 -1.60 0.02
307 -0.1059 -0.3330 0 0.0000 10.505 -0.01 10.38 -1.62 -1.60 0.02
308 0.0493 -0.1582 0 0.0000 10.524 -0.01 10.40 -1.62 -1.60 0.02
309 0.0344 -0.1312 0 0.0000 10.535 -0.01 10.41 -1.62 -1.60 0.02
310 0.0446 -0.1387 0 0.0000 10.537 -0.01 10.42 -1.62 -1.60 0.02
311 0.0892 -0.2105 0 0.0000 10.531 -0.01 10.41 -1.62 -1.60 0.02
312 -0.0043 -0.4595 0 0.0000 10.516 -0.01 10.39 -1.62 -1.60 0.02
313 0.5120 -0.1918 0 0.0000 10.495 -0.01 10.37 -1.62 -1.60 0.02
314 0.5487 0.0354 0 0.0000 10.475 -0.01 10.35 -1.62 -1.60 0.02
315 0.7417 0.1018 0 0.0000 10.460 -0.01 10.33 -1.62 -1.60 0.02
316 0.8251 0.1336 0 0.0000 10.452 -0.01 10.33 -1.62 -1.60 0.02
317 0.8270 0.1365 0 0.0000 10.451 -0.01 10.33 -1.62 -1.60 0.02
318 0.5921 0.0500 0 0.0000 10.458 -0.01 10.33 -1.62 -1.60 0.02
319 0.2824 -0.0260 0 0.0000 10.471 -0.01 10.35 -1.62 -1.60 0.02
320 -0.1195 -0.1434 0 0.0000 10.487 -0.01 10.36 -1.62 -1.60 0.02
321 -0.0307 -0.1301 0 0.0000 10.500 -0.01 10.38 -1.62 -1.60 0.02
322 0.2498 -0.2002 0 0.0000 10.507 -0.01 10.38 -1.62 -1.60 0.02
323 0.0195 -0.3708 0 0.0000 10.505 -0.01 10.38 -1.62 -1.60 0.02
324 0.3641 -0.1675 0 0.0000 10.499 -0.01 10.37 -1.62 -1.60 0.02
325 0.3571 -0.0828 0 0.0000 10.493 -0.01 10.37 -1.62 -1.60 0.02
326 0.0714 -0.0528 0 0.0000 10.489 -0.01 10.36 -1.62 -1.60 0.02
327 -0.2179 -0.1476 0 0.0000 10.484 -0.01 10.36 -1.62 -1.60 0.02
328 0.2017 -0.2457 0 0.0000 10.472 -0.01 10.35 -1.62 -1.60 0.02
329 0.5953 -0.0930 0 0.0000 10.451 -0.01 10.32 -1.62 -1.60 0.02
330 0.9226 0.1399 0 0.0000 10.430 -0.01 10.30 -1.62 -1.60 0.02
331 1.1950 0.3081 0 0.0000 10.413 -0.01 10.29 -1.62 -1.60 0.02
332 1.2516 0.4109 0 0.0000 10.405 -0.01 10.28 -1.62 -1.60 0.02
333 1.1354 0.3599 0 0.0000 10.407 -0.01 10.28 -1.62 -1.60 0.02
334 1.1044 0.3194 0 0.0000 10.420 -0.01 10.29 -1.62 -1.60 0.02
335 0.6631 0.2218 0 0.0000 10.440 -0.01 10.31 -1.62 -1.60 0.02
336 0.1527 -0.0012 0 0.0000 10.467 -0.01 10.34 -1.62 -1.60 0.02
337 -0.0942 -0.2259 0 0.0000 10.494 -0.01 10.37 -1.62 -1.60 0.02
338 0.0823 -0.0655 0 0.0000 10.516 -0.01 10.39 -1.62 -1.60 0.02
339 0.1506 -0.2055 0 0.0000 10.529 -0.01 10.40 -1.62 -1.60 0.03
340 0.1283 -0.3194 0 0.0000 10.534 -0.01 10.41 -1.62 -1.60 0.03
341 0.2864 -0.2167 0 0.0000 10.532 -0.02 10.41 -1.63 -1.60 0.03
342 0.2466 -0.1693 0 0.0000 10.528 -0.02 10.40 -1.63 -1.60 0.03
343 0.1964 -0.1779 0 0.0000 10.525 -0.02 10.40 -1.63 -1.60 0.03
344 0.2490 -0.2011 0 0.0000 10.523 -0.02 10.40 -1.63 -1.60 0.03
345 0.2234 -0.1149 0 0.0000 10.521 -0.02 10.40 -1.63 -1.60 0.03
346 0.1400 -0.2184 0 0.0000 10.522 -0.02 10.40 -1.63 -1.60 0.03
347 0.0746 -0.1959 0 0.0000 10.522 -0.02 10.40 -1.63 -1.60 0.03
348 0.1278 -0.2175 0 0.0000 10.521 -0.02 10.39 -1.63 -1.60 0.03
349 0.2012 -0.2440 0 0.0000 10.520 -0.02 10.39 -1.63 -1.60 0.03
350 0.0861 -0.1845 0 0.0000 10.517 -0.02 10.39 -1.63 -1.60 0.03
351 0.2255 -0.2118 0 0.0000 10.516 -0.01 10.39 -1.63 -1.60 0.03
352 0.1496 -0.1905 0 0.0000 10.515 -0.01 10.39 -1.63 -1.60 0.03
353 0.1783 -0.1964 0 0.0000 10.514 -0.01 10.39 -1.63 -1.60 0.03
354 0.1815 -0.1989 0 0.0000 10.514 -0.01 10.39 -1.63 -1.60 0.03
355 0.2310 -0.1816 0 0.0000 10.514 -0.01 10.39 -1.63 -1.60 0.04
356 0.2249 -0.1962 0 0.0000 10.512 -0.01 10.38 -1.63 -1.60 0.03
357 0.3609 -0.1681 0 0.0000 10.510 -0.01 10.38 -1.63 -1.60 0.03
358 0.3267 -0.2036 0 0.0000 10.506 -0.01 10.38 -1.63 -1.60 0.03
359 0.4534 0.0367 0 0.0000 10.502 -0.01 10.37 -1.63 -1.60 0.04
360 0.1418 -0.1669 0 0.0000 10.501 -0.01 10.37 -1.63 -1.60 0.04
361 0.1797 -0.1711 0 0.0000 10.502 -0.02 10.37 -1.63 -1.60 0.04
362 0.2175 -0.2643 0 0.0000 10.502 -0.02 10.37 -1.64 -1.60 0.04
363 0.2688 -0.2160 0 0.0000 10.501 -0.02 10.37 -1.64 -1.60 0.04
364 0.1115 -0.1591 0 0.0000 10.499 -0.02 10.37 -1.64 -1.60 0.04
365 0.2751 -0.0583 0 0.0000 10.499 -0.02 10.37 -1.64 -1.60 0.04
366 0.0165 -0.1586 0 0.0000 10.498 -0.02 10.37 -1.64 -1.60 0.04
367 0.1159 -0.3446 0 0.0000 10.492 -0.02 10.36 -1.64 -1.60 0.04
368 0.4828 -0.1656 0 0.0000 10.480 -0.02 10.35 -1.64 -1.60 0.04
369 0.4163 0.0333 0 0.0000 10.467 -0.02 10.33 -1.64 -1.60 0.04
370 0.2727 0.0230 0 0.0000 10.458 -0.02 10.33 -1.64 -1.60 0.04
371 0.0820 -0.2594 0 0.0000 10.450 -0.02 10.32 -1.64 -1.60 0.04
372 0.3633 -0.2006 0 0.0000 10.440 -0.02 10.31 -1.64 -1.60 0.04
373 0.4055 -0.1437 0 0.0000 10.429 -0.02 10.30 -1.64 -1.60 0.04
374 0.6619 -0.0022 0 0.0000 10.420 -0.02 10.29 -1.64 -1.60 0.04
375 0.6737 0.0608 0 0.0000 10.414 -0.02 10.28 -1.64 -1.60 0.04
376 0.6845 0.0977 0 0.0000 10.413 -0.02 10.28 -1.64 -1.60 0.04
377 0.6777 0.0782 0 0.0000 10.417 -0.02 10.28 -1.64 -1.60 0.04
378 0.6368 0.0447 0 0.0000 10.425 -0.02 10.29 -1.64 -1.60 0.04
379 0.5037 -0.0229 0 0.0000 10.438 -0.02 10.30 -1.64 -1.60 0.04
380 0.3176 0.0013 0 0.0000 10.453 -0.02 10.32 -1.64 -1.60 0.04
381 -0.0082 -0.1909 0 0.0000 10.466 -0.02 10.33 -1.64 -1.60 0.04
382 0.3221 -0.1463 0 0.0000 10.473 -0.02 10.34 -1.64 -1.60 0.04
383 0.4365 -0.1182 0 0.0000 10.476 -0.02 10.34 -1.64 -1.60 0.04
384 0.2089 -0.1176 0 0.0000 10.479 -0.02 10.35 -1.64 -1.60 0.04
385 0.3787 -0.0162 0 0.0000 10.483 -0.02 10.35 -1.64 -1.60 0.04
386 0.3539 -0.1124 0 0.0000 10.486 -0.02 10.35 -1.64 -1.60 0.04
387 0.2107 -0.1332 0 0.0000 10.490 -0.02 10.36 -1.64 -1.60 0.04
388 0.2444 -0.1212 0 0.0000 10.494 -0.02 10.36 -1.64 -1.60 0.04
389 0.2322 -0.1147 0 0.0000 10.500 -0.02 10.37 -1.64 -1.60 0.04
390 0.1548 -0.1003 0 0.0000 10.506 -0.02 10.37 -1.64 -1.60 0.04
391 -0.0010 -0.1699 0 0.0000 10.511 -0.02 10.38 -1.64 -1.60 0.04
392 0.0084 -0.2837 0 0.0000 10.511 -0.01 10.38 -1.64 -1.60 0.04
393 0.0849 -0.2898 0 0.0000 10.507 -0.01 10.37 -1.64 -1.60 0.04
394 0.2598 -0.2721 0 0.0000 10.497 -0.01 10.36 -1.64 -1.60 0.04
395 0.4151 -0.0664 0 0.0000 10.485 -0.01 10.35 -1.64 -1.60 0.04
396 0.5451 0.0645 0 0.0000 10.475 -0.01 10.34 -1.64 -1.60 0.04
397 0.1590 0.0280 0 0.0000 10.470 -0.01 10.34 -1.64 -1.60 0.04
398 -0.0227 -0.1619 0 0.0000 10.466 -0.01 10.33 -1.64 -1.60 0.04
399 0.0238 -0.3050 0 0.0000 10.458 -0.01 10.32 -1.64 -1.60 0.04
400 0.4258 -0.2995 0 0.0000 10.446 -0.02 10.31 -1.64 -1.60 0.04
401 0.6863 -0.0149 0 0.0000 10.431 -0.02 10.30 -1.64 -1.60 0.04
402 0.9054 0.1219 0 0.0000 10.420 -0.02 10.29 -1.64 -1.60 0.04
403 0.9591 0.1727 0 0.0000 10.414 -0.02 10.28 -1.64 -1.60 0.04
404 0.9453 0.1639 0 0.0000 10.417 -0.02 10.28 -1.64 -1.60 0.04
405 0.8068 0.1214 0 0.0000 10.427 -0.02 10.29 -1.64 -1.60 0.04
406 0.4224 0.0461 0 0.0000 10.444 -0.02 10.31 -1.64 -1.60 0.04
407 -0.1233 -0.2166 0 0.0000 10.465 -0.02 10.33 -1.64 -1.60 0.04
408 -0.2817 -0.2426 0 0.0000 10.484 -0.02 10.35 -1.64 -1.60 0.04
409 -0.1528 -0.1854 0 0.0000 10.496 -0.02 10.36 -1.64 -1.60 0.04
410 0.0162 -0.1803 0 0.0000 10.496 -0.02 10.36 -1.64 -1.60 0.04
411 0.0717 -0.2991 0 0.0000 10.485 -0.02 10.35 -1.64 -1.60 0.04
412 0.2612 -0.3418 0 0.0000 10.463 -0.02 10.33 -1.64 -1.60 0.04
413 0.4949 -0.0714 0 0.0000 10.438 -0.02 10.30 -1.63 -1.60 0.04
414 0.5307 -0.0354 0 0.0000 10.416 -0.02 10.28 -1.63 -1.60 0.04
415 0.6664 0.0402 0 0.0000 10.398 -0.02 10.26 -1.63 -1.60 0.04
416 0.8437 0.0844 0 0.0000 10.386 -0.02 10.25 -1.63 -1.60 0.04
417 1.0205 0.1390 0 0.0000 10.379 -0.03 10.24 -1.64 -1.60 0.04
418 0.8878 0.1462 0 0.0000 10.380 -0.03 10.24 -1.64 -1.60 0.04
419 0.9253 0.1381 0 0.0000 10.388 -0.03 10.25 -1.64 -1.60 0.04
420 0.8791 0.1172 0 0.0000 10.404 -0.03 10.27 -1.64 -1.60 0.04
421 0.4298 0.0682 0 0.0000 10.426 -0.03 10.29 -1.64 -1.60 0.04
422 0.3488 -0.1165 0 0.0000 10.452 -0.03 10.32 -1.64 -1.60 0.04
423 0.1630 -0.1629 0 0.0000 10.474 -0.03 10.34 -1.64 -1.60 0.04
424 -0.0090 -0.2946 0 0.0000 10.492 -0.03 10.36 -1.64 -1.60 0.04
425 -0.0645 -0.3487 0 0.0000 10.504 -0.03 10.37 -1.64 -1.60 0.04
426 0.0689 -0.3054 0 0.0000 10.509 -0.03 10.38 -1.64 -1.60 0.04
427 0.1715 -0.2675 0 0.0000 10.511 -0.03 10.38 -1.64 -1.60 0.04
428 0.0430 -0.1946 0 0.0000 10.510 -0.03 10.38 -1.64 -1.60 0.04
429 0.2243 -0.1112 0 0.0000 10.511 -0.03 10.38 -1.64 -1.60 0.04
430 0.1394 -0.1293 0 0.0000 10.510 -0.02 10.38 -1.64 -1.60 0.04
431 -0.0921 -0.2922 0 0.0000 10.507 -0.02 10.37 -1.64 -1.60 0.04
432 0.0807 -0.2527 0 0.0000 10.501 -0.02 10.37 -1.64 -1.60 0.04
433 0.2742 -0.1795 0 0.0000 10.491 -0.02 10.36 -1.63 -1.60 0.04
434 0.5373 0.0447 0 0.0000 10.483 -0.02 10.35 -1.64 -1.60 0.04
435 0.3915 -0.0978 0 0.0000 10.478 -0.02 10.34 -1.64 -1.60 0.04
436 0.3460 -0.1304 0 0.0000 10.474 -0.02 10.34 -1.64 -1.60 0.04
437 0.5613 -0.1227 0 0.0000 10.470 -0.02 10.33 -1.63 -1.60 0.04
438 0.6832 0.0402 0 0.0000 10.466 -0.02 10.33 -1.64 -1.60 0.04
439 0.6238 0.0915 0 0.0000 10.464 -0.02 10.33 -1.64 -1.60 0.04
440 0.5269 -0.0203 0 0.0000 10.467 -0.02 10.33 -1.64 -1.60 0.04
441 0.3073 -0.0443 0 0.0000 10.472 -0.02 10.34 -1.64 -1.60 0.04
442 0.2983 -0.1615 0 0.0000 10.476 -0.02 10.34 -1.64 -1.60 0.04
443 0.3331 -0.2061 0 0.0000 10.478 -0.02 10.34 -1.64 -1.60 0.04
444 0.2891 -0.2000 0 0.0000 10.479 -0.02 10.34 -1.64 -1.60 0.04
445 0.2798 -0.1924 0 0.0000 10.481 -0.02 10.34 -1.64 -1.60 0.04
446 0.2673 -0.1702 0 0.0000 10.483 -0.02 10.35 -1.64 -1.60 0.04
447 0.2310 -0.1626 0 0.0000 10.485 -0.02 10.35 -1.64 -1.60 0.04
448 0.3319 -0.1442 0 0.0000 10.489 -0.02 10.35 -1.64 -1.60 0.04
449 0.3286 -0.1437 0 0.0000 10.493 -0.02 10.36 -1.64 -1.60 0.04
450 0.2811 -0.1392 0 0.0000 10.498 -0.02 10.36 -1.64 -1.60 0.04
451 0.1956 -0.0873 0 0.0000 10.502 -0.02 10.36 -1.64 -1.60 0.04
452 -0.1101 -0.1559 0 0.0000 10.503 -0.02 10.37 -1.64 -1.60 0.04
453 0.1031 -0.1386 0 0.0000 10.499 -0.02 10.36 -1.64 -1.60 0.04
454 0.2135 -0.2281 0 0.0000 10.486 -0.02 10.35 -1.64 -1.60 0.04
455 0.5467 -0.1431 0 0.0000 10.467 -0.02 10.33 -1.64 -1.60 0.04
456 0.6848 0.0796 0 0.0000 10.446 -0.02 10.31 -1.64 -1.60 0.04
457 0.8115 0.1695 0 0.0000 10.429 -0.02 10.29 -1.64 -1.60 0.04
458 0.8182 0.1735 0 0.0000 10.419 -0.02 10.28 -1.64 -1.60 0.04
459 0.4554 0.1419 0 0.0000 10.418 -0.02 10.28 -1.64 -1.60 0.04
460 0.3720 -0.0608 0 0.0000 10.420 -0.02 10.28 -1.64 -1.60 0.04
461 0.5399 -0.1437 0 0.0000 10.419 -0.02 10.28 -1.64 -1.60 0.04
462 0.3825 -0.2189 0 0.0000 10.414 -0.02 10.27 -1.64 -1.60 0.04
463 0.6776 0.0699 0 0.0000 10.408 -0.02 10.27 -1.64 -1.60 0.04
464 0.7122 0.1123 0 0.0000 10.406 -0.02 10.27 -1.64 -1.60 0.04
465 0.7101 0.1078 0 0.0000 10.409 -0.02 10.27 -1.64 -1.60 0.05
466 0.6186 0.0469 0 0.0000 10.417 -0.02 10.28 -1.64 -1.60 0.05
467 0.4427 -0.0733 0 0.0000 10.429 -0.02 10.29 -1.64 -1.60 0.05
468 0.0548 -0.1801 0 0.0000 10.443 -0.02 10.30 -1.64 -1.60 0.05
469 0.2741 -0.1260 0 0.0000 10.455 -0.02 10.32 -1.65 -1.60 0.05
470 0.3039 -0.1933 0 0.0000 10.463 -0.02 10.32 -1.65 -1.60 0.05
471 0.3630 -0.2082 0 0.0000 10.466 -0.02 10.33 -1.65 -1.60 0.05
472 0.4652 -0.0603 0 0.0000 10.467 -0.02 10.33 -1.65 -1.60 0.05
473 0.4232 0.0196 0 0.0000 10.471 -0.02 10.33 -1.65 -1.60 0.05
474 -0.1014 -0.1222 0 0.0000 10.478 -0.01 10.34 -1.65 -1.60 0.05
475 0.3408 -0.1043 0 0.0000 10.484 -0.01 10.35 -1.65 -1.60 0.05
476 0.2746 -0.2028 0 0.0000 10.487 -0.01 10.35 -1.65 -1.60 0.05
477 0.3575 -0.1997 0 0.0000 10.486 -0.01 10.35 -1.65 -1.60 0.05
478 0.3818 -0.0946 0 0.0000 10.482 -0.01 10.34 -1.65 -1.60 0.05
479 0.1786 -0.2107 0 0.0000 10.480 -0.01 10.34 -1.65 -1.60 0.05
480 0.2744 -0.2122 0 0.0000 10.479 -0.01 10.34 -1.65 -1.60 0.05
481 0.2068 -0.1968 0 0.0000 10.479 -0.01 10.34 -1.65 -1.60 0.05
482 0.4436 -0.0595 0 0.0000 10.480 -0.01 10.34 -1.65 -1.60 0.05
483 0.3301 -0.1086 0 0.0000 10.483 -0.01 10.34 -1.65 -1.60 0.05
484 0.1444 -0.0884 0 0.0000 10.489 -0.01 10.35 -1.65 -1.60 0.05
485 0.2342 -0.0960 0 0.0000 10.492 -0.01 10.35 -1.65 -1.60 0.05
486 0.3731 -0.2198 0 0.0000 10.490 -0.01 10.35 -1.65 -1.60 0.05
487 0.5109 -0.0597 0 0.0000 10.486 -0.01 10.35 -1.65 -1.60 0.05
488 0.5072 0.0677 0 0.0000 10.484 -0.01 10.34 -1.65 -1.60 0.05
489 0.4964 0.0445 0 0.0000 10.487 -0.01 10.35 -1.65 -1.60 0.05
490 0.4809 0.0670 0 0.0000 10.493 -0.01 10.35 -1.65 -1.60 0.05
491 0.1302 0.0402 0 0.0000 10.502 -0.01 10.36 -1.65 -1.60 0.05
492 -0.3116 -0.2099 0 0.0000 10.510 -0.01 10.37 -1.65 -1.60 0.05
493 0.0712 -0.3525 0 0.0000 10.510 -0.01 10.37 -1.65 -1.60 0.05
494 0.2574 -0.2337 0 0.0000 10.501 -0.01 10.36 -1.65 -1.60 0.05
495 0.4565 -0.0754 0 0.0000 10.487 -0.01 10.34 -1.65 -1.60 0.05
496 0.5405 0.0576 0 0.0000 10.476 -0.01 10.33 -1.65 -1.60 0.05
497 0.5468 0.0753 0 0.0000 10.468 -0.01 10.32 -1.65 -1.60 0.05
498 0.4758 0.0030 0 0.0000 10.465 -0.01 10.32 -1.65 -1.60 0.05
499 0.5251 0.0423 0 0.0000 10.466 -0.01 10.32 -1.65 -1.60 0.05
500 0.4608 0.0051 0 0.0000 10.471 -0.01 10.33 -1.65 -1.60 0.05
501 0.2965 -0.0582 0 0.0000 10.479 -0.01 10.34 -1.65 -1.60 0.05
502 0.2765 -0.0614 0 0.0000 10.489 -0.01 10.35 -1.65 -1.60 0.05
503 0.3422 -0.0657 0 0.0000 10.496 -0.01 10.35 -1.65 -1.60 0.05
504 0.4342 -0.0801 0 0.0000 10.499 -0.01 10.36 -1.65 -1.60 0.05
505 0.3582 -0.1264 0 0.0000 10.499 -0.01 10.36 -1.65 -1.60 0.05
506 0.4577 -0.0388 0 0.0000 10.499 -0.01 10.36 -1.65 -1.60 0.05
507 0.4430 0.0041 0 0.0000 10.501 -0.01 10.36 -1.65 -1.60 0.05
508 0.1294 0.0774 0 0.0000 10.505 -0.01 10.36 -1.65 -1.60 0.05
509 -0.0527 -0.1295 0 0.0000 10.507 -0.01 10.36 -1.64 -1.60 0.05
510 0.0269 -0.2325 0 0.0000 10.502 -0.01 10.36 -1.65 -1.60 0.05
511 0.4883 -0.1405 0 0.0000 10.489 -0.02 10.35 -1.65 -1.60 0.05
512 0.5123 -0.0778 0 0.0000 10.473 -0.02 10.33 -1.64 -1.60 0.05
513 0.7267 0.1471 0 0.0000 10.459 -0.02 10.31 -1.65 -1.60 0.05
514 0.7743 0.1724 0 0.0000 10.451 -0.02 10.31 -1.64 -1.60 0.05
515 0.7133 0.1595 0 0.0000 10.450 -0.02 10.30 -1.64 -1.60 0.05
516 0.5354 0.1029 0 0.0000 10.454 -0.02 10.31 -1.64 -1.60 0.05
517 0.0455 -0.0365 0 0.0000 10.462 -0.02 10.32 -1.65 -1.60 0.05
518 0.2286 -0.2112 0 0.0000 10.469 -0.02 10.33 -1.64 -1.60 0.05
519 0.3723 -0.2389 0 0.0000 10.469 -0.02 10.33 -1.65 -1.60 0.05
520 0.3150 -0.1383 0 0.0000 10.464 -0.02 10.32 -1.65 -1.60 0.05
521 0.3079 -0.1190 0 0.0000 10.459 -0.02 10.32 -1.65 -1.60 0.05
522 0.3523 -0.0404 0 0.0000 10.455 -0.02 10.31 -1.65 -1.60 0.05
523 0.2992 -0.0980 0 0.0000 10.450 -0.02 10.31 -1.65 -1.60 0.05
524 0.3980 -0.1664 0 0.0000 10.441 -0.02 10.30 -1.65 -1.60 0.05
525 0.7151 0.0605 0 0.0000 10.433 -0.02 10.29 -1.65 -1.60 0.05
526 0.8465 0.1473 0 0.0000 10.428 -0.02 10.28 -1.65 -1.60 0.05
527 0.8157 0.1830 0 0.0000 10.430 -0.02 10.29 -1.65 -1.60 0.05
528 0.8361 0.1995 0 0.0000 10.439 -0.02 10.30 -1.65 -1.60 0.05
529 0.3479 0.1456 0 0.0000 10.455 -0.02 10.31 -1.65 -1.60 0.05
530 0.1966 -0.0608 0 0.0000 10.474 -0.02 10.33 -1.65 -1.60 0.05
531 0.3020 -0.1584 0 0.0000 10.491 -0.02 10.35 -1.65 -1.60 0.05
532 0.4926 -0.1160 0 0.0000 10.502 -0.02 10.36 -1.65 -1.60 0.05
533 0.3779 -0.0429 0 0.0000 10.512 -0.02 10.37 -1.65 -1.60 0.05
534 0.4065 -0.0468 0 0.0000 10.523 -0.02 10.38 -1.65 -1.60 0.05
535 0.3880 -0.0095 0 0.0000 10.534 -0.02 10.39 -1.65 -1.60 0.05
536 -0.0016 -0.1701 0 0.0000 10.545 -0.01 10.40 -1.65 -1.60 0.05
537 -0.0526 -0.1681 0 0.0000 10.552 -0.01 10.41 -1.65 -1.60 0.05
538 -0.1100 -0.2404 0 0.0000 10.554 -0.01 10.41 -1.65 -1.60 0.05
539 -0.0824 -0.2383 0 0.0000 10.550 -0.01 10.41 -1.65 -1.60 0.05
540 0.2215 -0.1680 0 0.0000 10.540 -0.01 10.40 -1.65 -1.60 0.05
541 0.4490 -0.0896 0 0.0000 10.527 -0.01 10.38 -1.65 -1.60 0.05
542 0.3625 0.0404 0 0.0000 10.514 -0.01 10.37 -1.65 -1.60 0.05
543 0.3474 -0.0480 0 0.0000 10.503 -0.01 10.36 -1.65 -1.60 0.05
544 0.3170 -0.1188 0 0.0000 10.491 -0.02 10.35 -1.65 -1.60 0.05
545 0.4258 -0.1166 0 0.0000 10.478 -0.02 10.33 -1.65 -1.60 0.05
546 0.5340 -0.0899 0 0.0000 10.467 -0.02 10.32 -1.65 -1.60 0.05
547 0.6094 0.0039 0 0.0000 10.458 -0.02 10.31 -1.65 -1.60 0.05
548 0.5699 0.0669 0 0.0000 10.453 -0.02 10.31 -1.65 -1.60 0.05
549 0.5011 0.0629 0 0.0000 10.453 -0.02 10.31 -1.65 -1.60 0.05
550 0.1056 -0.0829 0 0.0000 10.457 -0.02 10.31 -1.65 -1.60 0.05
551 -0.0999 -0.1069 0 0.0000 10.461 -0.02 10.32 -1.65 -1.60 0.05
552 0.2787 -0.1635 0 0.0000 10.460 -0.02 10.31 -1.65 -1.60 0.05
553 0.5973 -0.1551 0 0.0000 10.451 -0.02 10.31 -1.65 -1.60 0.05
554 0.6388 0.0141 0 0.0000 10.438 -0.01 10.29 -1.65 -1.60 0.05
555 0.9413 0.1488 0 0.0000 10.429 -0.01 10.28 -1.65 -1.60 0.05
556 1.1123 0.2877 0 0.0000 10.426 -0.01 10.28 -1.65 -1.60 0.05
557 1.0803 0.2829 0 0.0000 10.432 -0.01 10.29 -1.65 -1.60 0.05
558 0.7138 0.1535 0 0.0000 10.447 -0.01 10.30 -1.65 -1.60 0.05
559 0.4033 0.1674 0 0.0000 10.471 -0.01 10.32 -1.65 -1.60 0.05
560 0.0410 0.0112 0 0.0000 10.498 -0.01 10.35 -1.65 -1.60 0.05
561 0.0406 -0.1417 0 0.0000 10.518 -0.01 10.37 -1.65 -1.60 0.05
562 0.1290 -0.0966 0 0.0000 10.524 -0.01 10.38 -1.65 -1.60 0.05
563 0.2677 -0.1655 0 0.0000 10.516 -0.01 10.37 -1.64 -1.60 0.05
564 0.2302 -0.2054 0 0.0000 10.497 -0.02 10.35 -1.64 -1.60 0.05
565 0.2464 -0.1573 0 0.0000 10.471 -0.02 10.32 -1.64 -1.60 0.05
566 0.4380 0.0222 0 0.0000 10.444 -0.02 10.30 -1.64 -1.60 0.05
567 0.4357 -0.1024 0 0.0000 10.420 -0.02 10.27 -1.64 -1.60 0.05
568 0.3950 -0.0924 0 0.0000 10.399 -0.02 10.25 -1.64 -1.60 0.05
569 0.7093 -0.0826 0 0.0000 10.377 -0.02 10.23 -1.65 -1.60 0.05
570 0.8570 0.1155 0 0.0000 10.359 -0.03 10.21 -1.65 -1.60 0.05
571 1.1353 0.1851 0 0.0000 10.347 -0.03 10.20 -1.65 -1.60 0.05
572 1.1855 0.2612 0 0.0000 10.344 -0.03 10.20 -1.65 -1.60 0.05
573 1.1809 0.2876 0 0.0000 10.351 -0.03 10.20 -1.65 -1.60 0.05
574 0.9618 0.1611 0 0.0000 10.368 -0.03 10.22 -1.65 -1.60 0.05
575 0.8569 0.2260 0 0.0000 10.393 -0.03 10.25 -1.65 -1.60 0.05
576 -0.1039 -0.0440 0 0.0000 10.424 -0.03 10.28 -1.65 -1.60 0.05
577 -0.0447 0.0404 0 0.0000 10.457 -0.03 10.31 -1.64 -1.60 0.05
578 -0.3040 -0.1704 0 0.0000 10.482 -0.03 10.34 -1.64 -1.60 0.05
579 -0.0319 -0.0902 0 0.0000 10.494 -0.03 10.35 -1.64 -1.60 0.05
580 0.0709 -0.2085 0 0.0000 10.491 -0.03 10.35 -1.64 -1.60 0.05
581 0.4504 -0.0270 0 0.0000 10.474 -0.04 10.33 -1.64 -1.60 0.05
582 0.3874 -0.1738 0 0.0000 10.448 -0.04 10.31 -1.64 -1.60 0.05
583 0.5266 0.0076 0 0.0000 10.421 -0.04 10.28 -1.64 -1.60 0.05
584 0.6138 -0.0196 0 0.0000 10.397 -0.04 10.25 -1.64 -1.60 0.05
585 0.9298 0.1828 0 0.0000 10.377 -0.04 10.23 -1.64 -1.60 0.05
586 1.0773 0.2044 0 0.0000 10.362 -0.04 10.22 -1.64 -1.60 0.05
587 1.2357 0.3155 0 0.0000 10.357 -0.04 10.21 -1.64 -1.60 0.05
588 1.2714 0.3520 0 0.0000 10.361 -0.04 10.22 -1.64 -1.60 0.05
589 0.9639 0.2174 0 0.0000 10.375 -0.04 10.23 -1.64 -1.60 0.05
590 0.6016 0.2542 0 0.0000 10.397 -0.04 10.26 -1.65 -1.60 0.05
591 0.2515 0.0269 0 0.0000 10.424 -0.04 10.28 -1.65 -1.60 0.05
592 0.3616 -0.1486 0 0.0000 10.449 -0.04 10.31 -1.65 -1.60 0.05
593 -0.0816 -0.2244 0 0.0000 10.464 -0.04 10.33 -1.65 -1.60 0.05
594 -0.0424 -0.2610 0 0.0000 10.469 -0.05 10.33 -1.65 -1.60 0.05
595 0.0414 -0.2291 0 0.0000 10.467 -0.05 10.33 -1.65 -1.60 0.05
596 0.2206 -0.1868 0 0.0000 10.456 -0.05 10.32 -1.65 -1.60 0.05
597 0.4870 -0.1670 0 0.0000 10.441 -0.05 10.30 -1.65 -1.60 0.05
598 0.4834 -0.0663 0 0.0000 10.423 -0.05 10.28 -1.65 -1.60 0.05
599 0.4584 -0.0511 0 0.0000 10.407 -0.05 10.27 -1.65 -1.60 0.05
