# step wm_danger det_logit danger fire dist_t
0 -1.7700 -2.1888 0 0.0000 13.454
1 -0.3516 -1.2092 0 0.0000 8.545
2 -0.0133 -1.0506 0 0.0000 8.553
3 0.2699 -0.8107 0 0.0000 8.561
4 0.0948 -0.8762 0 0.0000 8.558
5 -0.1706 -1.0430 0 0.0000 8.540
6 -0.4133 -1.1246 0 0.0000 8.506
7 -0.7037 -1.2040 0 0.0000 8.456
8 -0.7530 -1.1304 0 0.0000 8.392
9 -1.1838 -1.2748 0 0.0000 8.317
10 -1.0466 -1.0506 0 0.0000 8.232
11 -1.2748 -1.1251 0 0.0000 8.140
12 -1.1997 -1.0784 0 0.0000 8.042
13 -1.1741 -1.1087 0 0.0000 7.941
14 -1.0699 -1.0598 0 0.0000 7.836
15 -1.4138 -1.2709 0 0.0000 7.733
16 -1.3652 -1.2142 0 0.0000 7.639
17 -1.2745 -1.1456 0 0.0000 7.551
18 -1.3028 -1.2717 0 0.0000 7.465
19 -1.2915 -1.3911 0 0.0000 7.377
20 -1.3374 -1.4936 0 0.0000 7.286
21 -1.3597 -1.5147 0 0.0000 7.195
22 -1.5079 -1.9178 0 0.0000 7.104
23 -1.5560 -2.2123 0 0.0000 7.017
24 -1.4793 -2.2513 0 0.0000 6.936
25 -1.4818 -2.3495 0 0.0000 6.863
26 -1.5719 -2.4850 0 0.0000 6.796
27 -1.6318 -2.6095 0 0.0000 6.734
28 -1.6006 -2.6422 0 0.0000 6.676
29 -1.6759 -2.7305 0 0.0000 6.625
30 -1.7257 -2.8303 0 0.0000 6.579
31 -1.7691 -2.9055 0 0.0000 6.541
32 -1.7230 -2.9339 0 0.0000 6.509
33 -1.7150 -2.9578 0 0.0000 6.487
34 -1.7406 -2.9917 0 0.0000 6.478
35 -1.7542 -3.0177 0 0.0000 6.483
36 -1.7530 -3.0293 0 0.0000 6.502
37 -1.7521 -3.0434 0 0.0000 6.535
38 -1.7689 -3.0609 0 0.0000 6.578
39 -1.7559 -3.0723 0 0.0000 6.630
40 -1.7335 -3.0644 0 0.0000 6.689
41 -1.7169 -3.0748 0 0.0000 6.755
42 -1.7239 -3.0880 0 0.0000 6.825
43 -1.7078 -3.0846 0 0.0000 6.900
44 -1.6600 -3.0726 0 0.0000 6.977
45 -1.6368 -3.0904 0 0.0000 7.058
46 -1.5995 -3.0723 0 0.0000 7.140
47 -1.5447 -3.0619 0 0.0000 7.224
48 -1.4654 -3.0324 0 0.0000 7.309
49 -1.3471 -3.0395 0 0.0000 7.395
50 -1.3286 -3.0247 0 0.0000 7.481
51 -1.3278 -3.0103 0 0.0000 7.567
52 -1.3079 -2.9839 0 0.0000 7.653
53 -1.3012 -2.9659 0 0.0000 7.737
54 -1.2965 -2.9467 0 0.0000 7.820
55 -1.2909 -2.9106 0 0.0000 7.879
56 -1.3015 -2.9053 0 0.0000 7.859
57 -1.3179 -2.9153 0 0.0000 7.846
58 -1.3169 -2.9192 0 0.0000 7.842
59 -1.3316 -2.9184 0 0.0000 7.841
60 -1.3388 -2.9062 0 0.0000 7.842
61 -1.3527 -2.8931 0 0.0000 7.843
62 -1.3660 -2.8959 0 0.0000 7.845
63 -1.3729 -2.8905 0 0.0000 7.848
64 -1.3879 -2.9145 0 0.0000 7.851
65 -1.3853 -2.9170 0 0.0000 7.852
66 -1.3869 -2.9186 0 0.0000 7.853
67 -1.3842 -2.9184 0 0.0000 7.852
68 -1.3868 -2.9478 0 0.0000 7.851
69 -1.3813 -2.9385 0 0.0000 7.849
70 -1.3813 -2.9604 0 0.0000 7.848
71 -1.3801 -2.9602 0 0.0000 7.847
72 -1.3830 -2.9604 0 0.0000 7.847
73 -1.3802 -2.9520 0 0.0000 7.847
74 -1.3897 -2.9683 0 0.0000 7.848
75 -1.3911 -2.9645 0 0.0000 7.849
76 -1.4007 -3.0074 0 0.0000 7.850
77 -1.3952 -2.9983 0 0.0000 7.850
78 -1.4020 -3.0174 0 0.0000 7.851
79 -1.4072 -3.0223 0 0.0000 7.853
80 -1.4090 -3.0284 0 0.0000 7.854
81 -1.4120 -3.0301 0 0.0000 7.854
82 -1.4084 -3.0393 0 0.0000 7.855
83 -1.4150 -3.0513 0 0.0000 7.854
84 -1.4080 -3.0441 0 0.0000 7.854
85 -1.4092 -3.0516 0 0.0000 7.853
86 -1.4123 -3.0625 0 0.0000 7.853
87 -1.4175 -3.0703 0 0.0000 7.853
88 -1.4201 -3.0747 0 0.0000 7.854
89 -1.4254 -3.0858 0 0.0000 7.855
90 -1.4402 -3.1121 0 0.0000 7.857
91 -1.4507 -3.1458 0 0.0000 7.859
92 -1.4566 -3.1652 0 0.0000 7.862
93 -1.4683 -3.1798 0 0.0000 7.865
94 -1.4801 -3.1696 0 0.0000 7.867
95 -1.5014 -3.1688 0 0.0000 7.868
96 -1.5277 -3.1895 0 0.0000 7.869
97 -1.5338 -3.1615 0 0.0000 7.870
98 -1.5350 -3.1614 0 0.0000 7.870
99 -1.5358 -3.1493 0 0.0000 7.870
100 -1.5429 -3.1637 0 0.0000 7.869
101 -1.5449 -3.1629 0 0.0000 7.868
102 -1.5401 -3.1530 0 0.0000 7.868
103 -1.5376 -3.1577 0 0.0000 7.868
104 -1.5334 -3.1653 0 0.0000 7.868
105 -1.5373 -3.1658 0 0.0000 7.869
106 -1.5406 -3.1646 0 0.0000 7.870
107 -1.5325 -3.1434 0 0.0000 7.870
108 -1.5345 -3.1522 0 0.0000 7.870
109 -1.5313 -3.1558 0 0.0000 7.870
110 -1.5280 -3.1653 0 0.0000 7.870
111 -1.5198 -3.1557 0 0.0000 7.870
112 -1.5225 -3.1540 0 0.0000 7.869
113 -1.5264 -3.1621 0 0.0000 7.869
114 -1.5190 -3.1627 0 0.0000 7.869
115 -1.5394 -3.1635 0 0.0000 7.869
116 -1.5725 -3.1755 0 0.0000 7.870
117 -1.5828 -3.1814 0 0.0000 7.873
118 -1.6058 -3.1935 0 0.0000 7.875
119 -1.6310 -3.2058 0 0.0000 7.878
120 -1.6296 -3.2008 0 0.0000 7.880
121 -1.6547 -3.2153 0 0.0000 7.883
122 -1.6795 -3.2266 0 0.0000 7.885
123 -1.6896 -3.2252 0 0.0000 7.886
124 -1.6876 -3.2308 0 0.0000 7.887
125 -1.6856 -3.2289 0 0.0000 7.887
126 -1.7017 -3.2004 0 0.0000 7.887
127 -1.7109 -3.1872 0 0.0000 7.887
128 -1.7167 -3.2056 0 0.0000 7.886
129 -1.7086 -3.2232 0 0.0000 7.885
130 -1.7073 -3.2142 0 0.0000 7.886
131 -1.7194 -3.2093 0 0.0000 7.887
132 -1.7530 -3.1512 0 0.0000 7.888
133 -1.7571 -3.1712 0 0.0000 7.890
134 -1.7766 -3.1777 0 0.0000 7.893
135 -1.7574 -3.1527 0 0.0000 7.894
136 -1.7614 -3.1532 0 0.0000 7.895
137 -1.7499 -3.1700 0 0.0000 7.893
138 -1.7442 -3.1711 0 0.0000 7.891
139 -1.7218 -3.1818 0 0.0000 7.890
140 -1.6991 -3.1878 0 0.0000 7.890
141 -1.7052 -3.1682 0 0.0000 7.890
142 -1.7105 -3.1599 0 0.0000 7.891
143 -1.7145 -3.1704 0 0.0000 7.890
144 -1.7209 -3.1658 0 0.0000 7.890
145 -1.7073 -3.1871 0 0.0000 7.889
146 -1.7126 -3.2012 0 0.0000 7.888
147 -1.7205 -3.1974 0 0.0000 7.887
148 -1.7347 -3.2069 0 0.0000 7.887
149 -1.7282 -3.2324 0 0.0000 7.888
150 -1.7286 -3.2154 0 0.0000 7.890
151 -1.7317 -3.1917 0 0.0000 7.891
152 -1.7398 -3.2039 0 0.0000 7.891
153 -1.7386 -3.2060 0 0.0000 7.890
154 -1.7588 -3.1839 0 0.0000 7.890
155 -1.7456 -3.1832 0 0.0000 7.889
156 -1.7417 -3.1934 0 0.0000 7.890
157 -1.7125 -3.2096 0 0.0000 7.890
158 -1.7362 -3.1769 0 0.0000 7.890
159 -1.7452 -3.1737 0 0.0000 7.891
160 -1.7388 -3.1629 0 0.0000 7.891
161 -1.7420 -3.1677 0 0.0000 7.890
162 -1.7454 -3.1728 0 0.0000 7.890
163 -1.7382 -3.1700 0 0.0000 7.890
164 -1.7362 -3.1931 0 0.0000 7.889
165 -1.7257 -3.2021 0 0.0000 7.889
166 -1.7223 -3.1942 0 0.0000 7.888
167 -1.7458 -3.1732 0 0.0000 7.888
168 -1.7425 -3.1746 0 0.0000 7.888
169 -1.7439 -3.1868 0 0.0000 7.889
170 -1.7533 -3.1836 0 0.0000 7.890
171 -1.7664 -3.1809 0 0.0000 7.892
172 -1.7693 -3.1783 0 0.0000 7.893
173 -1.7710 -3.1699 0 0.0000 7.894
174 -1.7735 -3.1954 0 0.0000 7.894
175 -1.7668 -3.1911 0 0.0000 7.894
176 -1.7641 -3.1880 0 0.0000 7.894
177 -1.7614 -3.1779 0 0.0000 7.894
178 -1.7619 -3.1744 0 0.0000 7.894
179 -1.7642 -3.1733 0 0.0000 7.893
180 -1.7635 -3.1654 0 0.0000 7.893
181 -1.7553 -3.1585 0 0.0000 7.892
182 -1.7550 -3.1654 0 0.0000 7.892
183 -1.7434 -3.1798 0 0.0000 7.891
184 -1.7403 -3.1813 0 0.0000 7.890
185 -1.7250 -3.1873 0 0.0000 7.890
186 -1.7499 -3.1992 0 0.0000 7.889
187 -1.7229 -3.1934 0 0.0000 7.889
188 -1.7330 -3.2038 0 0.0000 7.889
189 -1.7279 -3.1880 0 0.0000 7.889
190 -1.7387 -3.1589 0 0.0000 7.889
191 -1.7391 -3.1651 0 0.0000 7.890
192 -1.7502 -3.1665 0 0.0000 7.891
193 -1.7426 -3.1568 0 0.0000 7.892
194 -1.7392 -3.1486 0 0.0000 7.893
195 -1.7404 -3.1499 0 0.0000 7.894
196 -1.7313 -3.1433 0 0.0000 7.894
197 -1.7225 -3.1297 0 0.0000 7.894
198 -1.7174 -3.1143 0 0.0000 7.894
199 -1.7142 -3.1173 0 0.0000 7.894
200 -1.7082 -3.1307 0 0.0000 7.895
201 -1.7057 -3.1302 0 0.0000 7.895
202 -1.7052 -3.1237 0 0.0000 7.896
203 -1.7124 -3.1233 0 0.0000 7.897
204 -1.7135 -3.1235 0 0.0000 7.898
205 -1.7079 -3.1130 0 0.0000 7.899
206 -1.7073 -3.1093 0 0.0000 7.901
207 -1.7200 -3.1395 0 0.0000 7.904
208 -1.7092 -3.1202 0 0.0000 7.909
209 -1.7150 -3.0810 0 0.0000 7.915
210 -1.7173 -3.0901 0 0.0000 7.921
211 -1.6921 -3.0689 0 0.0000 7.928
212 -1.6787 -3.0648 0 0.0000 7.936
213 -1.7035 -3.0902 0 0.0000 7.944
214 -1.7230 -3.0723 0 0.0000 7.952
215 -1.7292 -3.0921 0 0.0000 7.961
216 -1.7094 -3.0605 0 0.0000 7.970
217 -1.6955 -3.0477 0 0.0000 7.979
218 -1.7150 -3.0718 0 0.0000 7.989
219 -1.7184 -3.0689 0 0.0000 7.997
220 -1.7235 -3.0595 0 0.0000 8.005
221 -1.7452 -3.1017 0 0.0000 8.010
222 -1.7698 -3.1290 0 0.0000 8.013
223 -1.7847 -3.1385 0 0.0000 8.013
224 -1.7685 -3.1418 0 0.0000 8.011
225 -1.7503 -3.1256 0 0.0000 8.008
226 -1.7406 -3.1094 0 0.0000 8.005
227 -1.7289 -3.0927 0 0.0000 8.003
228 -1.7250 -3.0906 0 0.0000 8.001
229 -1.6983 -3.0872 0 0.0000 8.002
230 -1.6866 -3.0675 0 0.0000 8.002
231 -1.6853 -3.0574 0 0.0000 8.003
232 -1.6898 -3.0607 0 0.0000 8.004
233 -1.6885 -3.0700 0 0.0000 8.005
234 -1.6914 -3.0708 0 0.0000 8.006
235 -1.7034 -3.0669 0 0.0000 8.007
236 -1.7050 -3.0820 0 0.0000 8.009
237 -1.7126 -3.0669 0 0.0000 8.012
238 -1.7088 -3.0613 0 0.0000 8.016
239 -1.6980 -3.0524 0 0.0000 8.020
240 -1.6824 -3.0486 0 0.0000 8.026
241 -1.6910 -3.0591 0 0.0000 8.032
242 -1.7006 -3.0591 0 0.0000 8.038
243 -1.6878 -3.0309 0 0.0000 8.044
244 -1.7033 -3.0656 0 0.0000 8.050
245 -1.7335 -3.0635 0 0.0000 8.053
246 -1.7612 -3.0851 0 0.0000 8.054
247 -1.7657 -3.1154 0 0.0000 8.053
248 -1.7656 -3.1371 0 0.0000 8.050
249 -1.7558 -3.1223 0 0.0000 8.046
250 -1.7569 -3.1132 0 0.0000 8.043
251 -1.7437 -3.1151 0 0.0000 8.039
252 -1.7425 -3.1248 0 0.0000 8.037
253 -1.7330 -3.1413 0 0.0000 8.035
254 -1.7177 -3.1530 0 0.0000 8.034
255 -1.7225 -3.1649 0 0.0000 8.034
256 -1.7167 -3.1426 0 0.0000 8.033
257 -1.7170 -3.1353 0 0.0000 8.033
258 -1.7204 -3.1453 0 0.0000 8.033
259 -1.7303 -3.1571 0 0.0000 8.032
260 -1.7476 -3.1612 0 0.0000 8.032
261 -1.7295 -3.1341 0 0.0000 8.032
262 -1.7359 -3.1500 0 0.0000 8.033
263 -1.7311 -3.1529 0 0.0000 8.033
264 -1.7223 -3.1606 0 0.0000 8.033
265 -1.7196 -3.1644 0 0.0000 8.033
266 -1.7173 -3.1598 0 0.0000 8.033
267 -1.7120 -3.1586 0 0.0000 8.033
268 -1.7224 -3.1516 0 0.0000 8.034
269 -1.7469 -3.1497 0 0.0000 8.034
270 -1.7243 -3.1425 0 0.0000 8.034
271 -1.7305 -3.1360 0 0.0000 8.034
272 -1.7198 -3.1365 0 0.0000 8.033
273 -1.7221 -3.1344 0 0.0000 8.033
274 -1.7121 -3.1566 0 0.0000 8.034
275 -1.7150 -3.1563 0 0.0000 8.034
276 -1.7087 -3.1551 0 0.0000 8.034
277 -1.7091 -3.1555 0 0.0000 8.033
278 -1.6996 -3.1330 0 0.0000 8.032
279 -1.7140 -3.1621 0 0.0000 8.032
280 -1.7150 -3.1471 0 0.0000 8.032
281 -1.7216 -3.1271 0 0.0000 8.032
282 -1.7243 -3.1368 0 0.0000 8.032
283 -1.7357 -3.1496 0 0.0000 8.032
284 -1.7359 -3.1542 0 0.0000 8.031
285 -1.7294 -3.1541 0 0.0000 8.032
286 -1.7371 -3.1521 0 0.0000 8.032
287 -1.7417 -3.1556 0 0.0000 8.033
288 -1.7193 -3.1417 0 0.0000 8.033
289 -1.7232 -3.1604 0 0.0000 8.032
290 -1.7173 -3.1592 0 0.0000 8.032
291 -1.7304 -3.1624 0 0.0000 8.032
292 -1.7313 -3.1476 0 0.0000 8.033
293 -1.7444 -3.1464 0 0.0000 8.034
294 -1.7389 -3.1400 0 0.0000 8.035
295 -1.7448 -3.1387 0 0.0000 8.035
296 -1.7424 -3.1445 0 0.0000 8.035
297 -1.7488 -3.1442 0 0.0000 8.034
298 -1.7401 -3.1513 0 0.0000 8.033
299 -1.7327 -3.1513 0 0.0000 8.033
