# step wm_danger det_logit danger fire dist_t
0 -2.2286 -1.3157 0 0.0000 24.759
1 0.4121 -0.3306 0 0.0000 26.851
2 0.6570 0.2521 0 0.0000 26.847
3 0.5605 0.6672 0 0.0000 26.835
4 0.1903 0.6859 0 0.0000 26.812
5 -0.9556 0.3826 0 0.0000 26.779
6 -1.5648 0.2159 0 0.0000 26.743
7 -1.1643 0.2791 0 0.0000 26.711
8 -1.2213 0.2110 0 0.0000 26.687
9 -1.5993 0.0135 0 0.0000 26.671
10 -1.5809 0.0362 0 0.0000 26.666
11 -0.5270 0.3111 0 0.0000 26.668
12 -0.1704 0.5732 0 0.0000 26.672
13 -0.0672 0.2685 0 0.0000 26.668
14 0.0830 0.6480 0 0.0000 26.651
15 0.0702 0.6744 0 0.0000 26.621
16 0.0576 0.6504 0 0.0000 26.579
17 -0.1338 0.4888 0 0.0000 26.525
18 -0.2260 0.4135 0 0.0000 26.462
19 -0.2677 0.4075 0 0.0000 26.391
20 -0.5936 0.1118 0 0.0000 26.312
21 -0.6206 0.1132 0 0.0000 26.228
22 -0.8608 -0.1581 0 0.0000 26.140
23 -0.7945 0.0216 0 0.0000 26.049
24 -1.0439 -0.0178 0 0.0000 25.957
25 -1.3358 0.0832 0 0.0000 25.864
26 -1.3947 0.1496 0 0.0000 25.773
27 -1.2916 0.1466 0 0.0000 25.683
28 -1.2017 0.2857 0 0.0000 25.593
29 -1.1519 0.2769 0 0.0000 25.503
30 -1.1621 0.3524 0 0.0000 25.413
31 -1.3017 0.2448 0 0.0000 25.322
32 -1.6484 0.1638 0 0.0000 25.232
33 -1.7244 0.0817 0 0.0000 25.144
34 -1.6280 0.0202 0 0.0000 25.058
35 -1.7208 -0.1000 0 0.0000 24.973
36 -1.5957 0.0013 0 0.0000 24.889
37 -1.4895 0.1005 0 0.0000 24.804
38 -1.7055 -0.2365 0 0.0000 24.719
39 -1.5102 -0.2253 0 0.0000 24.633
40 -1.7370 -0.1934 0 0.0000 24.563
41 -1.5069 -0.3123 0 0.0000 24.514
42 -1.3488 -0.2013 0 0.0000 24.466
43 -1.3874 -0.2923 0 0.0000 24.417
44 -1.5984 -0.5846 0 0.0000 24.371
45 -1.5990 -0.7065 0 0.0000 24.330
46 -1.4891 -0.4451 0 0.0000 24.297
47 -1.4304 -0.3428 0 0.0000 24.270
48 -1.4311 -0.2844 0 0.0000 24.244
49 -1.1924 -0.2428 0 0.0000 24.220
50 -1.1245 -0.2120 0 0.0000 24.196
51 -1.0912 -0.1493 0 0.0000 24.170
52 -1.0629 -0.0782 0 0.0000 24.143
53 -0.9941 -0.0589 0 0.0000 24.114
54 -0.9999 -0.0739 0 0.0000 24.082
55 -1.0181 -0.1141 0 0.0000 24.048
56 -1.1688 -0.2312 0 0.0000 24.013
57 -1.2270 -0.3662 0 0.0000 23.976
58 -1.3540 -0.5324 0 0.0000 23.937
59 -1.3792 -0.6235 0 0.0000 23.897
60 -1.3922 -0.5542 0 0.0000 23.856
61 -1.5400 -0.4685 0 0.0000 23.812
62 -1.4261 -0.4966 0 0.0000 23.768
63 -1.4680 -0.5565 0 0.0000 23.727
64 -1.5012 -0.4467 0 0.0000 23.688
65 -1.4245 -0.5580 0 0.0000 23.646
66 -1.3275 -0.5438 0 0.0000 23.602
67 -1.3718 -0.5696 0 0.0000 23.557
68 -1.2995 -0.4904 0 0.0000 23.510
69 -1.5198 -0.9388 0 0.0000 23.462
70 -1.8060 -1.4835 0 0.0000 23.411
71 -1.8618 -1.3838 0 0.0000 23.359
72 -2.0181 -1.3999 0 0.0000 23.304
73 -2.0890 -1.1368 0 0.0000 23.244
74 -2.7395 -1.2758 0 0.0000 23.181
75 -2.7607 -1.0524 0 0.0000 23.115
76 -3.1601 -1.1249 0 0.0000 23.046
77 -3.6510 -1.5545 0 0.0000 22.975
78 -3.9698 -1.7710 0 0.0000 22.902
79 -4.7180 -1.9975 0 0.0000 22.831
80 -4.7191 -2.0466 0 0.0000 22.771
81 -4.3375 -2.0195 0 0.0000 22.725
82 -5.1250 -2.2765 0 0.0000 22.692
83 -5.0132 -2.3774 0 0.0000 22.666
84 -5.5502 -2.5535 0 0.0000 22.639
85 -5.8097 -2.7823 0 0.0000 22.606
86 -6.1212 -3.0198 0 0.0000 22.561
87 -6.3760 -3.2114 0 0.0000 22.505
88 -6.5611 -3.5073 0 0.0000 22.441
89 -6.7852 -3.6096 0 0.0000 22.373
90 -6.8333 -3.6671 0 0.0000 22.303
91 -7.2420 -3.6289 0 0.0000 22.235
92 -7.1724 -3.5764 0 0.0000 22.171
93 -6.7046 -3.2963 0 0.0000 22.113
94 -6.5505 -3.1178 0 0.0000 22.064
95 -6.7607 -3.2050 0 0.0000 22.024
96 -6.3795 -2.9741 0 0.0000 21.992
97 -6.0692 -2.8627 0 0.0000 21.968
98 -6.5062 -3.0467 0 0.0000 21.949
99 -6.2161 -2.9166 0 0.0000 21.935
100 -6.5821 -3.0691 0 0.0000 21.925
101 -6.2453 -2.7984 0 0.0000 21.918
102 -6.6210 -2.9590 0 0.0000 21.913
103 -6.5480 -2.9306 0 0.0000 21.909
104 -6.6947 -2.9535 0 0.0000 21.906
105 -6.5513 -2.8724 0 0.0000 21.903
106 -6.2894 -2.6607 0 0.0000 21.901
107 -6.1625 -2.5626 0 0.0000 21.899
108 -6.3172 -2.5929 0 0.0000 21.898
109 -6.2478 -2.5185 0 0.0000 21.896
110 -6.4029 -2.5766 0 0.0000 21.895
111 -6.2365 -2.4519 0 0.0000 21.893
112 -6.0589 -2.3497 0 0.0000 21.892
113 -5.5692 -2.1497 0 0.0000 21.890
114 -5.7455 -2.1852 0 0.0000 21.888
115 -5.7661 -2.1272 0 0.0000 21.886
116 -5.3339 -1.8597 0 0.0000 21.884
117 -5.1034 -1.6767 0 0.0000 21.882
118 -5.1105 -1.6732 0 0.0000 21.880
119 -5.1972 -1.7003 0 0.0000 21.879
120 -5.5667 -1.9480 0 0.0000 21.881
121 -5.8769 -2.1468 0 0.0000 21.884
122 -6.0449 -2.2762 0 0.0000 21.888
123 -6.1907 -2.4008 0 0.0000 21.894
124 -6.3606 -2.5703 0 0.0000 21.902
125 -6.5237 -2.7340 0 0.0000 21.910
126 -6.9309 -2.9243 0 0.0000 21.917
127 -6.9830 -2.9223 0 0.0000 21.922
128 -6.9955 -2.9252 0 0.0000 21.925
129 -6.9699 -2.9326 0 0.0000 21.926
130 -6.9490 -2.9507 0 0.0000 21.925
131 -6.8962 -2.9785 0 0.0000 21.922
132 -6.7362 -2.8761 0 0.0000 21.918
133 -6.6801 -2.8329 0 0.0000 21.913
134 -6.7586 -2.8779 0 0.0000 21.907
135 -6.4902 -2.7365 0 0.0000 21.901
136 -6.4527 -2.6779 0 0.0000 21.895
137 -6.3939 -2.5728 0 0.0000 21.889
138 -6.4149 -2.5988 0 0.0000 21.883
139 -5.9646 -2.3900 0 0.0000 21.877
140 -5.8569 -2.3088 0 0.0000 21.871
141 -5.5504 -2.1692 0 0.0000 21.866
142 -5.6607 -2.1255 0 0.0000 21.860
143 -5.2774 -1.8898 0 0.0000 21.855
144 -5.4317 -1.8886 0 0.0000 21.851
145 -4.7609 -1.5290 0 0.0000 21.847
146 -4.9094 -1.6191 0 0.0000 21.845
147 -5.1174 -1.7417 0 0.0000 21.845
148 -5.4435 -1.9324 0 0.0000 21.847
149 -5.5435 -1.9990 0 0.0000 21.850
150 -5.8166 -2.2212 0 0.0000 21.856
151 -6.0070 -2.3659 0 0.0000 21.865
152 -6.1973 -2.5562 0 0.0000 21.874
153 -6.3050 -2.6680 0 0.0000 21.883
154 -6.6567 -2.9173 0 0.0000 21.891
155 -6.9417 -3.0329 0 0.0000 21.898
156 -6.9770 -3.0146 0 0.0000 21.903
