# step wm_danger det_logit danger fire dist_t
0 -1.5117 -2.0220 0 0.0000 12.042
1 0.3487 -0.8781 0 0.0000 26.851
2 0.6242 -0.5919 0 0.0000 26.851
3 0.8015 -0.0639 0 0.0000 26.847
4 0.5855 0.1732 0 0.0000 26.835
5 0.1746 0.3228 0 0.0000 26.813
6 -0.3742 0.3584 0 0.0000 26.783
7 -0.9276 0.2677 0 0.0000 26.742
8 -1.9360 0.0206 0 0.0000 26.688
9 -3.0224 -0.3550 0 0.0000 26.621
10 -3.7655 -0.6476 0 0.0000 26.544
11 -4.6489 -1.1111 0 0.0000 26.460
12 -5.3433 -1.6721 0 0.0000 26.371
13 -5.0601 -1.7519 0 0.0000 26.282
14 -5.4380 -1.8935 0 0.0000 26.195
15 -5.2993 -2.0297 0 0.0000 26.110
16 -5.9393 -2.2861 0 0.0000 26.024
17 -5.8864 -2.3998 0 0.0000 25.937
18 -5.9232 -2.4775 0 0.0000 25.848
19 -5.3704 -2.1529 0 0.0000 25.762
20 -5.6184 -2.2645 0 0.0000 25.687
21 -5.4234 -2.0090 0 0.0000 25.632
22 -5.2615 -1.8653 0 0.0000 25.599
23 -5.7388 -2.1839 0 0.0000 25.586
24 -5.5434 -2.0593 0 0.0000 25.591
25 -6.1962 -2.5089 0 0.0000 25.611
26 -5.8810 -2.2923 0 0.0000 25.642
27 -5.8302 -2.2101 0 0.0000 25.681
28 -6.0557 -2.4931 0 0.0000 25.723
29 -6.0675 -2.4425 0 0.0000 25.770
30 -6.0902 -2.4825 0 0.0000 25.820
31 -5.6921 -2.2012 0 0.0000 25.873
32 -5.9281 -2.3336 0 0.0000 25.929
33 -5.9184 -2.2898 0 0.0000 25.986
34 -5.9007 -2.2709 0 0.0000 26.045
35 -6.0187 -2.2410 0 0.0000 26.104
36 -5.9868 -2.1925 0 0.0000 26.163
37 -5.6818 -2.0142 0 0.0000 26.221
38 -5.3744 -1.7405 0 0.0000 26.277
39 -5.4054 -1.7383 0 0.0000 26.330
40 -5.3538 -1.5892 0 0.0000 26.379
41 -4.6176 -1.0975 0 0.0000 26.414
42 -4.2552 -1.0735 0 0.0000 26.428
43 -4.5250 -1.1994 0 0.0000 26.417
44 -5.0594 -1.4517 0 0.0000 26.387
45 -5.5149 -1.6988 0 0.0000 26.339
46 -5.9446 -2.0502 0 0.0000 26.278
47 -5.8734 -2.0627 0 0.0000 26.206
48 -6.3999 -2.3852 0 0.0000 26.126
49 -6.5008 -2.5393 0 0.0000 26.039
50 -5.9767 -2.3374 0 0.0000 25.949
51 -5.9265 -2.3209 0 0.0000 25.867
52 -5.9166 -2.3769 0 0.0000 25.801
53 -5.9640 -2.4612 0 0.0000 25.756
54 -5.9763 -2.4956 0 0.0000 25.730
55 -5.5705 -2.3307 0 0.0000 25.725
56 -5.8042 -2.3161 0 0.0000 25.737
57 -6.6486 -2.7510 0 0.0000 25.761
58 -6.1071 -2.5211 0 0.0000 25.795
59 -6.5872 -2.7754 0 0.0000 25.836
60 -6.1587 -2.4741 0 0.0000 25.882
61 -6.4307 -2.6481 0 0.0000 25.931
62 -6.2953 -2.5311 0 0.0000 25.983
63 -5.8649 -2.2083 0 0.0000 26.037
64 -5.5895 -2.0807 0 0.0000 26.092
65 -6.2739 -2.3152 0 0.0000 26.149
66 -5.3027 -1.8640 0 0.0000 26.205
67 -5.7227 -1.9816 0 0.0000 26.261
68 -5.4639 -1.7111 0 0.0000 26.315
69 -4.9947 -1.5003 0 0.0000 26.366
70 -4.9544 -1.2526 0 0.0000 26.414
71 -4.9960 -1.1817 0 0.0000 26.456
72 -5.0574 -1.2581 0 0.0000 26.485
73 -4.7828 -1.0118 0 0.0000 26.496
74 -4.7731 -1.2059 0 0.0000 26.482
75 -5.2248 -1.3093 0 0.0000 26.448
76 -5.2835 -1.4543 0 0.0000 26.397
77 -5.3132 -1.5134 0 0.0000 26.332
78 -5.9432 -1.8531 0 0.0000 26.257
79 -6.0055 -2.0642 0 0.0000 26.174
80 -5.9552 -2.1646 0 0.0000 26.084
81 -4.8044 -1.8192 0 0.0000 25.991
82 -3.6142 -1.1832 0 0.0000 25.905
83 -3.6422 -1.2482 0 0.0000 25.837
84 -3.8457 -1.2923 0 0.0000 25.790
85 -3.3132 -1.0457 0 0.0000 25.766
86 -3.6195 -1.0832 0 0.0000 25.761
87 -3.4948 -0.9660 0 0.0000 25.772
88 -4.1468 -1.3332 0 0.0000 25.797
89 -4.2568 -1.1760 0 0.0000 25.832
90 -4.1666 -1.1608 0 0.0000 25.874
91 -5.2956 -1.7382 0 0.0000 25.918
92 -4.1797 -1.2966 0 0.0000 25.963
93 -4.7110 -1.6041 0 0.0000 25.999
94 -4.6133 -1.6709 0 0.0000 26.026
95 -4.2194 -1.5052 0 0.0000 26.050
96 -4.0203 -1.3556 0 0.0000 26.062
97 -4.2210 -1.4790 0 0.0000 26.048
98 -3.7122 -1.1791 0 0.0000 26.019
99 -3.2203 -0.8972 0 0.0000 25.986
100 -3.7204 -1.1533 0 0.0000 25.957
101 -3.8624 -1.2083 0 0.0000 25.939
102 -3.0807 -0.9502 0 0.0000 25.929
103 -3.6155 -1.1008 0 0.0000 25.931
104 -2.8173 -0.5978 0 0.0000 25.944
105 -3.2227 -0.8214 0 0.0000 25.963
106 -3.3974 -0.9059 0 0.0000 25.981
107 -3.4550 -1.0376 0 0.0000 25.984
108 -4.1775 -1.1747 0 0.0000 25.965
109 -4.1018 -1.2303 0 0.0000 25.941
110 -3.7805 -1.1752 0 0.0000 25.922
111 -3.5300 -1.0874 0 0.0000 25.910
112 -3.6031 -1.1459 0 0.0000 25.905
113 -3.2614 -1.0049 0 0.0000 25.910
114 -3.5383 -1.0407 0 0.0000 25.920
115 -3.4169 -0.9844 0 0.0000 25.932
116 -4.8100 -1.5485 0 0.0000 25.943
117 -4.4574 -1.5036 0 0.0000 25.953
118 -3.9340 -1.2580 0 0.0000 25.959
119 -4.2205 -1.3539 0 0.0000 25.952
120 -3.6181 -1.1683 0 0.0000 25.938
121 -3.0397 -0.6885 0 0.0000 25.922
122 -3.4364 -1.0582 0 0.0000 25.908
123 -3.2131 -1.0692 0 0.0000 25.900
124 -3.4477 -1.0861 0 0.0000 25.901
125 -2.9108 -0.8376 0 0.0000 25.909
126 -2.7777 -0.8129 0 0.0000 25.923
127 -2.6804 -0.4997 0 0.0000 25.935
128 -4.5565 -1.3747 0 0.0000 25.943
129 -4.3319 -1.3443 0 0.0000 25.952
130 -4.5380 -1.4649 0 0.0000 25.960
131 -4.4597 -1.4404 0 0.0000 25.964
132 -4.2312 -1.3627 0 0.0000 25.964
133 -3.9983 -1.0569 0 0.0000 25.953
134 -3.5396 -1.0041 0 0.0000 25.932
135 -3.3143 -0.9043 0 0.0000 25.908
136 -3.6213 -1.1035 0 0.0000 25.886
137 -3.4404 -1.0495 0 0.0000 25.874
138 -3.3891 -1.0716 0 0.0000 25.870
139 -2.9139 -0.9008 0 0.0000 25.875
140 -3.0416 -0.7511 0 0.0000 25.887
141 -3.9846 -1.2397 0 0.0000 25.900
142 -4.2523 -1.3859 0 0.0000 25.913
143 -3.6263 -1.1788 0 0.0000 25.924
144 -4.1538 -1.3869 0 0.0000 25.926
145 -3.8107 -1.2639 0 0.0000 25.924
146 -4.4640 -1.3622 0 0.0000 25.911
147 -3.9617 -1.2562 0 0.0000 25.890
148 -3.1432 -0.9917 0 0.0000 25.872
149 -3.2906 -1.0297 0 0.0000 25.860
150 -3.5322 -1.0674 0 0.0000 25.854
151 -3.8498 -1.1757 0 0.0000 25.856
152 -2.8380 -0.8514 0 0.0000 25.867
153 -3.0905 -0.6892 0 0.0000 25.878
154 -4.6746 -1.3563 0 0.0000 25.888
155 -3.9896 -1.2279 0 0.0000 25.898
156 -4.2142 -1.3633 0 0.0000 25.907
157 -4.0736 -1.3251 0 0.0000 25.910
158 -4.0408 -1.2884 0 0.0000 25.900
159 -3.1581 -0.8878 0 0.0000 25.881
160 -3.0524 -0.9565 0 0.0000 25.866
161 -3.2208 -0.9468 0 0.0000 25.857
162 -3.4517 -1.0470 0 0.0000 25.857
163 -3.0979 -0.9519 0 0.0000 25.865
164 -2.6401 -0.6637 0 0.0000 25.877
165 -3.3394 -0.9472 0 0.0000 25.888
166 -3.9598 -1.0796 0 0.0000 25.895
167 -4.3015 -1.3285 0 0.0000 25.903
168 -4.5423 -1.4721 0 0.0000 25.909
169 -4.4086 -1.4472 0 0.0000 25.912
170 -4.1441 -1.3768 0 0.0000 25.912
171 -4.0183 -1.3518 0 0.0000 25.908
172 -3.3393 -0.9312 0 0.0000 25.893
173 -3.5881 -1.0543 0 0.0000 25.868
174 -3.3707 -1.1014 0 0.0000 25.846
175 -3.4205 -1.1347 0 0.0000 25.831
176 -3.4251 -1.1334 0 0.0000 25.826
177 -2.7395 -0.8074 0 0.0000 25.831
178 -2.7166 -0.7878 0 0.0000 25.843
179 -3.2590 -0.8273 0 0.0000 25.856
180 -4.0030 -1.1997 0 0.0000 25.867
181 -3.9955 -1.3082 0 0.0000 25.877
182 -4.0426 -1.3408 0 0.0000 25.883
183 -4.0153 -1.3275 0 0.0000 25.883
184 -4.0487 -1.3726 0 0.0000 25.879
185 -4.1707 -1.4394 0 0.0000 25.873
186 -3.9300 -1.3213 0 0.0000 25.866
187 -3.7885 -1.2236 0 0.0000 25.861
188 -4.0988 -1.4015 0 0.0000 25.858
189 -3.2406 -0.9725 0 0.0000 25.857
190 -3.4855 -1.0925 0 0.0000 25.858
191 -3.6364 -1.1429 0 0.0000 25.861
192 -3.8617 -1.2416 0 0.0000 25.863
193 -4.0136 -1.3384 0 0.0000 25.867
194 -3.5655 -1.2695 0 0.0000 25.870
195 -3.4421 -0.9875 0 0.0000 25.864
196 -3.2138 -0.9920 0 0.0000 25.847
197 -3.5515 -1.1452 0 0.0000 25.833
198 -3.3036 -1.0596 0 0.0000 25.823
199 -3.2128 -0.9851 0 0.0000 25.821
200 -3.8209 -1.2445 0 0.0000 25.825
201 -3.1173 -0.9340 0 0.0000 25.834
202 -3.5441 -1.0858 0 0.0000 25.845
203 -4.3955 -1.4229 0 0.0000 25.854
204 -4.3613 -1.4611 0 0.0000 25.862
205 -4.2483 -1.4110 0 0.0000 25.867
206 -4.1016 -1.3358 0 0.0000 25.870
207 -3.9503 -1.2539 0 0.0000 25.869
208 -4.1784 -1.3790 0 0.0000 25.863
209 -4.0602 -1.3715 0 0.0000 25.855
210 -3.8104 -1.2617 0 0.0000 25.850
211 -3.5970 -1.1473 0 0.0000 25.847
212 -3.7027 -1.1653 0 0.0000 25.846
213 -2.8916 -0.8470 0 0.0000 25.847
214 -3.6494 -1.0514 0 0.0000 25.848
215 -3.8266 -1.1616 0 0.0000 25.850
216 -3.6746 -1.1309 0 0.0000 25.852
217 -4.1484 -1.2806 0 0.0000 25.856
218 -4.2066 -1.3565 0 0.0000 25.860
219 -3.8947 -1.2807 0 0.0000 25.863
220 -3.6359 -1.0513 0 0.0000 25.863
221 -4.2566 -1.3417 0 0.0000 25.860
222 -3.9197 -1.3154 0 0.0000 25.857
223 -3.7218 -1.2229 0 0.0000 25.854
224 -3.4390 -1.0460 0 0.0000 25.851
225 -3.3085 -0.9973 0 0.0000 25.848
226 -3.2258 -0.9320 0 0.0000 25.846
227 -3.3198 -0.9449 0 0.0000 25.846
228 -2.8938 -0.6791 0 0.0000 25.847
229 -3.7636 -1.1621 0 0.0000 25.850
230 -3.3998 -0.9171 0 0.0000 25.854
231 -3.8580 -1.2469 0 0.0000 25.858
232 -3.9474 -1.2521 0 0.0000 25.861
233 -3.9183 -1.2859 0 0.0000 25.862
234 -3.5917 -1.1566 0 0.0000 25.861
235 -3.6523 -1.1066 0 0.0000 25.857
236 -3.2469 -0.9210 0 0.0000 25.850
237 -3.3236 -0.9789 0 0.0000 25.845
238 -3.1616 -0.9349 0 0.0000 25.842
239 -3.1125 -0.8681 0 0.0000 25.840
240 -2.4871 -0.7193 0 0.0000 25.840
241 -3.2883 -0.8657 0 0.0000 25.840
242 -3.3842 -1.0517 0 0.0000 25.840
243 -4.1841 -1.3808 0 0.0000 25.843
244 -3.4723 -1.0883 0 0.0000 25.849
245 -3.2006 -0.9330 0 0.0000 25.855
246 -4.3562 -1.3669 0 0.0000 25.856
247 -4.0830 -1.3218 0 0.0000 25.855
248 -4.0815 -1.3896 0 0.0000 25.856
249 -3.7320 -1.2501 0 0.0000 25.858
250 -3.4950 -1.1439 0 0.0000 25.860
251 -3.3295 -1.0465 0 0.0000 25.857
252 -3.9594 -1.2948 0 0.0000 25.850
253 -3.4769 -1.1290 0 0.0000 25.844
254 -3.5992 -1.1787 0 0.0000 25.841
255 -3.6014 -1.1587 0 0.0000 25.842
256 -3.4503 -1.0864 0 0.0000 25.845
257 -3.0399 -0.8956 0 0.0000 25.850
258 -3.7372 -1.1425 0 0.0000 25.854
259 -3.7375 -1.1554 0 0.0000 25.857
260 -3.2524 -1.0699 0 0.0000 25.860
261 -3.6111 -0.9319 0 0.0000 25.853
262 -3.6542 -1.0849 0 0.0000 25.835
263 -3.3436 -1.0809 0 0.0000 25.817
264 -3.4495 -1.1899 0 0.0000 25.802
265 -3.5244 -1.1588 0 0.0000 25.795
266 -3.5323 -1.1757 0 0.0000 25.797
267 -3.0712 -1.0351 0 0.0000 25.807
268 -3.2849 -1.0484 0 0.0000 25.821
269 -3.5196 -1.0359 0 0.0000 25.834
270 -4.1678 -1.2527 0 0.0000 25.843
271 -4.4132 -1.4493 0 0.0000 25.849
272 -3.6529 -1.2039 0 0.0000 25.852
273 -3.9283 -1.2320 0 0.0000 25.843
274 -3.2843 -1.0586 0 0.0000 25.828
275 -3.4868 -1.1002 0 0.0000 25.812
276 -3.1607 -0.9692 0 0.0000 25.797
277 -3.0563 -0.9151 0 0.0000 25.791
278 -3.5300 -1.1014 0 0.0000 25.793
279 -2.7807 -0.8111 0 0.0000 25.803
280 -2.7475 -0.6492 0 0.0000 25.816
281 -4.0800 -1.2121 0 0.0000 25.828
282 -4.3602 -1.3515 0 0.0000 25.838
283 -4.0561 -1.3147 0 0.0000 25.846
284 -3.9051 -1.3151 0 0.0000 25.847
285 -4.0860 -1.3400 0 0.0000 25.842
286 -3.9581 -1.3064 0 0.0000 25.834
287 -3.6341 -1.1446 0 0.0000 25.825
288 -3.1987 -0.9644 0 0.0000 25.818
289 -3.3545 -0.9529 0 0.0000 25.812
290 -3.3013 -1.0274 0 0.0000 25.808
291 -3.4000 -1.0557 0 0.0000 25.809
292 -3.3721 -1.0021 0 0.0000 25.813
293 -3.3819 -1.0266 0 0.0000 25.820
294 -3.4117 -1.0716 0 0.0000 25.828
295 -3.5233 -1.1568 0 0.0000 25.835
296 -3.7238 -1.1616 0 0.0000 25.838
297 -4.1749 -1.2801 0 0.0000 25.835
298 -4.0068 -1.3443 0 0.0000 25.831
299 -3.7795 -1.2596 0 0.0000 25.827
