# step wm_danger det_logit danger fire dist_t
0 -1.5229 -2.4512 0 0.0000 25.475
1 -1.0344 -0.3244 0 0.0000 12.041
2 -0.5358 -0.0980 0 0.0000 12.040
3 0.0013 0.1586 0 0.0000 12.035
4 0.0320 0.1756 0 0.0000 12.024
5 -0.1785 -0.0508 0 0.0000 12.008
6 -0.3663 -0.2300 0 0.0000 11.986
7 -0.5637 -0.3845 0 0.0000 11.961
8 -0.6952 -0.4640 0 0.0000 11.935
9 -0.8567 -0.5489 0 0.0000 11.908
10 -1.0876 -0.6286 0 0.0000 11.883
11 -1.1757 -0.6798 0 0.0000 11.858
12 -1.8026 -0.8935 0 0.0000 11.836
13 -3.9063 -1.3832 0 0.0000 11.817
14 -4.1668 -1.2990 0 0.0000 11.805
15 -5.0239 -1.8729 0 0.0000 11.803
16 -4.1814 -1.3662 0 0.0000 11.809
17 -3.1265 -0.9174 0 0.0000 11.826
18 -2.4357 -0.1014 0 0.0000 11.851
19 -1.0177 0.3773 0 0.0000 11.880
20 -0.3166 0.5223 0 0.0000 11.908
21 0.0350 0.3788 0 0.0000 11.931
22 -0.0504 0.3306 0 0.0000 11.949
23 -0.2919 0.1632 0 0.0000 11.961
24 -0.2162 0.2027 0 0.0000 11.967
25 0.2060 0.3272 0 0.0000 11.969
26 -0.4897 -0.2474 0 0.0000 11.968
27 -0.3042 -0.0950 0 0.0000 11.966
28 -0.2674 -0.1065 0 0.0000 11.961
29 -0.1564 -0.0384 0 0.0000 11.955
30 -0.0592 0.0416 0 0.0000 11.948
31 0.1648 0.1499 0 0.0000 11.943
32 0.4010 0.2611 0 0.0000 11.937
33 0.5028 0.4192 0 0.0000 11.931
34 0.4155 0.6253 0 0.0000 11.922
35 0.4453 1.1688 0 0.0000 11.904
36 0.2574 0.9024 0 0.0000 11.875
37 0.2151 0.7615 0 0.0000 11.832
38 0.2294 0.7986 0 0.0000 11.777
39 0.0537 0.0833 0 0.0000 11.712
40 0.0485 0.0264 0 0.0000 11.642
41 0.0662 0.2301 0 0.0000 11.568
42 -0.0114 0.0021 0 0.0000 11.489
43 0.1460 0.1542 0 0.0000 11.408
44 0.1924 0.0804 0 0.0000 11.326
45 -0.2191 -0.2860 0 0.0000 11.241
46 -0.8437 -0.3409 0 0.0000 11.156
47 -0.8269 -0.3689 0 0.0000 11.069
48 -0.1760 -0.0806 0 0.0000 11.091
49 -0.3403 -0.1156 0 0.0000 11.110
50 -0.0585 0.1214 0 0.0000 11.118
51 -0.3080 0.0540 0 0.0000 11.110
52 -0.0795 0.1853 0 0.0000 11.090
53 -0.1781 0.1196 0 0.0000 11.057
54 -0.4434 -0.0090 0 0.0000 11.015
55 -0.5582 -0.1438 0 0.0000 10.967
56 -0.4976 -0.0940 0 0.0000 10.912
57 -0.7045 -0.2876 0 0.0000 10.851
58 -0.8740 -0.3173 0 0.0000 10.788
59 -1.3344 -0.7381 0 0.0000 10.724
60 -1.2458 -0.6799 0 0.0000 10.659
61 -1.1739 -0.6860 0 0.0000 10.594
62 -1.1614 -0.7138 0 0.0000 10.529
63 -1.1785 -0.8081 0 0.0000 10.464
64 -1.0810 -0.8361 0 0.0000 10.400
65 -1.0997 -0.9318 0 0.0000 10.336
66 -0.8859 -0.7015 0 0.0000 10.273
67 -0.8794 -0.6689 0 0.0000 10.209
68 -0.8534 -0.6707 0 0.0000 10.145
69 -0.8914 -0.7171 0 0.0000 10.079
70 -0.8573 -0.6065 0 0.0000 10.012
71 -0.6355 -0.3774 0 0.0000 9.946
72 -0.7981 -0.5119 0 0.0000 9.879
73 -0.8455 -0.5973 0 0.0000 9.811
74 -0.6381 -0.3957 0 0.0000 9.741
75 -0.7943 -0.5499 0 0.0000 9.668
76 -0.6530 -0.4636 0 0.0000 9.595
77 -0.5094 -0.2279 0 0.0000 9.521
78 -0.6914 -0.3519 0 0.0000 9.446
79 -0.6283 -0.2981 0 0.0000 9.369
80 -0.5191 -0.2500 0 0.0000 9.290
81 -0.3866 -0.2031 0 0.0000 9.210
82 -0.1541 0.0810 0 0.0000 9.129
83 -0.4842 -0.0498 0 0.0000 9.048
84 -0.5447 -0.0789 0 0.0000 8.963
85 -0.4528 -0.0221 0 0.0000 8.874
86 -0.1811 -0.0886 0 0.0000 8.782
87 -0.3864 -0.1136 0 0.0000 8.687
88 -0.3664 -0.1807 0 0.0000 8.592
89 -0.1552 0.1630 0 0.0000 8.497
90 -0.5193 -0.1854 0 0.0000 8.402
91 -0.2611 0.0044 0 0.0000 8.306
92 -0.4565 -0.0439 0 0.0000 8.209
93 -0.2990 0.0368 0 0.0000 8.111
94 -0.1489 0.0214 0 0.0000 8.012
95 -0.3346 0.0209 1 0.0500 7.913
96 -0.9518 -0.5174 1 0.1000 7.817
97 -1.1185 -0.5798 1 0.1500 7.730
98 -1.0281 -0.6577 1 0.2000 7.652
99 -0.9490 -0.6185 1 0.2500 7.585
100 -1.8085 -0.7193 1 0.3000 7.525
101 -0.4786 -0.5382 1 0.3500 7.468
102 -1.9558 -1.0538 1 0.4000 7.418
103 -0.9622 -0.6990 1 0.4500 7.373
104 -1.1984 -0.8480 1 0.5000 7.337
105 -1.3425 -0.5852 1 0.5500 7.306
106 -1.3417 -0.8711 1 0.6000 7.276
107 -0.6275 -0.2760 1 0.6500 7.250
108 -0.7865 -0.2908 1 0.7000 7.227
109 -0.2300 0.0442 1 0.7500 7.197
110 -0.3803 -0.0260 1 0.8000 7.158
111 -0.2594 -0.1744 1 0.8500 7.111
112 -2.0086 -0.6812 1 0.9000 7.057
113 -0.9334 -0.6759 1 0.9500 6.998
114 -2.7093 -1.1080 0 1.0000 6.944
115 -1.5671 -0.4933 0 1.0000 6.881
116 -0.2299 0.2412 0 1.0000 6.800
117 0.4269 0.7318 0 1.0000 6.698
118 1.3305 1.5429 0 1.0000 6.578
119 1.8362 1.5045 0 1.0000 6.444
120 1.9159 1.2477 0 1.0000 6.305
121 1.5989 0.8024 0 1.0000 6.173
122 0.7524 0.4036 0 1.0000 6.012
123 0.7519 0.4527 0 1.0000 5.846
124 0.7045 0.3301 0 1.0000 5.729
125 0.6564 0.2777 0 1.0000 5.703
126 0.7152 0.3721 0 1.0000 5.716
127 0.7224 0.3923 0 1.0000 5.718
128 0.7136 0.3814 0 1.0000 5.717
129 0.7140 0.3811 0 1.0000 5.717
130 0.7095 0.3744 0 1.0000 5.717
131 0.7109 0.3715 0 1.0000 5.717
