# step wm_danger det_logit danger fire dist_t
0 -4.3664 -3.1614 0 0.0000 19.000
1 0.3592 0.6413 0 0.0000 21.657
2 0.3085 0.8690 0 0.0000 21.662
3 0.2950 0.8524 0 0.0000 21.671
4 0.2669 0.8644 0 0.0000 21.681
5 0.2937 0.9801 0 0.0000 21.692
6 0.2753 0.9489 0 0.0000 21.702
7 0.2873 0.8601 0 0.0000 21.713
8 -0.0113 0.5255 0 0.0000 21.726
9 0.1351 0.7286 0 0.0000 21.743
10 0.3239 1.0525 0 0.0000 21.761
11 0.3352 0.9404 0 0.0000 21.778
12 0.3628 1.0416 0 0.0000 21.783
13 0.1169 0.6884 0 0.0000 21.777
14 0.2654 0.9439 0 0.0000 21.769
15 0.2965 0.9648 0 0.0000 21.759
16 0.1569 0.7688 0 0.0000 21.746
17 0.1427 0.6628 0 0.0000 21.730
18 0.2021 0.7619 0 0.0000 21.714
19 0.2937 0.9248 0 0.0000 21.698
20 0.1976 0.7191 0 0.0000 21.682
21 0.1934 0.7984 0 0.0000 21.664
22 0.2337 0.8094 0 0.0000 21.647
23 0.1937 0.8265 0 0.0000 21.628
24 0.3948 1.1035 0 0.0000 21.608
25 0.3289 0.9859 0 0.0000 21.582
26 0.2252 0.8257 0 0.0000 21.549
27 0.1740 0.8088 0 0.0000 21.513
28 0.1124 0.6222 0 0.0000 21.475
29 0.1912 0.8541 0 0.0000 21.439
30 0.1468 0.6693 0 0.0000 21.403
31 0.1425 0.7341 0 0.0000 21.368
32 0.1098 0.7874 0 0.0000 21.335
33 0.1385 0.7105 0 0.0000 21.301
34 0.2006 0.8397 0 0.0000 21.266
35 0.1620 0.7693 0 0.0000 21.229
36 0.1788 0.8109 0 0.0000 21.191
37 0.1127 0.7409 0 0.0000 21.150
38 0.0562 0.6072 0 0.0000 21.108
39 0.0754 0.6741 0 0.0000 21.065
40 0.3481 1.0611 0 0.0000 21.021
41 0.1675 0.7378 0 0.0000 20.977
42 0.1628 0.7352 0 0.0000 20.934
43 0.1742 0.7294 0 0.0000 20.891
44 0.2301 0.7787 0 0.0000 20.849
45 0.2622 0.9272 0 0.0000 20.808
46 0.1630 0.7676 0 0.0000 20.769
47 0.1058 0.7647 0 0.0000 20.732
48 0.1207 0.7272 0 0.0000 20.696
49 0.2237 0.8740 0 0.0000 20.660
50 0.2838 0.9803 0 0.0000 20.620
51 0.2383 0.9220 0 0.0000 20.577
52 0.1505 0.6963 0 0.0000 20.531
53 0.3087 1.0671 0 0.0000 20.484
54 0.2738 0.9109 0 0.0000 20.435
55 0.2188 0.7795 0 0.0000 20.381
56 0.2306 0.6488 0 0.0000 20.326
57 0.3290 0.8442 0 0.0000 20.275
58 0.4276 0.9110 0 0.0000 20.230
59 0.4177 0.9629 0 0.0000 20.194
60 0.1830 0.6595 0 0.0000 20.163
61 0.2078 0.7401 0 0.0000 20.139
62 0.2410 0.8237 0 0.0000 20.119
63 0.2041 0.8091 0 0.0000 20.103
64 0.2269 0.7900 0 0.0000 20.091
65 0.2638 0.9354 0 0.0000 20.079
66 0.2937 0.9448 0 0.0000 20.064
67 0.2442 0.8894 0 0.0000 20.046
68 0.1373 0.7342 0 0.0000 20.024
69 0.3603 1.0816 0 0.0000 19.999
70 0.2236 0.8155 0 0.0000 19.970
71 0.3816 0.9790 0 0.0000 19.940
72 0.2273 0.8022 0 0.0000 19.906
73 0.2809 0.9576 0 0.0000 19.868
74 0.1893 0.7806 0 0.0000 19.826
75 0.2123 0.7319 0 0.0000 19.783
76 0.3204 0.9661 0 0.0000 19.740
77 0.3114 1.0266 0 0.0000 19.697
78 0.3731 0.9917 0 0.0000 19.650
79 0.5938 1.1608 0 0.0000 19.596
80 0.1650 0.7399 0 0.0000 19.535
81 0.3396 0.9958 0 0.0000 19.472
82 0.3052 0.9165 0 0.0000 19.408
83 0.2974 0.9841 0 0.0000 19.344
84 0.2784 0.9547 0 0.0000 19.278
85 0.3456 0.9400 0 0.0000 19.212
86 0.2891 0.8697 0 0.0000 19.149
87 0.2816 0.9169 0 0.0000 19.088
88 0.3180 0.9903 0 0.0000 19.026
89 0.2452 0.8208 0 0.0000 18.962
90 0.2127 0.8936 0 0.0000 18.898
91 0.2057 0.8364 0 0.0000 18.834
92 0.1037 0.6405 0 0.0000 18.769
93 0.3164 0.9842 0 0.0000 18.707
94 0.3349 0.9675 0 0.0000 18.647
95 0.2212 0.8145 0 0.0000 18.589
96 0.2871 0.9669 0 0.0000 18.531
97 0.2874 0.9769 0 0.0000 18.474
98 0.2344 0.8900 0 0.0000 18.416
99 0.2654 0.8926 0 0.0000 18.358
100 0.3226 0.9902 0 0.0000 18.299
101 0.3544 1.0643 0 0.0000 18.239
102 0.3504 1.0186 0 0.0000 18.177
103 0.3512 0.9763 0 0.0000 18.112
104 0.3264 1.0124 0 0.0000 18.042
105 0.2266 0.8963 0 0.0000 17.971
106 0.1759 0.7180 0 0.0000 17.900
107 0.1238 0.6829 0 0.0000 17.834
108 0.2472 0.8564 0 0.0000 17.771
109 0.3818 1.0779 0 0.0000 17.712
110 0.3467 1.0996 0 0.0000 17.654
111 0.4342 1.1406 0 0.0000 17.594
112 0.3730 1.0297 0 0.0000 17.531
113 0.3598 1.0779 0 0.0000 17.463
114 0.2746 0.9629 0 0.0000 17.390
115 0.1968 0.8749 0 0.0000 17.313
116 0.1691 0.8588 0 0.0000 17.233
117 0.2046 0.8189 0 0.0000 17.152
118 0.2301 0.9212 0 0.0000 17.069
119 0.2177 0.9663 0 0.0000 16.985
120 0.2491 0.9884 0 0.0000 16.903
121 0.2504 0.9768 0 0.0000 16.821
122 0.1907 0.8941 0 0.0000 16.739
123 0.1521 0.6817 0 0.0000 16.660
124 0.2039 0.8364 0 0.0000 16.583
125 0.0213 0.4770 0 0.0000 16.508
126 0.1714 0.8211 0 0.0000 16.434
127 0.2309 0.9355 0 0.0000 16.361
128 0.2195 0.9520 0 0.0000 16.288
129 0.2443 0.9580 0 0.0000 16.214
130 0.2013 0.8750 0 0.0000 16.137
131 0.0666 0.6620 0 0.0000 16.057
132 0.0665 0.6121 0 0.0000 15.975
133 0.1223 0.6484 0 0.0000 15.892
134 0.0976 0.6621 0 0.0000 15.809
135 0.0919 0.6744 0 0.0000 15.727
136 0.1172 0.7124 0 0.0000 15.645
137 0.0523 0.5726 0 0.0000 15.564
138 0.1028 0.6553 0 0.0000 15.482
139 0.0658 0.6104 0 0.0000 15.399
140 0.0989 0.6488 0 0.0000 15.315
141 0.1167 0.7499 0 0.0000 15.228
142 0.0886 0.6464 0 0.0000 15.141
143 0.0386 0.6969 0 0.0000 15.054
144 -0.0067 0.4723 0 0.0000 14.965
145 -0.0035 0.5417 0 0.0000 14.875
146 0.0604 0.6166 0 0.0000 14.784
147 0.1452 0.7137 0 0.0000 14.692
148 0.0871 0.6661 0 0.0000 14.601
149 0.1043 0.7782 0 0.0000 14.512
150 0.0878 0.7216 0 0.0000 14.422
151 0.0341 0.6199 0 0.0000 14.332
152 -0.0263 0.5391 0 0.0000 14.241
153 0.0258 0.6541 0 0.0000 14.149
154 -0.1185 0.4361 0 0.0000 14.056
155 -0.2038 0.2542 0 0.0000 13.962
156 -0.0429 0.5077 0 0.0000 13.868
157 -0.0502 0.4958 0 0.0000 13.774
158 -0.0926 0.4359 0 0.0000 13.680
159 -0.0413 0.4639 0 0.0000 13.585
160 -0.1562 0.2852 0 0.0000 13.489
161 -0.1660 0.2605 0 0.0000 13.393
162 -0.2250 0.2699 0 0.0000 13.295
163 -0.1722 0.4006 0 0.0000 13.198
164 -0.1518 0.3836 0 0.0000 13.101
165 -0.2339 0.1614 0 0.0000 13.004
166 -0.2553 0.2047 0 0.0000 12.907
167 -0.2399 0.1233 0 0.0000 12.810
168 -0.2675 -0.0136 0 0.0000 12.713
169 -0.2193 0.1774 0 0.0000 12.616
170 -0.2146 0.0507 0 0.0000 12.520
171 -0.2641 0.0608 0 0.0000 12.425
172 -0.2010 0.1568 0 0.0000 12.332
173 -0.2297 0.1324 0 0.0000 12.239
174 -0.3588 -0.1312 0 0.0000 12.146
175 -0.3426 -0.2063 0 0.0000 12.052
176 -0.3985 -0.2267 0 0.0000 11.957
177 -0.4729 -0.3663 0 0.0000 11.861
178 -0.6423 -0.5528 0 0.0000 11.764
179 -0.5386 -0.5764 0 0.0000 11.730
180 -0.3329 -0.0989 0 0.0000 11.734
181 -0.2661 0.0406 0 0.0000 11.732
182 -0.2550 0.0736 0 0.0000 11.725
183 -0.2826 0.0487 0 0.0000 11.719
184 -0.2972 0.0459 0 0.0000 11.717
185 -0.3526 -0.0237 0 0.0000 11.715
186 -0.3368 -0.0034 0 0.0000 11.714
187 -0.2694 0.0993 0 0.0000 11.715
188 -0.2277 0.1772 0 0.0000 11.716
189 -0.2078 0.2391 0 0.0000 11.719
190 -0.1454 0.8798 0 0.0000 11.720
191 -0.2978 0.0991 0 0.0000 11.721
192 -0.2842 0.1974 0 0.0000 11.721
193 -0.2315 1.0732 0 0.0000 11.722
194 -0.7849 1.1458 0 0.0000 11.723
195 -0.0597 0.6633 0 0.0000 11.727
196 -0.1472 0.2636 0 0.0000 11.728
197 -0.1458 0.2519 0 0.0000 11.729
198 -0.1437 0.2560 0 0.0000 11.730
199 -0.1546 0.2236 0 0.0000 11.730
200 -0.1819 0.1845 0 0.0000 11.729
201 -0.1669 0.2291 0 0.0000 11.728
202 -0.0846 0.3377 0 0.0000 11.728
203 -0.1161 0.3091 0 0.0000 11.727
