# step wm_danger det_logit danger fire dist_t
0 0.0773 0.7282 0 0.0000 8.544
1 -0.8240 -0.1047 0 0.0000 12.042
2 -1.2848 -0.3545 0 0.0000 12.043
3 -1.9656 -0.5268 0 0.0000 12.040
4 -2.7070 -0.7363 0 0.0000 12.032
5 -2.8183 -0.7681 0 0.0000 12.018
6 -2.1420 -0.4034 0 0.0000 12.004
7 -1.9653 -0.3658 0 0.0000 11.989
8 -2.0219 -0.3964 0 0.0000 11.974
9 -2.3442 -0.6445 0 0.0000 11.958
10 -2.3333 -0.5969 0 0.0000 11.940
11 -2.5268 -0.6938 0 0.0000 11.923
12 -3.1744 -1.0862 0 0.0000 11.907
13 -3.1850 -1.1010 0 0.0000 11.891
14 -3.5872 -1.3422 0 0.0000 11.877
15 -4.0691 -1.6324 0 0.0000 11.864
16 -4.6564 -2.0379 0 0.0000 11.853
17 -5.1261 -2.3450 0 0.0000 11.843
18 -5.5362 -2.5263 0 0.0000 11.834
19 -5.9258 -2.7778 0 0.0000 11.823
20 -6.3306 -3.0311 0 0.0000 11.807
21 -6.8498 -3.2397 0 0.0000 11.787
22 -7.2297 -3.4666 0 0.0000 11.764
23 -7.2914 -3.5510 0 0.0000 11.744
24 -7.2982 -3.5798 0 0.0000 11.731
25 -7.3788 -3.6696 0 0.0000 11.727
26 -7.3307 -3.6674 0 0.0000 11.734
27 -6.9632 -3.4632 0 0.0000 11.752
28 -6.8608 -3.3194 0 0.0000 11.779
29 -6.8354 -3.3784 0 0.0000 11.815
30 -6.6517 -3.2900 0 0.0000 11.856
31 -6.5051 -3.2235 0 0.0000 11.903
32 -6.4205 -3.2088 0 0.0000 11.953
33 -6.3648 -3.1887 0 0.0000 12.006
34 -6.2502 -3.0516 0 0.0000 12.059
35 -6.2850 -3.0421 0 0.0000 12.113
36 -6.2682 -2.9175 0 0.0000 12.166
37 -5.8611 -2.6572 0 0.0000 12.218
38 -5.7588 -2.5724 0 0.0000 12.268
39 -5.7781 -2.5457 0 0.0000 12.315
40 -5.7178 -2.5037 0 0.0000 12.359
41 -5.6957 -2.4820 0 0.0000 12.400
42 -5.5208 -2.3146 0 0.0000 12.437
43 -5.3685 -2.2096 0 0.0000 12.471
44 -5.3540 -2.1322 0 0.0000 12.501
45 -5.1150 -1.9837 0 0.0000 12.527
46 -4.7570 -1.8606 0 0.0000 12.548
47 -4.6930 -1.8609 0 0.0000 12.559
48 -4.7859 -1.8874 0 0.0000 12.559
49 -4.6689 -1.8046 0 0.0000 12.547
50 -4.7730 -1.8830 0 0.0000 12.524
51 -5.0741 -2.1000 0 0.0000 12.490
52 -5.2536 -2.2148 0 0.0000 12.448
53 -5.5388 -2.3997 0 0.0000 12.400
54 -5.7605 -2.6300 0 0.0000 12.346
55 -5.9243 -2.7721 0 0.0000 12.288
56 -6.3723 -3.1189 0 0.0000 12.227
57 -6.6476 -3.3294 0 0.0000 12.168
58 -6.7261 -3.3177 0 0.0000 12.116
59 -6.7523 -3.3810 0 0.0000 12.076
60 -6.8467 -3.4698 0 0.0000 12.050
61 -6.8592 -3.4850 0 0.0000 12.039
62 -6.8815 -3.5055 0 0.0000 12.042
63 -6.6807 -3.3892 0 0.0000 12.058
64 -6.7833 -3.4319 0 0.0000 12.083
65 -6.5114 -3.2205 0 0.0000 12.117
66 -6.4868 -3.1615 0 0.0000 12.158
67 -6.4200 -3.1200 0 0.0000 12.202
68 -5.8844 -2.7493 0 0.0000 12.250
69 -5.9097 -2.7261 0 0.0000 12.298
70 -5.7668 -2.5777 0 0.0000 12.346
71 -5.4961 -2.3771 0 0.0000 12.393
72 -5.3775 -2.2491 0 0.0000 12.437
73 -5.2711 -2.1725 0 0.0000 12.477
74 -5.1656 -2.1008 0 0.0000 12.513
75 -4.9402 -1.9674 0 0.0000 12.544
76 -4.4650 -1.7172 0 0.0000 12.567
77 -4.2361 -1.5554 0 0.0000 12.578
78 -4.4099 -1.6780 0 0.0000 12.576
79 -4.8763 -1.9532 0 0.0000 12.560
80 -5.1321 -2.1094 0 0.0000 12.532
81 -5.2742 -2.2845 0 0.0000 12.495
82 -5.6868 -2.4847 0 0.0000 12.449
83 -5.7582 -2.6217 0 0.0000 12.398
84 -5.9360 -2.7204 0 0.0000 12.342
85 -6.3049 -3.1095 0 0.0000 12.282
86 -6.6853 -3.4321 0 0.0000 12.222
87 -6.7748 -3.4075 0 0.0000 12.169
88 -6.8637 -3.5009 0 0.0000 12.128
89 -6.8436 -3.5061 0 0.0000 12.103
90 -6.7810 -3.4784 0 0.0000 12.093
91 -6.6541 -3.4213 0 0.0000 12.099
92 -6.3905 -3.2528 0 0.0000 12.117
93 -6.5513 -3.3803 0 0.0000 12.146
94 -6.5170 -3.3748 0 0.0000 12.183
95 -6.2688 -3.1756 0 0.0000 12.227
96 -6.0767 -2.9996 0 0.0000 12.275
97 -6.0257 -2.8986 0 0.0000 12.327
98 -5.8627 -2.7524 0 0.0000 12.379
99 -6.0119 -2.7900 0 0.0000 12.432
100 -5.7185 -2.5470 0 0.0000 12.483
101 -5.6637 -2.5041 0 0.0000 12.532
102 -5.4256 -2.3294 0 0.0000 12.578
103 -5.3006 -2.2258 0 0.0000 12.620
104 -5.1956 -2.1216 0 0.0000 12.659
105 -4.9271 -1.9585 0 0.0000 12.693
106 -4.4885 -1.7151 0 0.0000 12.720
107 -4.1640 -1.5510 0 0.0000 12.738
108 -4.4586 -1.7625 0 0.0000 12.742
109 -4.3882 -1.7089 0 0.0000 12.731
110 -4.6627 -1.8805 0 0.0000 12.707
111 -4.8968 -2.0664 0 0.0000 12.672
112 -5.1745 -2.2624 0 0.0000 12.628
113 -5.6391 -2.5311 0 0.0000 12.576
114 -5.8571 -2.7532 0 0.0000 12.520
115 -6.0950 -3.0415 0 0.0000 12.461
116 -6.3405 -3.2909 0 0.0000 12.405
117 -6.5125 -3.4504 0 0.0000 12.358
118 -6.5250 -3.4587 0 0.0000 12.324
119 -6.5409 -3.4772 0 0.0000 12.306
120 -6.5351 -3.5014 0 0.0000 12.302
121 -6.3845 -3.3931 0 0.0000 12.311
122 -6.2692 -3.2396 0 0.0000 12.331
123 -6.3672 -3.3619 0 0.0000 12.360
124 -6.3290 -3.2957 0 0.0000 12.396
125 -5.9401 -2.9933 0 0.0000 12.439
126 -5.7357 -2.8268 0 0.0000 12.485
127 -5.7953 -2.7773 0 0.0000 12.534
128 -5.8964 -2.7593 0 0.0000 12.584
129 -5.7249 -2.5653 0 0.0000 12.633
130 -5.5422 -2.4148 0 0.0000 12.681
131 -5.3572 -2.3053 0 0.0000 12.726
132 -5.3678 -2.2623 0 0.0000 12.768
133 -5.1775 -2.1432 0 0.0000 12.807
134 -5.0052 -2.0419 0 0.0000 12.841
135 -4.8348 -1.9422 0 0.0000 12.870
136 -4.6410 -1.8250 0 0.0000 12.893
137 -4.0275 -1.4615 0 0.0000 12.906
138 -4.2638 -1.6023 0 0.0000 12.907
139 -4.3505 -1.6745 0 0.0000 12.895
140 -4.6867 -1.8983 0 0.0000 12.871
141 -4.8870 -2.0531 0 0.0000 12.837
142 -5.1067 -2.1989 0 0.0000 12.793
143 -5.2491 -2.3477 0 0.0000 12.743
144 -5.6305 -2.6300 0 0.0000 12.686
145 -5.8471 -2.8243 0 0.0000 12.626
146 -6.2348 -3.1640 0 0.0000 12.562
147 -6.4472 -3.4247 0 0.0000 12.499
148 -6.4706 -3.5268 0 0.0000 12.445
149 -6.5589 -3.5460 0 0.0000 12.405
150 -6.5903 -3.5796 0 0.0000 12.381
151 -6.5533 -3.5765 0 0.0000 12.373
152 -6.4696 -3.5704 0 0.0000 12.379
153 -6.3689 -3.5332 0 0.0000 12.399
154 -6.1910 -3.3464 0 0.0000 12.431
155 -6.0379 -3.2243 0 0.0000 12.472
156 -6.0740 -3.2047 0 0.0000 12.519
157 -6.2284 -3.2943 0 0.0000 12.572
158 -5.9646 -3.0376 0 0.0000 12.628
159 -5.9184 -2.9307 0 0.0000 12.685
160 -5.6725 -2.6629 0 0.0000 12.743
161 -5.5446 -2.4977 0 0.0000 12.799
162 -5.5697 -2.4653 0 0.0000 12.854
163 -5.3395 -2.3219 0 0.0000 12.905
164 -5.1463 -2.2039 0 0.0000 12.952
165 -5.1829 -2.1985 0 0.0000 12.994
166 -5.0955 -2.1276 0 0.0000 13.033
167 -4.9917 -2.0874 0 0.0000 13.066
168 -4.8817 -2.0084 0 0.0000 13.094
169 -4.3744 -1.6703 0 0.0000 13.117
170 -4.1742 -1.5901 0 0.0000 13.129
171 -4.0988 -1.6038 0 0.0000 13.129
172 -4.6516 -1.9165 0 0.0000 13.114
173 -4.8875 -2.0507 0 0.0000 13.088
174 -5.0932 -2.2454 0 0.0000 13.051
175 -5.1879 -2.3388 0 0.0000 13.007
176 -5.5261 -2.5595 0 0.0000 12.956
177 -5.8521 -2.8201 0 0.0000 12.900
178 -5.9826 -3.0823 0 0.0000 12.843
179 -6.1024 -3.2395 0 0.0000 12.790
180 -6.1421 -3.2939 0 0.0000 12.747
181 -6.2631 -3.3305 0 0.0000 12.719
182 -6.2936 -3.3939 0 0.0000 12.705
183 -6.2965 -3.4471 0 0.0000 12.706
184 -6.1849 -3.3515 0 0.0000 12.720
185 -6.1309 -3.2669 0 0.0000 12.746
186 -6.0624 -3.1284 0 0.0000 12.780
187 -5.8741 -2.9837 0 0.0000 12.821
188 -5.8576 -2.9269 0 0.0000 12.868
189 -5.7789 -2.8073 0 0.0000 12.917
190 -5.6090 -2.6235 0 0.0000 12.967
191 -5.5479 -2.5282 0 0.0000 13.018
192 -5.4897 -2.4753 0 0.0000 13.067
193 -5.3668 -2.3623 0 0.0000 13.113
194 -5.2300 -2.2808 0 0.0000 13.157
195 -5.1837 -2.2311 0 0.0000 13.197
196 -5.1263 -2.1843 0 0.0000 13.233
197 -5.1728 -2.2194 0 0.0000 13.264
198 -4.6894 -1.9238 0 0.0000 13.290
199 -4.5830 -1.8555 0 0.0000 13.304
200 -4.7999 -1.9379 0 0.0000 13.296
201 -4.7952 -1.9492 0 0.0000 13.277
202 -4.9142 -2.0156 0 0.0000 13.247
203 -5.1324 -2.2327 0 0.0000 13.208
204 -5.3577 -2.4450 0 0.0000 13.160
205 -5.4576 -2.5690 0 0.0000 13.106
206 -5.8583 -2.7769 0 0.0000 13.047
207 -6.0132 -3.0758 0 0.0000 12.987
208 -6.0703 -3.2185 0 0.0000 12.932
209 -6.0651 -3.2247 0 0.0000 12.887
210 -6.1247 -3.2925 0 0.0000 12.857
211 -6.1375 -3.3341 0 0.0000 12.842
212 -6.1048 -3.3281 0 0.0000 12.842
213 -6.0354 -3.2786 0 0.0000 12.855
214 -5.8591 -3.0537 0 0.0000 12.880
215 -6.1138 -3.1769 0 0.0000 12.913
216 -5.8524 -2.9320 0 0.0000 12.952
217 -5.9305 -2.9058 0 0.0000 12.996
218 -5.8836 -2.8073 0 0.0000 13.043
219 -5.6988 -2.6339 0 0.0000 13.090
220 -5.7676 -2.6799 0 0.0000 13.137
221 -5.6878 -2.6025 0 0.0000 13.183
222 -5.4846 -2.4563 0 0.0000 13.227
223 -5.3759 -2.3572 0 0.0000 13.269
224 -5.1077 -2.1847 0 0.0000 13.307
225 -5.0460 -2.1749 0 0.0000 13.343
226 -5.2674 -2.2933 0 0.0000 13.357
227 -5.3275 -2.2989 0 0.0000 13.362
228 -5.2768 -2.2728 0 0.0000 13.359
