# step wm_danger det_logit danger fire dist_t
0 -4.5966 -3.1449 0 0.0000 26.851
1 0.4624 0.9521 0 0.0000 21.657
2 0.3606 1.0177 0 0.0000 21.662
3 0.3767 1.1689 0 0.0000 21.663
4 0.3753 1.1793 0 0.0000 21.654
5 0.3632 1.1728 0 0.0000 21.631
6 0.3731 1.1750 0 0.0000 21.594
7 0.3507 1.1634 0 0.0000 21.543
8 0.3090 1.0552 0 0.0000 21.480
9 0.3439 1.0850 0 0.0000 21.408
10 0.2959 0.8903 0 0.0000 21.330
11 0.2139 0.8898 0 0.0000 21.246
12 0.3356 1.0217 0 0.0000 21.160
13 0.2192 0.8720 0 0.0000 21.071
14 0.2147 0.8767 0 0.0000 20.981
15 0.2044 0.7609 0 0.0000 20.892
16 0.1828 0.6987 0 0.0000 20.803
17 0.1562 0.5646 0 0.0000 20.716
18 0.2547 0.8105 0 0.0000 20.629
19 0.2140 0.6731 0 0.0000 20.544
20 0.2598 0.8501 0 0.0000 20.460
21 0.1797 0.6727 0 0.0000 20.377
22 0.1388 0.6847 0 0.0000 20.294
23 0.1299 0.6700 0 0.0000 20.212
24 0.1888 0.8015 0 0.0000 20.129
25 0.0629 0.5315 0 0.0000 20.046
26 0.1424 0.6066 0 0.0000 19.962
27 0.0336 0.4799 0 0.0000 19.879
28 0.0211 0.4864 0 0.0000 19.797
29 0.0259 0.4501 0 0.0000 19.717
30 0.1298 0.5942 0 0.0000 19.637
31 -0.0344 0.4067 0 0.0000 19.562
32 -0.0421 0.3477 0 0.0000 19.522
33 -0.0287 0.3744 0 0.0000 19.487
34 0.0009 0.4712 0 0.0000 19.454
35 -0.1242 0.2002 0 0.0000 19.421
36 -0.0484 0.3548 0 0.0000 19.388
37 0.0264 0.4826 0 0.0000 19.358
38 0.0300 0.4273 0 0.0000 19.330
39 0.0345 0.4499 0 0.0000 19.305
40 0.0698 0.4794 0 0.0000 19.280
41 0.0967 0.5915 0 0.0000 19.255
42 0.0494 0.3824 0 0.0000 19.234
43 -0.0407 0.2219 0 0.0000 19.216
44 -0.0314 0.2222 0 0.0000 19.201
45 0.0063 0.3771 0 0.0000 19.188
46 0.0432 0.4774 0 0.0000 19.177
47 0.0450 0.4502 0 0.0000 19.170
48 -0.0443 0.2912 0 0.0000 19.164
49 -0.0006 0.3442 0 0.0000 19.159
50 0.0366 0.3464 0 0.0000 19.153
51 0.0339 0.4268 0 0.0000 19.145
52 -0.0175 0.3329 0 0.0000 19.134
53 -0.0028 0.3482 0 0.0000 19.120
54 -0.1090 0.1023 0 0.0000 19.106
55 -0.0961 0.1282 0 0.0000 19.101
56 -0.0793 0.1515 0 0.0000 19.100
57 -0.1630 -0.0473 0 0.0000 19.102
58 -0.1120 0.0920 0 0.0000 19.105
59 0.0491 0.3996 0 0.0000 19.108
60 0.0483 0.5064 0 0.0000 19.111
61 0.0348 0.4743 0 0.0000 19.111
62 0.0324 0.4695 0 0.0000 19.110
63 -0.0130 0.3778 0 0.0000 19.109
64 0.0688 0.5078 0 0.0000 19.108
65 0.0398 0.4904 0 0.0000 19.107
66 0.0114 0.3644 0 0.0000 19.107
67 0.0116 0.3695 0 0.0000 19.108
68 0.0121 0.4238 0 0.0000 19.108
69 0.0366 0.4891 0 0.0000 19.108
70 0.0274 0.4792 0 0.0000 19.108
71 -0.0195 0.3263 0 0.0000 19.107
72 -0.0712 0.2097 0 0.0000 19.105
73 -0.0314 0.2970 0 0.0000 19.104
74 -0.0104 0.3430 0 0.0000 19.105
75 0.0011 0.3305 0 0.0000 19.107
76 0.0442 0.4665 0 0.0000 19.108
77 0.0729 0.5608 0 0.0000 19.109
78 0.0453 0.5375 0 0.0000 19.110
79 0.0465 0.5419 0 0.0000 19.109
80 0.0310 0.4602 0 0.0000 19.109
81 -0.0126 0.3873 0 0.0000 19.108
82 -0.0539 0.3095 0 0.0000 19.107
83 -0.0818 0.2299 0 0.0000 19.106
84 -0.0953 0.1895 0 0.0000 19.105
85 -0.0667 0.2379 0 0.0000 19.105
86 -0.0859 0.1785 0 0.0000 19.106
87 0.0296 0.3970 0 0.0000 19.108
88 0.0950 0.5499 0 0.0000 19.109
89 0.0822 0.6095 0 0.0000 19.110
90 0.0923 0.6353 0 0.0000 19.110
91 0.0676 0.5861 0 0.0000 19.110
92 0.0552 0.5628 0 0.0000 19.110
93 0.0464 0.5155 0 0.0000 19.109
94 0.0420 0.4974 0 0.0000 19.109
95 0.0215 0.4654 0 0.0000 19.109
96 0.0426 0.4662 0 0.0000 19.109
97 0.0087 0.4126 0 0.0000 19.108
98 -0.0037 0.3523 0 0.0000 19.108
99 -0.0136 0.3402 0 0.0000 19.108
100 0.0248 0.3870 0 0.0000 19.108
101 -0.0222 0.3710 0 0.0000 19.108
102 0.0329 0.4486 0 0.0000 19.109
103 0.0033 0.4353 0 0.0000 19.109
104 0.0294 0.4881 0 0.0000 19.110
105 0.0274 0.4867 0 0.0000 19.110
106 0.0263 0.4790 0 0.0000 19.110
107 0.0239 0.4742 0 0.0000 19.109
108 0.0243 0.4516 0 0.0000 19.109
109 0.0029 0.4232 0 0.0000 19.109
110 0.0000 0.4135 0 0.0000 19.109
111 0.0100 0.4236 0 0.0000 19.109
112 -0.0020 0.4123 0 0.0000 19.109
113 0.0019 0.4160 0 0.0000 19.109
114 0.0065 0.4031 0 0.0000 19.109
115 -0.0197 0.3570 0 0.0000 19.109
116 -0.0256 0.3314 0 0.0000 19.109
117 -0.0163 0.3349 0 0.0000 19.109
118 -0.0318 0.3279 0 0.0000 19.109
119 -0.0366 0.3383 0 0.0000 19.109
120 -0.0173 0.3792 0 0.0000 19.109
121 -0.0234 0.3918 0 0.0000 19.109
122 -0.0578 0.3039 0 0.0000 19.107
123 -0.0265 0.3652 0 0.0000 19.106
124 0.0229 0.4447 0 0.0000 19.105
125 -0.1005 0.1777 0 0.0000 19.104
126 -0.0321 0.2543 0 0.0000 19.103
127 -0.0301 0.3109 0 0.0000 19.104
128 -0.0622 0.2713 0 0.0000 19.106
129 0.0343 0.4475 0 0.0000 19.108
130 0.0786 0.6118 0 0.0000 19.111
131 0.0675 0.5750 0 0.0000 19.112
132 0.0581 0.5462 0 0.0000 19.112
133 0.0546 0.5466 0 0.0000 19.112
134 -0.0055 0.4352 0 0.0000 19.109
135 0.0370 0.5552 0 0.0000 19.105
136 -0.0491 0.2058 0 0.0000 19.102
137 -0.0481 0.2036 0 0.0000 19.101
138 -0.0763 0.1867 0 0.0000 19.103
139 -0.0231 0.3358 0 0.0000 19.107
140 0.0132 0.4532 0 0.0000 19.109
141 0.0263 0.5064 0 0.0000 19.109
142 0.0246 0.5006 0 0.0000 19.110
143 0.0685 0.5548 0 0.0000 19.111
144 0.0761 0.5707 0 0.0000 19.111
145 0.1218 0.6608 0 0.0000 19.111
146 0.0973 0.6268 0 0.0000 19.110
147 0.0392 0.4916 0 0.0000 19.110
148 -0.0094 0.3799 0 0.0000 19.108
149 -0.0152 0.3197 0 0.0000 19.106
150 -0.0057 0.3711 0 0.0000 19.105
151 -0.0155 0.3526 0 0.0000 19.106
152 -0.0322 0.3264 0 0.0000 19.107
153 0.0003 0.4234 0 0.0000 19.109
154 0.0414 0.5355 0 0.0000 19.110
155 0.0348 0.5228 0 0.0000 19.111
156 0.0296 0.5010 0 0.0000 19.111
157 0.0404 0.5155 0 0.0000 19.111
158 0.0584 0.5665 0 0.0000 19.111
159 0.0269 0.4595 0 0.0000 19.108
160 0.0114 0.4530 0 0.0000 19.105
161 -0.0830 0.1998 0 0.0000 19.104
162 -0.0832 0.1822 0 0.0000 19.104
163 -0.1201 0.0403 0 0.0000 19.102
164 -0.1119 0.1227 0 0.0000 19.100
165 -0.0806 0.2063 0 0.0000 19.098
166 -0.0433 0.2188 0 0.0000 19.098
167 -0.0753 0.1512 0 0.0000 19.100
168 -0.1226 0.0364 0 0.0000 19.103
169 -0.0585 0.2377 0 0.0000 19.106
170 -0.0029 0.3828 0 0.0000 19.108
171 0.0575 0.5393 0 0.0000 19.110
172 0.0650 0.5749 0 0.0000 19.110
173 0.0176 0.4038 0 0.0000 19.107
174 -0.0170 0.3087 0 0.0000 19.104
175 -0.0133 0.2679 0 0.0000 19.103
176 -0.1173 0.0697 0 0.0000 19.102
177 -0.0932 0.1145 0 0.0000 19.103
178 -0.0782 0.2155 0 0.0000 19.105
179 -0.0282 0.3604 0 0.0000 19.108
180 0.0369 0.5259 0 0.0000 19.110
181 0.0531 0.5564 0 0.0000 19.111
182 0.0446 0.5353 0 0.0000 19.110
183 0.0283 0.4990 0 0.0000 19.109
184 0.0372 0.4782 0 0.0000 19.108
185 -0.0250 0.3488 0 0.0000 19.108
186 0.0174 0.4079 0 0.0000 19.108
187 0.0299 0.4588 0 0.0000 19.108
188 0.0325 0.4586 0 0.0000 19.109
189 -0.0503 0.3279 0 0.0000 19.110
190 -0.0007 0.4115 0 0.0000 19.110
191 -0.0000 0.4231 0 0.0000 19.110
192 0.0420 0.4984 0 0.0000 19.110
193 0.0606 0.5076 0 0.0000 19.109
194 0.0559 0.4586 0 0.0000 19.109
195 0.0647 0.4973 0 0.0000 19.109
196 -0.0140 0.3667 0 0.0000 19.108
197 0.0033 0.3463 0 0.0000 19.106
198 0.0177 0.4196 0 0.0000 19.106
199 0.0164 0.4393 0 0.0000 19.105
200 -0.0218 0.3187 0 0.0000 19.105
201 -0.0206 0.3128 0 0.0000 19.106
202 -0.0705 0.2410 0 0.0000 19.106
203 -0.0362 0.3020 0 0.0000 19.106
204 0.0012 0.3956 0 0.0000 19.107
205 0.0470 0.4895 0 0.0000 19.109
206 0.0467 0.5408 0 0.0000 19.110
207 0.0382 0.5297 0 0.0000 19.111
208 0.0103 0.4758 0 0.0000 19.111
209 0.0953 0.5480 0 0.0000 19.110
210 0.0795 0.5775 0 0.0000 19.110
211 0.0438 0.5251 0 0.0000 19.110
212 0.0547 0.5283 0 0.0000 19.109
213 -0.0202 0.3709 0 0.0000 19.108
214 -0.0692 0.2057 0 0.0000 19.106
215 -0.0580 0.2634 0 0.0000 19.105
216 -0.0758 0.2824 0 0.0000 19.106
217 -0.0586 0.3207 0 0.0000 19.107
218 -0.0492 0.3332 0 0.0000 19.108
219 -0.0425 0.3533 0 0.0000 19.107
220 -0.0102 0.3800 0 0.0000 19.108
221 -0.0075 0.4113 0 0.0000 19.108
222 -0.0285 0.3458 0 0.0000 19.106
223 0.0475 0.4846 0 0.0000 19.105
224 -0.0836 0.1958 0 0.0000 19.105
225 -0.0489 0.2935 0 0.0000 19.107
226 0.0023 0.4210 0 0.0000 19.109
227 -0.0044 0.3844 0 0.0000 19.107
228 -0.0479 0.2975 0 0.0000 19.106
229 -0.0222 0.3501 0 0.0000 19.106
230 -0.0097 0.3823 0 0.0000 19.107
231 -0.0171 0.3739 0 0.0000 19.108
232 0.0165 0.4579 0 0.0000 19.109
233 0.0262 0.5000 0 0.0000 19.110
234 0.0259 0.4899 0 0.0000 19.110
235 0.0354 0.5054 0 0.0000 19.109
236 0.0376 0.4640 0 0.0000 19.107
237 0.0243 0.4202 0 0.0000 19.105
238 -0.0515 0.2321 0 0.0000 19.105
239 -0.0835 0.2004 0 0.0000 19.106
240 -0.0539 0.2746 0 0.0000 19.107
241 -0.0070 0.3722 0 0.0000 19.108
242 0.0304 0.4833 0 0.0000 19.109
243 0.0274 0.4834 0 0.0000 19.110
244 0.0132 0.4771 0 0.0000 19.110
245 0.0048 0.4624 0 0.0000 19.110
246 0.0564 0.5293 0 0.0000 19.109
247 0.0753 0.6412 0 0.0000 19.109
248 0.0472 0.5057 0 0.0000 19.108
249 0.0232 0.4772 0 0.0000 19.107
250 -0.0578 0.3493 0 0.0000 19.106
251 0.0059 0.4818 0 0.0000 19.106
252 0.0068 0.3931 0 0.0000 19.107
253 0.0167 0.4297 0 0.0000 19.108
254 0.0642 0.5309 0 0.0000 19.109
255 0.0490 0.5212 0 0.0000 19.110
256 0.0432 0.5121 0 0.0000 19.110
257 0.0325 0.5014 0 0.0000 19.109
258 0.0691 0.5571 0 0.0000 19.109
259 0.0430 0.4805 0 0.0000 19.108
260 0.0122 0.4257 0 0.0000 19.108
261 0.0410 0.4673 0 0.0000 19.109
262 0.0749 0.5826 0 0.0000 19.109
263 0.0480 0.5172 0 0.0000 19.110
264 0.0546 0.5382 0 0.0000 19.110
265 0.0434 0.4910 0 0.0000 19.110
266 0.0558 0.4612 0 0.0000 19.109
267 -0.0089 0.3743 0 0.0000 19.107
268 -0.0517 0.2334 0 0.0000 19.106
269 -0.0968 0.1429 0 0.0000 19.105
270 -0.0538 0.1866 0 0.0000 19.106
271 0.0282 0.3841 0 0.0000 19.108
272 0.0196 0.4790 0 0.0000 19.110
273 0.0249 0.4782 0 0.0000 19.111
