# step wm_danger det_logit danger fire dist_t dx dy yaw tbrg offaxis
0 0.8201 0.3207 0 0.0000 6.083 -12.00 -6.00 1.84 0.00 1.84
1 1.8374 1.8721 0 0.0000 12.041 0.11 -11.90 1.57 1.57 0.00
2 1.0887 1.2825 0 0.0000 12.035 0.11 -11.90 1.57 1.57 0.00
3 0.9954 1.0686 0 0.0000 12.029 0.10 -11.89 1.57 1.57 0.00
4 0.7053 0.8385 0 0.0000 12.019 0.08 -11.88 1.57 1.57 0.00
5 0.5593 0.6794 0 0.0000 11.997 0.07 -11.85 1.56 1.57 0.00
6 0.5622 0.6573 0 0.0000 11.961 0.05 -11.82 1.56 1.57 0.00
7 0.4415 0.5617 0 0.0000 11.912 0.04 -11.77 1.56 1.56 0.00
8 0.3199 0.4369 0 0.0000 11.851 0.02 -11.70 1.56 1.56 0.00
9 0.2241 0.3803 0 0.0000 11.779 0.01 -11.63 1.56 1.56 0.00
10 0.2530 0.3712 0 0.0000 11.699 0.00 -11.55 1.56 1.56 0.00
11 0.1665 0.3022 0 0.0000 11.614 -0.01 -11.47 1.56 1.56 0.00
12 -0.0029 0.1810 0 0.0000 11.524 -0.01 -11.38 1.56 1.56 0.00
13 -0.0861 0.0880 0 0.0000 11.432 -0.02 -11.28 1.56 1.56 0.00
14 -0.2229 -0.0401 0 0.0000 11.339 -0.02 -11.19 1.56 1.56 0.00
15 -0.3673 -0.1581 0 0.0000 11.246 -0.02 -11.10 1.56 1.56 0.00
16 -0.4255 -0.2564 0 0.0000 11.153 -0.02 -11.00 1.56 1.56 0.00
17 -0.4571 -0.3192 0 0.0000 11.062 -0.03 -10.91 1.56 1.56 0.00
18 -0.5062 -0.3865 0 0.0000 10.969 -0.03 -10.82 1.56 1.56 0.00
19 -0.5930 -0.4743 0 0.0000 10.877 -0.03 -10.72 1.56 1.56 0.00
20 -0.5882 -0.4581 0 0.0000 10.783 -0.03 -10.63 1.56 1.56 0.00
21 -0.5890 -0.5045 0 0.0000 10.692 -0.02 -10.54 1.56 1.56 0.00
22 -0.5150 -0.5713 0 0.0000 10.602 -0.02 -10.45 1.56 1.56 0.00
23 -0.4488 -0.7370 0 0.0000 10.513 -0.02 -10.36 1.56 1.56 0.00
24 -0.3726 -0.8096 0 0.0000 10.425 -0.01 -10.27 1.57 1.56 0.01
25 -0.2943 -0.8300 0 0.0000 10.336 -0.01 -10.18 1.57 1.56 0.01
26 -0.2014 -0.7999 0 0.0000 10.245 -0.00 -10.09 1.57 1.56 0.01
27 -0.0967 -0.7618 0 0.0000 10.153 -0.00 -10.00 1.57 1.56 0.01
28 0.1413 -0.5934 0 0.0000 10.060 0.00 -9.90 1.57 1.56 0.01
29 0.1944 -0.6504 0 0.0000 9.970 0.00 -9.81 1.57 1.56 0.01
30 0.1981 -0.7447 0 0.0000 9.881 0.00 -9.72 1.57 1.56 0.01
31 0.2664 -0.7512 0 0.0000 9.792 0.00 -9.63 1.57 1.56 0.01
32 0.4469 -0.6453 0 0.0000 9.703 0.00 -9.54 1.57 1.56 0.01
33 0.4831 -0.7040 0 0.0000 9.617 0.00 -9.46 1.57 1.56 0.01
34 0.5362 -0.7711 0 0.0000 9.532 0.00 -9.37 1.57 1.56 0.01
35 0.7010 -0.5707 0 0.0000 9.447 0.00 -9.29 1.57 1.56 0.01
36 0.9726 -0.2061 0 0.0000 9.364 0.00 -9.20 1.57 1.56 0.01
37 0.9842 -0.1830 0 0.0000 9.285 0.01 -9.12 1.57 1.56 0.01
38 0.9113 -0.2992 0 0.0000 9.208 0.01 -9.05 1.57 1.56 0.01
39 0.7950 -0.4561 0 0.0000 9.134 0.01 -8.97 1.57 1.56 0.01
40 0.7758 -0.4862 0 0.0000 9.057 0.01 -8.89 1.57 1.56 0.01
41 0.8170 -0.4299 0 0.0000 8.978 0.01 -8.81 1.57 1.56 0.01
42 0.8835 -0.3356 0 0.0000 8.895 0.01 -8.73 1.57 1.56 0.01
43 0.9528 -0.2323 0 0.0000 8.810 0.01 -8.64 1.57 1.56 0.01
44 1.0240 -0.1017 0 0.0000 8.722 0.01 -8.56 1.57 1.56 0.01
45 1.0590 -0.0006 0 0.0000 8.632 0.01 -8.47 1.57 1.56 0.01
46 1.0874 0.1239 0 0.0000 8.540 0.01 -8.37 1.57 1.56 0.01
47 1.1301 0.2299 0 0.0000 8.447 0.01 -8.28 1.57 1.56 0.01
48 1.2601 0.5055 0 0.0000 8.353 0.01 -8.19 1.57 1.56 0.01
49 1.3037 0.6035 0 0.0000 8.261 0.01 -8.09 1.57 1.56 0.01
50 1.2819 0.6611 0 0.0000 8.172 0.01 -8.00 1.57 1.56 0.01
51 1.2397 0.6570 0 0.0000 8.086 0.01 -7.92 1.57 1.56 0.01
52 1.1962 0.6681 1 0.0500 8.000 0.01 -7.83 1.57 1.56 0.01
53 1.2114 0.7762 1 0.1000 7.913 0.01 -7.74 1.57 1.56 0.01
54 1.3187 0.9357 1 0.1500 7.825 0.01 -7.65 1.57 1.56 0.01
55 1.3223 1.0088 1 0.2000 7.737 0.01 -7.56 1.57 1.56 0.01
56 1.3042 1.0578 1 0.2500 7.649 0.01 -7.47 1.57 1.56 0.01
57 1.3306 1.1421 1 0.3000 7.560 0.01 -7.38 1.57 1.56 0.01
58 1.3891 1.2325 1 0.3500 7.471 0.01 -7.29 1.56 1.56 0.01
59 1.4041 1.2930 1 0.4000 7.382 0.01 -7.20 1.56 1.56 0.01
60 1.3901 1.3052 1 0.4500 7.292 0.01 -7.11 1.57 1.56 0.01
61 1.3810 1.2799 1 0.5000 7.203 0.01 -7.02 1.57 1.56 0.01
62 1.3396 1.2838 1 0.5500 7.117 0.01 -6.94 1.57 1.56 0.01
63 1.3311 1.3479 1 0.6000 7.035 0.01 -6.85 1.56 1.56 0.01
64 1.4254 1.4746 1 0.6500 6.954 0.01 -6.77 1.56 1.56 0.01
65 1.3551 1.4425 1 0.7000 6.872 0.01 -6.69 1.56 1.56 0.01
66 1.1963 1.3174 1 0.7500 6.789 0.00 -6.60 1.56 1.56 0.01
67 1.2459 1.3808 1 0.8000 6.707 -0.00 -6.52 1.56 1.55 0.01
68 1.2298 1.3837 1 0.8500 6.626 -0.00 -6.44 1.56 1.55 0.01
69 1.0841 1.2977 1 0.9000 6.544 -0.00 -6.36 1.56 1.55 0.01
70 1.0196 1.2710 1 0.9500 6.464 -0.01 -6.27 1.56 1.55 0.01
71 0.9289 1.2001 0 1.0000 6.385 -0.01 -6.19 1.56 1.55 0.01
72 0.8323 1.0283 0 1.0000 6.299 -0.01 -6.11 1.57 1.55 0.02
73 1.1701 1.0750 0 1.0000 6.204 -0.02 -6.04 1.59 1.55 0.04
74 1.3266 0.9826 0 1.0000 6.103 -0.02 -5.96 1.63 1.55 0.08
75 2.0424 1.5363 0 1.0000 6.007 -0.02 -5.89 1.67 1.55 0.12
76 1.9929 1.4114 0 1.0000 5.927 -0.03 -5.83 1.73 1.55 0.18
77 2.4296 1.7220 0 1.0000 5.877 -0.04 -5.77 1.79 1.55 0.25
78 -1.4923 -1.3694 0 1.0000 5.871 -0.05 -5.72 1.86 1.54 0.32
79 -2.9315 -0.9211 0 1.0000 5.932 -0.06 -5.67 1.93 1.54 0.38
80 -2.4177 -0.7343 0 1.0000 6.084 -0.07 -5.62 1.99 1.54 0.45
81 -2.0877 -0.5774 0 1.0000 6.354 -0.07 -5.57 2.06 1.54 0.52
82 -1.8175 -0.3724 0 1.0000 6.759 -0.08 -5.52 2.13 1.54 0.59
83 -1.6403 -0.2482 0 1.0000 7.312 -0.09 -5.47 2.20 1.53 0.66
84 -1.0991 0.0391 0 1.0000 8.017 -0.10 -5.43 2.26 1.53 0.73
85 -1.2113 -0.0480 0 1.0000 8.872 -0.11 -5.38 2.33 1.53 0.80
86 -0.2870 0.2776 0 1.0000 9.872 -0.12 -5.34 2.39 1.53 0.86
