# step wm_danger det_logit danger fire dist_t dx dy yaw tbrg offaxis
0 -1.7866 -0.1765 0 0.0000 13.454 12.00 12.00 0.25 -2.68 2.93
1 0.2160 0.3806 0 0.0000 12.041 -0.30 12.11 -1.57 -1.57 0.00
2 0.4864 0.6770 0 0.0000 12.038 -0.31 12.11 -1.56 -1.57 0.01
3 0.2072 0.5806 0 0.0000 12.026 -0.32 12.10 -1.56 -1.57 0.00
4 0.2361 0.6423 0 0.0000 12.006 -0.33 12.08 -1.57 -1.57 0.00
5 0.1312 0.5590 0 0.0000 11.978 -0.33 12.05 -1.57 -1.57 0.00
6 0.0592 0.5220 0 0.0000 11.941 -0.34 12.01 -1.57 -1.57 0.00
7 -0.1375 0.4029 0 0.0000 11.896 -0.33 11.97 -1.57 -1.57 0.00
8 -0.2762 0.3153 0 0.0000 11.846 -0.33 11.92 -1.57 -1.57 0.00
9 -0.3133 0.2780 0 0.0000 11.791 -0.32 11.86 -1.57 -1.57 0.00
10 -0.5369 0.0907 0 0.0000 11.730 -0.31 11.80 -1.56 -1.57 0.00
11 -0.6655 0.0058 0 0.0000 11.666 -0.30 11.74 -1.56 -1.57 0.01
12 -0.7811 -0.0925 0 0.0000 11.599 -0.29 11.67 -1.56 -1.57 0.01
13 -0.9384 -0.1956 0 0.0000 11.527 -0.27 11.60 -1.56 -1.57 0.01
14 -1.1646 -0.3947 0 0.0000 11.452 -0.25 11.52 -1.56 -1.57 0.01
15 -1.3348 -0.5370 0 0.0000 11.372 -0.23 11.44 -1.56 -1.58 0.01
16 -1.4726 -0.6743 0 0.0000 11.290 -0.21 11.36 -1.56 -1.58 0.01
17 -1.7152 -0.8988 0 0.0000 11.204 -0.20 11.27 -1.56 -1.58 0.02
18 -1.7646 -0.9414 0 0.0000 11.116 -0.18 11.18 -1.56 -1.58 0.02
19 -1.9731 -1.1361 0 0.0000 11.032 -0.16 11.10 -1.56 -1.58 0.02
20 -2.0747 -1.2727 0 0.0000 10.950 -0.14 11.02 -1.56 -1.58 0.02
21 -2.1840 -1.4100 0 0.0000 10.868 -0.13 10.93 -1.56 -1.59 0.02
22 -2.2937 -1.5651 0 0.0000 10.787 -0.12 10.85 -1.56 -1.59 0.02
23 -2.3063 -1.7044 0 0.0000 10.706 -0.10 10.77 -1.57 -1.59 0.02
24 -2.1650 -1.8095 0 0.0000 10.626 -0.09 10.69 -1.57 -1.59 0.02
25 -1.9073 -1.9195 0 0.0000 10.546 -0.08 10.61 -1.57 -1.59 0.03
26 -1.8675 -2.0000 0 0.0000 10.463 -0.07 10.53 -1.57 -1.59 0.03
27 -1.6447 -2.0332 0 0.0000 10.380 -0.06 10.44 -1.57 -1.59 0.03
28 -1.4580 -2.0692 0 0.0000 10.296 -0.06 10.36 -1.57 -1.59 0.03
29 -1.5390 -2.2259 0 0.0000 10.211 -0.05 10.27 -1.57 -1.60 0.03
30 -1.3830 -2.2572 0 0.0000 10.126 -0.04 10.19 -1.57 -1.60 0.03
31 -1.1416 -2.2228 0 0.0000 10.042 -0.04 10.10 -1.57 -1.60 0.03
32 -0.9928 -2.1962 0 0.0000 9.956 -0.04 10.01 -1.56 -1.60 0.03
33 -0.5982 -2.1791 0 0.0000 9.869 -0.03 9.93 -1.57 -1.60 0.03
34 -0.4452 -2.1955 0 0.0000 9.785 -0.03 9.84 -1.56 -1.60 0.04
35 -0.5641 -2.2366 0 0.0000 9.706 -0.03 9.76 -1.56 -1.60 0.04
36 -0.4733 -2.1373 0 0.0000 9.628 -0.03 9.69 -1.56 -1.60 0.04
37 -0.4522 -2.1487 0 0.0000 9.551 -0.03 9.61 -1.56 -1.60 0.04
38 -0.2309 -2.0323 0 0.0000 9.471 -0.03 9.53 -1.56 -1.60 0.04
39 -0.0713 -1.9585 0 0.0000 9.390 -0.02 9.45 -1.56 -1.60 0.04
40 0.1274 -1.7826 0 0.0000 9.309 -0.02 9.36 -1.56 -1.60 0.04
41 0.1895 -1.7129 0 0.0000 9.226 -0.02 9.28 -1.56 -1.60 0.04
42 0.2567 -1.6689 0 0.0000 9.142 -0.01 9.20 -1.56 -1.60 0.04
43 0.3644 -1.5926 0 0.0000 9.055 -0.01 9.11 -1.56 -1.60 0.04
44 0.4930 -1.4786 0 0.0000 8.966 -0.01 9.02 -1.56 -1.60 0.04
45 0.6454 -1.3295 0 0.0000 8.875 -0.01 8.93 -1.56 -1.60 0.04
46 0.7621 -1.1840 0 0.0000 8.783 -0.00 8.83 -1.56 -1.60 0.04
47 0.8892 -1.0166 0 0.0000 8.689 -0.00 8.74 -1.56 -1.60 0.04
48 0.9432 -0.8722 0 0.0000 8.595 -0.00 8.65 -1.56 -1.61 0.05
49 1.0025 -0.6975 0 0.0000 8.500 -0.00 8.55 -1.56 -1.61 0.05
50 1.0257 -0.5960 0 0.0000 8.405 -0.00 8.45 -1.56 -1.61 0.05
51 1.0339 -0.4502 0 0.0000 8.310 -0.00 8.36 -1.56 -1.61 0.05
52 1.1294 -0.2911 0 0.0000 8.214 -0.00 8.26 -1.55 -1.61 0.05
53 1.1109 -0.1744 0 0.0000 8.118 -0.00 8.16 -1.55 -1.61 0.05
54 1.1135 -0.0108 0 0.0000 8.021 0.00 8.07 -1.55 -1.61 0.05
55 1.6395 0.6371 1 0.0500 7.926 0.00 7.97 -1.55 -1.61 0.06
56 1.2883 0.4424 1 0.1000 7.832 0.00 7.88 -1.55 -1.61 0.06
57 1.1968 0.4612 1 0.1500 7.741 0.00 7.78 -1.55 -1.61 0.06
58 1.0778 0.3754 1 0.2000 7.650 0.00 7.69 -1.55 -1.61 0.06
59 1.1570 0.4796 1 0.2500 7.560 0.01 7.60 -1.55 -1.61 0.06
60 1.2219 0.5997 1 0.3000 7.468 0.01 7.51 -1.55 -1.61 0.06
61 1.4556 1.0385 1 0.3500 7.376 0.01 7.41 -1.55 -1.61 0.06
62 1.4501 1.0359 1 0.4000 7.284 0.00 7.32 -1.55 -1.61 0.06
63 1.4070 1.0131 1 0.4500 7.194 0.00 7.23 -1.55 -1.61 0.06
64 1.4606 1.1146 1 0.5000 7.103 0.00 7.14 -1.55 -1.61 0.06
65 1.7195 1.4198 1 0.5500 7.013 0.00 7.05 -1.55 -1.61 0.07
66 1.6468 1.3859 1 0.6000 6.923 0.00 6.96 -1.55 -1.61 0.07
67 1.4948 1.2885 1 0.6500 6.833 0.00 6.87 -1.55 -1.62 0.07
68 1.2570 1.1071 1 0.7000 6.741 0.00 6.77 -1.55 -1.62 0.07
69 1.1379 1.0568 1 0.7500 6.649 0.00 6.68 -1.55 -1.62 0.07
70 0.9520 0.9728 1 0.8000 6.554 0.00 6.58 -1.55 -1.62 0.07
71 1.6999 1.8699 1 0.8500 6.459 0.00 6.49 -1.55 -1.62 0.07
72 2.4489 2.6629 1 0.9000 6.370 0.00 6.40 -1.54 -1.62 0.07
73 2.7703 2.6531 1 0.9500 6.300 0.01 6.32 -1.54 -1.62 0.08
74 2.6383 2.5575 0 1.0000 6.259 0.03 6.27 -1.53 -1.62 0.09
75 2.5362 2.4808 0 1.0000 6.230 0.06 6.24 -1.53 -1.63 0.10
76 2.5562 2.4043 0 1.0000 6.195 0.09 6.21 -1.53 -1.63 0.10
77 2.6327 2.3376 0 1.0000 6.155 0.13 6.19 -1.55 -1.64 0.10
78 2.5965 2.1539 0 1.0000 6.118 0.17 6.17 -1.58 -1.65 0.07
79 2.0714 1.5168 0 1.0000 6.091 0.22 6.17 -1.61 -1.66 0.05
80 1.7652 1.1875 0 1.0000 6.086 0.27 6.17 -1.64 -1.66 0.03
81 1.8190 2.1264 0 1.0000 6.027 0.23 6.11 -1.78 -1.66 0.12
82 1.8520 1.4743 0 1.0000 5.943 0.16 6.03 -1.81 -1.65 0.16
83 1.5295 1.3265 0 1.0000 5.928 0.18 6.02 -1.83 -1.65 0.18
84 1.9656 1.5794 0 1.0000 5.945 0.18 6.03 -1.84 -1.65 0.19
85 1.9993 1.9882 0 1.0000 5.995 0.17 6.08 -1.79 -1.65 0.14
86 1.9869 1.9456 0 1.0000 6.008 0.17 6.10 -1.78 -1.65 0.13
87 1.9586 1.9135 0 1.0000 6.013 0.17 6.10 -1.78 -1.65 0.13
88 1.8627 1.8597 0 1.0000 6.013 0.17 6.10 -1.78 -1.65 0.13
89 1.8615 1.7671 0 1.0000 6.013 0.17 6.10 -1.78 -1.65 0.13
90 1.8211 1.7792 0 1.0000 6.013 0.17 6.10 -1.78 -1.65 0.13
