# step wm_danger det_logit danger fire dist_t dx dy yaw tbrg offaxis
0 1.8023 1.1070 0 0.0000 19.000 -6.00 -6.00 1.45 0.32 1.12
1 2.4446 2.0808 0 0.0000 12.041 0.18 -12.26 1.57 1.57 0.00
2 1.9091 1.7166 0 0.0000 12.035 0.18 -12.25 1.57 1.57 0.00
3 1.9949 1.8137 0 0.0000 12.033 0.19 -12.25 1.56 1.57 0.01
4 2.3076 2.1076 0 0.0000 12.043 0.21 -12.26 1.55 1.57 0.02
5 2.2605 2.0196 0 0.0000 12.070 0.24 -12.28 1.55 1.58 0.02
6 2.2721 1.9730 0 0.0000 12.113 0.29 -12.32 1.55 1.58 0.03
7 2.4001 2.0055 0 0.0000 12.173 0.35 -12.37 1.56 1.58 0.03
8 2.5508 2.0343 0 0.0000 12.245 0.42 -12.43 1.56 1.59 0.03
9 2.6829 2.0501 0 0.0000 12.330 0.50 -12.51 1.56 1.60 0.04
10 2.7137 1.9909 0 0.0000 12.423 0.58 -12.59 1.56 1.60 0.04
11 2.6260 1.8288 0 0.0000 12.524 0.67 -12.68 1.56 1.61 0.05
12 2.6234 1.7320 0 0.0000 12.631 0.76 -12.77 1.56 1.62 0.06
13 2.6516 1.6886 0 0.0000 12.742 0.86 -12.86 1.56 1.62 0.06
14 2.7544 1.7728 0 0.0000 12.857 0.95 -12.96 1.56 1.63 0.07
15 2.8995 1.8839 0 0.0000 12.975 1.05 -13.06 1.56 1.64 0.08
16 2.8859 1.8510 0 0.0000 13.095 1.15 -13.16 1.56 1.65 0.08
17 2.8376 1.8310 0 0.0000 13.216 1.25 -13.26 1.56 1.65 0.09
18 2.7624 1.7891 0 0.0000 13.340 1.35 -13.36 1.56 1.66 0.10
19 2.7678 1.7360 0 0.0000 13.464 1.45 -13.46 1.56 1.67 0.10
20 2.9315 1.8931 0 0.0000 13.590 1.55 -13.56 1.56 1.67 0.11
21 2.8675 1.8510 0 0.0000 13.717 1.65 -13.67 1.56 1.68 0.12
22 2.7003 1.7313 0 0.0000 13.845 1.75 -13.77 1.56 1.69 0.12
23 2.7863 1.8398 0 0.0000 13.974 1.84 -13.87 1.56 1.69 0.13
24 2.7340 1.7931 0 0.0000 14.104 1.94 -13.97 1.56 1.70 0.14
25 2.6774 1.7685 0 0.0000 14.234 2.04 -14.07 1.56 1.70 0.14
26 2.5039 1.6336 0 0.0000 14.366 2.14 -14.17 1.56 1.71 0.15
27 2.5175 1.6736 0 0.0000 14.499 2.24 -14.27 1.56 1.72 0.15
28 2.4000 1.6087 0 0.0000 14.632 2.34 -14.37 1.56 1.72 0.16
29 2.1197 1.3960 0 0.0000 14.766 2.44 -14.47 1.56 1.73 0.17
30 2.5178 1.6356 0 0.0000 14.897 2.54 -14.57 1.56 1.73 0.18
31 2.4263 1.6116 0 0.0000 15.017 2.63 -14.66 1.56 1.74 0.18
32 1.8208 1.1502 0 0.0000 15.129 2.71 -14.75 1.56 1.74 0.18
33 2.8362 1.9419 0 0.0000 15.236 2.79 -14.82 1.56 1.75 0.19
34 2.1724 1.4103 0 0.0000 15.331 2.87 -14.89 1.56 1.75 0.19
35 2.3163 1.5801 0 0.0000 15.415 2.93 -14.95 1.56 1.76 0.20
36 1.8841 1.2912 0 0.0000 15.488 2.99 -15.00 1.57 1.76 0.19
37 2.1917 1.4915 0 0.0000 15.553 3.05 -15.04 1.56 1.76 0.20
38 2.6271 1.9453 0 0.0000 15.607 3.10 -15.08 1.56 1.77 0.21
39 1.8418 1.2791 0 0.0000 15.646 3.14 -15.10 1.56 1.77 0.20
40 2.2292 1.5743 0 0.0000 15.678 3.18 -15.11 1.56 1.77 0.21
41 1.5785 1.1270 0 0.0000 15.702 3.21 -15.12 1.57 1.77 0.21
42 1.6356 1.1312 0 0.0000 15.725 3.24 -15.12 1.56 1.77 0.21
43 2.2586 1.6004 0 0.0000 15.743 3.28 -15.13 1.56 1.78 0.21
44 1.7116 1.2378 0 0.0000 15.752 3.30 -15.12 1.57 1.78 0.21
45 1.7279 1.1925 0 0.0000 15.760 3.33 -15.11 1.57 1.78 0.21
46 1.8623 1.2503 0 0.0000 15.762 3.35 -15.10 1.56 1.78 0.22
47 2.0956 1.4750 0 0.0000 15.754 3.37 -15.08 1.56 1.78 0.22
48 2.0912 1.4765 0 0.0000 15.734 3.38 -15.05 1.56 1.78 0.22
49 1.8490 1.2753 0 0.0000 15.702 3.38 -15.01 1.56 1.78 0.22
50 1.6222 1.0837 0 0.0000 15.660 3.38 -14.97 1.57 1.79 0.22
51 1.6654 1.1445 0 0.0000 15.610 3.38 -14.92 1.57 1.79 0.22
52 1.7186 1.1767 0 0.0000 15.556 3.37 -14.86 1.57 1.79 0.22
53 1.4126 0.9270 0 0.0000 15.496 3.35 -14.80 1.57 1.79 0.22
54 1.6625 1.1764 0 0.0000 15.435 3.33 -14.74 1.57 1.79 0.22
55 1.3954 0.9082 0 0.0000 15.375 3.31 -14.68 1.57 1.78 0.21
56 1.3450 0.8505 0 0.0000 15.315 3.29 -14.62 1.57 1.78 0.21
57 1.2644 0.8031 0 0.0000 15.253 3.26 -14.57 1.57 1.78 0.21
58 1.3813 0.9337 0 0.0000 15.190 3.24 -14.51 1.57 1.78 0.21
59 1.2520 0.8184 0 0.0000 15.128 3.21 -14.45 1.57 1.78 0.21
60 1.1335 0.7178 0 0.0000 15.070 3.19 -14.39 1.57 1.78 0.21
61 1.2059 0.7683 0 0.0000 15.014 3.17 -14.34 1.57 1.78 0.21
62 1.2842 0.8445 0 0.0000 14.961 3.14 -14.29 1.57 1.78 0.21
63 1.2228 0.7790 0 0.0000 14.909 3.12 -14.24 1.57 1.78 0.21
64 1.2302 0.7832 0 0.0000 14.856 3.10 -14.20 1.57 1.78 0.21
65 1.1083 0.6618 0 0.0000 14.803 3.09 -14.15 1.57 1.78 0.21
66 1.1674 0.7175 0 0.0000 14.751 3.07 -14.10 1.57 1.78 0.21
67 1.0279 0.5896 0 0.0000 14.699 3.05 -14.05 1.57 1.78 0.21
68 0.8857 0.4479 0 0.0000 14.650 3.04 -14.00 1.57 1.78 0.21
69 0.8310 0.3807 0 0.0000 14.605 3.03 -13.96 1.57 1.78 0.21
70 0.9271 0.4425 0 0.0000 14.561 3.01 -13.92 1.57 1.78 0.21
71 0.7201 0.2855 0 0.0000 14.518 2.99 -13.88 1.57 1.77 0.21
72 0.7854 0.3481 0 0.0000 14.477 2.98 -13.84 1.57 1.77 0.21
73 0.8039 0.3402 0 0.0000 14.438 2.96 -13.81 1.57 1.77 0.21
74 0.8774 0.4321 0 0.0000 14.401 2.95 -13.77 1.57 1.77 0.20
75 0.7097 0.2877 0 0.0000 14.364 2.93 -13.74 1.57 1.77 0.20
76 0.8655 0.3924 0 0.0000 14.329 2.92 -13.71 1.57 1.77 0.20
77 0.8770 0.3878 0 0.0000 14.294 2.90 -13.68 1.57 1.77 0.20
78 0.8477 0.4192 0 0.0000 14.258 2.88 -13.65 1.57 1.77 0.20
79 0.7583 0.3403 0 0.0000 14.222 2.86 -13.62 1.57 1.77 0.20
80 0.6676 0.2515 0 0.0000 14.188 2.84 -13.59 1.57 1.77 0.20
81 0.9696 0.4971 0 0.0000 14.157 2.82 -13.56 1.57 1.77 0.20
82 1.0015 0.5149 0 0.0000 14.125 2.80 -13.53 1.57 1.77 0.20
83 0.9256 0.4501 0 0.0000 14.092 2.78 -13.50 1.57 1.77 0.20
84 0.8273 0.3701 0 0.0000 14.057 2.77 -13.47 1.57 1.76 0.19
85 0.7591 0.3095 0 0.0000 14.020 2.75 -13.44 1.57 1.76 0.19
86 0.7332 0.2746 0 0.0000 13.982 2.73 -13.41 1.57 1.76 0.20
87 0.5615 0.1293 0 0.0000 13.944 2.71 -13.37 1.57 1.76 0.20
88 0.7188 0.2640 0 0.0000 13.908 2.69 -13.34 1.57 1.76 0.19
89 0.8608 0.3672 0 0.0000 13.871 2.67 -13.31 1.57 1.76 0.19
90 0.7157 0.2437 0 0.0000 13.834 2.65 -13.28 1.57 1.76 0.19
91 0.8463 0.3556 0 0.0000 13.796 2.63 -13.25 1.57 1.76 0.19
92 0.5837 0.1423 0 0.0000 13.757 2.61 -13.21 1.57 1.76 0.19
93 0.6236 0.1854 0 0.0000 13.718 2.59 -13.18 1.57 1.76 0.19
94 0.6764 0.2394 0 0.0000 13.680 2.56 -13.15 1.57 1.75 0.19
95 0.8212 0.3528 0 0.0000 13.642 2.54 -13.11 1.57 1.75 0.19
96 0.6222 0.1852 0 0.0000 13.603 2.51 -13.08 1.57 1.75 0.18
97 0.4343 0.0029 0 0.0000 13.565 2.49 -13.05 1.57 1.75 0.18
98 0.4862 0.0354 0 0.0000 13.529 2.46 -13.02 1.57 1.75 0.18
99 0.5240 0.0795 0 0.0000 13.494 2.43 -12.99 1.57 1.75 0.18
100 0.6161 0.1533 0 0.0000 13.460 2.41 -12.96 1.57 1.74 0.18
101 0.6026 0.1295 0 0.0000 13.426 2.38 -12.93 1.57 1.74 0.17
102 0.7562 0.2926 0 0.0000 13.394 2.36 -12.91 1.57 1.74 0.17
103 0.8204 0.3363 0 0.0000 13.365 2.33 -12.88 1.57 1.74 0.17
104 0.8353 0.3158 0 0.0000 13.338 2.31 -12.86 1.57 1.74 0.17
105 1.0107 0.4586 0 0.0000 13.311 2.29 -12.84 1.57 1.74 0.17
106 0.9327 0.4228 0 0.0000 13.283 2.27 -12.82 1.57 1.74 0.17
107 1.0042 0.4745 0 0.0000 13.255 2.25 -12.79 1.57 1.73 0.17
108 0.9660 0.4396 0 0.0000 13.227 2.23 -12.77 1.57 1.73 0.16
109 0.8957 0.3679 0 0.0000 13.199 2.20 -12.75 1.57 1.73 0.16
110 0.9346 0.4334 0 0.0000 13.173 2.17 -12.73 1.57 1.73 0.16
111 1.1314 0.5738 0 0.0000 13.148 2.15 -12.71 1.57 1.73 0.16
112 1.0645 0.5345 0 0.0000 13.124 2.13 -12.69 1.57 1.73 0.16
113 1.1926 0.6393 0 0.0000 13.102 2.10 -12.68 1.57 1.72 0.16
114 1.2445 0.6688 0 0.0000 13.083 2.08 -12.66 1.57 1.72 0.15
115 1.3424 0.7120 0 0.0000 13.066 2.06 -12.65 1.57 1.72 0.15
116 1.6062 0.9154 0 0.0000 13.052 2.03 -12.64 1.57 1.72 0.15
117 1.7823 1.1124 0 0.0000 13.040 1.99 -12.64 1.57 1.72 0.15
118 1.8185 1.0816 0 0.0000 13.033 1.96 -12.64 1.57 1.71 0.15
119 1.9376 1.1507 0 0.0000 13.030 1.92 -12.64 1.57 1.71 0.15
120 2.0984 1.2939 0 0.0000 13.028 1.89 -12.65 1.56 1.71 0.14
121 2.2626 1.4372 0 0.0000 13.026 1.85 -12.66 1.56 1.70 0.14
122 2.2198 1.4002 0 0.0000 13.023 1.82 -12.66 1.56 1.70 0.14
123 2.5001 1.6335 0 0.0000 13.020 1.78 -12.67 1.57 1.70 0.13
124 2.4766 1.7659 0 0.0000 13.022 1.76 -12.67 1.56 1.70 0.14
125 2.3472 1.7240 0 0.0000 13.035 1.74 -12.68 1.55 1.70 0.14
126 2.2119 1.6474 0 0.0000 13.067 1.75 -12.70 1.55 1.70 0.15
127 2.1844 1.6194 0 0.0000 13.117 1.77 -12.74 1.55 1.70 0.15
128 2.1887 1.6239 0 0.0000 13.185 1.81 -12.79 1.55 1.70 0.15
129 2.4446 1.8100 0 0.0000 13.269 1.86 -12.85 1.55 1.70 0.15
130 2.0275 1.3960 0 0.0000 13.366 1.92 -12.92 1.56 1.71 0.15
131 2.0714 1.2988 0 0.0000 13.468 1.99 -13.00 1.56 1.71 0.15
132 1.5956 0.7767 0 0.0000 13.564 2.06 -13.08 1.55 1.72 0.17
133 1.6880 0.7573 0 0.0000 13.647 2.12 -13.14 1.55 1.72 0.17
134 1.6342 0.7116 0 0.0000 13.712 2.17 -13.20 1.55 1.72 0.18
135 1.5044 0.6158 0 0.0000 13.759 2.21 -13.23 1.55 1.73 0.18
136 1.7737 0.9061 0 0.0000 13.790 2.24 -13.26 1.55 1.73 0.17
137 1.6150 0.7931 0 0.0000 13.809 2.25 -13.27 1.55 1.73 0.18
138 1.5793 0.7636 0 0.0000 13.816 2.26 -13.28 1.55 1.73 0.18
139 1.4516 0.6750 0 0.0000 13.813 2.26 -13.27 1.55 1.73 0.18
140 1.6496 0.8214 0 0.0000 13.800 2.25 -13.26 1.55 1.73 0.18
141 1.4749 0.8066 0 0.0000 13.778 2.24 -13.24 1.56 1.73 0.17
142 1.4947 0.8484 0 0.0000 13.750 2.21 -13.21 1.56 1.73 0.17
143 1.4721 0.8294 0 0.0000 13.717 2.19 -13.18 1.56 1.72 0.17
144 1.5663 0.9221 0 0.0000 13.682 2.16 -13.15 1.56 1.72 0.17
145 1.6070 0.9457 0 0.0000 13.646 2.13 -13.12 1.56 1.72 0.16
146 1.8458 1.1529 0 0.0000 13.611 2.09 -13.09 1.56 1.72 0.16
147 1.8442 1.1704 0 0.0000 13.576 2.06 -13.06 1.56 1.72 0.16
148 1.8160 1.1095 0 0.0000 13.542 2.03 -13.04 1.56 1.71 0.16
149 1.8149 1.0786 0 0.0000 13.507 2.00 -13.01 1.56 1.71 0.16
150 2.1956 1.4290 0 0.0000 13.471 1.97 -12.97 1.56 1.71 0.15
151 2.2170 1.4794 0 0.0000 13.437 1.93 -12.95 1.56 1.71 0.15
152 2.2125 1.4148 0 0.0000 13.404 1.90 -12.92 1.56 1.71 0.15
153 2.2636 1.4561 0 0.0000 13.371 1.87 -12.89 1.56 1.70 0.15
154 2.5004 1.6423 0 0.0000 13.340 1.83 -12.86 1.56 1.70 0.14
155 2.5917 1.9228 0 0.0000 13.315 1.80 -12.84 1.56 1.70 0.14
156 2.3055 1.6770 0 0.0000 13.308 1.77 -12.83 1.55 1.70 0.14
157 2.0431 1.4618 0 0.0000 13.324 1.75 -12.84 1.55 1.70 0.14
158 2.8931 2.0969 0 0.0000 13.355 1.76 -12.86 1.57 1.70 0.13
159 2.6134 1.8624 0 0.0000 13.395 1.77 -12.89 1.56 1.70 0.13
160 2.4254 1.7660 0 0.0000 13.449 1.80 -12.93 1.56 1.70 0.14
161 2.3737 1.7317 0 0.0000 13.517 1.84 -12.97 1.56 1.70 0.14
162 2.3126 1.6604 0 0.0000 13.599 1.89 -13.03 1.56 1.70 0.14
163 2.1065 1.4826 0 0.0000 13.694 1.96 -13.10 1.56 1.71 0.15
164 2.1245 1.3589 0 0.0000 13.794 2.03 -13.17 1.57 1.71 0.15
165 2.0732 1.1463 0 0.0000 13.886 2.10 -13.24 1.56 1.72 0.16
166 1.8730 0.9489 0 0.0000 13.962 2.16 -13.30 1.56 1.72 0.17
167 1.7312 0.8449 0 0.0000 14.017 2.21 -13.34 1.56 1.72 0.17
168 1.8006 0.8327 0 0.0000 14.053 2.25 -13.36 1.55 1.73 0.17
169 1.6301 0.7559 0 0.0000 14.069 2.27 -13.37 1.56 1.73 0.17
170 1.6489 0.9041 0 0.0000 14.068 2.28 -13.36 1.57 1.73 0.16
171 1.6991 1.0367 0 0.0000 14.057 2.28 -13.35 1.58 1.73 0.15
172 1.5805 1.0121 0 0.0000 14.040 2.27 -13.33 1.58 1.73 0.15
173 1.3883 0.8591 0 0.0000 14.018 2.26 -13.31 1.58 1.73 0.15
174 1.5267 0.9933 0 0.0000 13.993 2.25 -13.28 1.58 1.73 0.15
175 1.4835 0.9709 0 0.0000 13.966 2.24 -13.26 1.58 1.73 0.15
176 1.3869 0.9005 0 0.0000 13.939 2.23 -13.23 1.58 1.73 0.15
177 1.5241 1.0106 0 0.0000 13.913 2.22 -13.21 1.58 1.73 0.15
178 1.6464 1.0931 0 0.0000 13.890 2.21 -13.19 1.58 1.73 0.15
179 1.5511 0.9649 0 0.0000 13.866 2.20 -13.16 1.58 1.73 0.15
180 1.6784 1.1057 0 0.0000 13.840 2.18 -13.14 1.58 1.73 0.15
181 1.8090 1.2020 0 0.0000 13.812 2.17 -13.12 1.58 1.72 0.15
182 1.7979 1.2077 0 0.0000 13.783 2.16 -13.09 1.58 1.72 0.15
183 1.7895 1.1911 0 0.0000 13.755 2.14 -13.06 1.58 1.72 0.15
184 1.7605 1.1489 0 0.0000 13.725 2.13 -13.04 1.58 1.72 0.14
185 1.8437 1.2287 0 0.0000 13.694 2.11 -13.01 1.58 1.72 0.14
186 1.6738 1.0970 0 0.0000 13.663 2.09 -12.98 1.58 1.72 0.14
187 1.7468 1.1556 0 0.0000 13.634 2.08 -12.96 1.58 1.72 0.14
188 1.8031 1.2018 0 0.0000 13.609 2.06 -12.94 1.58 1.72 0.14
189 1.8445 1.2324 0 0.0000 13.586 2.05 -12.92 1.58 1.72 0.14
190 1.8965 1.2754 0 0.0000 13.567 2.04 -12.91 1.58 1.72 0.14
191 2.0734 1.3714 0 0.0000 13.549 2.02 -12.89 1.58 1.72 0.14
192 2.1485 1.3784 0 0.0000 13.532 2.01 -12.88 1.58 1.71 0.14
193 2.2161 1.4475 0 0.0000 13.513 1.99 -12.87 1.58 1.71 0.14
194 2.2108 1.4507 0 0.0000 13.493 1.97 -12.85 1.58 1.71 0.13
195 2.2221 1.4828 0 0.0000 13.471 1.96 -12.83 1.58 1.71 0.13
196 2.2643 1.5274 0 0.0000 13.448 1.95 -12.81 1.58 1.71 0.13
197 2.4380 1.5729 0 0.0000 13.425 1.93 -12.80 1.58 1.71 0.13
198 2.4381 1.6979 0 0.0000 13.406 1.91 -12.78 1.58 1.71 0.13
199 2.0212 1.4257 0 0.0000 13.404 1.90 -12.77 1.57 1.71 0.13
200 2.2773 1.5730 0 0.0000 13.414 1.89 -12.77 1.58 1.71 0.13
201 2.3475 1.6908 0 0.0000 13.437 1.89 -12.79 1.58 1.71 0.13
202 2.1226 1.5203 0 0.0000 13.477 1.91 -12.82 1.58 1.71 0.13
203 2.2901 1.5840 0 0.0000 13.528 1.93 -12.85 1.58 1.71 0.13
204 2.4248 1.7087 0 0.0000 13.585 1.96 -12.89 1.58 1.71 0.13
205 2.0769 1.4472 0 0.0000 13.653 2.00 -12.94 1.58 1.71 0.13
206 2.1232 1.4662 0 0.0000 13.727 2.04 -13.00 1.58 1.72 0.13
207 1.8536 1.1261 0 0.0000 13.796 2.09 -13.05 1.58 1.72 0.14
208 1.6795 0.9516 0 0.0000 13.853 2.13 -13.09 1.58 1.72 0.14
209 1.6278 0.9062 0 0.0000 13.897 2.16 -13.13 1.58 1.72 0.14
210 1.5355 0.8577 0 0.0000 13.925 2.18 -13.15 1.58 1.72 0.14
211 1.4839 0.8807 0 0.0000 13.939 2.19 -13.16 1.58 1.73 0.14
212 1.6018 1.0140 0 0.0000 13.940 2.20 -13.15 1.58 1.73 0.14
213 1.5685 0.9841 0 0.0000 13.931 2.19 -13.14 1.58 1.73 0.14
214 1.5354 0.9759 0 0.0000 13.914 2.19 -13.12 1.58 1.73 0.14
215 1.7674 1.2015 0 0.0000 13.891 2.18 -13.10 1.59 1.73 0.14
216 1.7080 1.1567 0 0.0000 13.865 2.17 -13.08 1.59 1.72 0.14
217 1.5369 1.0321 0 0.0000 13.837 2.15 -13.05 1.59 1.72 0.14
218 1.6163 1.0696 0 0.0000 13.810 2.14 -13.02 1.59 1.72 0.14
219 1.7370 1.1465 0 0.0000 13.783 2.13 -13.00 1.59 1.72 0.14
220 1.7058 1.1108 0 0.0000 13.756 2.11 -12.98 1.59 1.72 0.14
221 1.9854 1.3729 0 0.0000 13.732 2.10 -12.95 1.59 1.72 0.14
222 2.0181 1.3862 0 0.0000 13.711 2.08 -12.94 1.58 1.72 0.13
223 1.7636 1.1878 0 0.0000 13.692 2.06 -12.92 1.59 1.72 0.13
224 1.8750 1.2933 0 0.0000 13.675 2.05 -12.91 1.59 1.72 0.13
225 1.9288 1.3391 0 0.0000 13.658 2.03 -12.90 1.59 1.72 0.13
226 2.0758 1.4337 0 0.0000 13.644 2.02 -12.89 1.59 1.72 0.13
227 2.0486 1.4215 0 0.0000 13.630 2.01 -12.88 1.59 1.71 0.13
228 2.2196 1.5096 0 0.0000 13.618 2.00 -12.87 1.59 1.71 0.13
229 2.4629 1.7010 0 0.0000 13.606 1.98 -12.86 1.59 1.71 0.13
230 2.1498 1.4748 0 0.0000 13.600 1.97 -12.86 1.58 1.71 0.13
231 2.4398 1.6876 0 0.0000 13.603 1.96 -12.86 1.59 1.71 0.12
232 2.2724 1.5895 0 0.0000 13.614 1.95 -12.87 1.58 1.71 0.13
233 2.1177 1.4872 0 0.0000 13.642 1.96 -12.88 1.58 1.71 0.13
234 2.2632 1.6052 0 0.0000 13.681 1.98 -12.91 1.59 1.71 0.12
235 2.1270 1.4839 0 0.0000 13.726 2.01 -12.94 1.59 1.71 0.13
236 2.1915 1.5478 0 0.0000 13.776 2.04 -12.98 1.59 1.72 0.13
237 2.0738 1.5008 0 0.0000 13.827 2.08 -13.01 1.59 1.72 0.13
238 1.8378 1.2545 0 0.0000 13.880 2.11 -13.05 1.59 1.72 0.13
239 1.7535 1.1112 0 0.0000 13.927 2.15 -13.08 1.58 1.72 0.14
240 1.7599 1.0693 0 0.0000 13.963 2.17 -13.11 1.58 1.72 0.14
241 1.7048 1.0790 0 0.0000 13.986 2.18 -13.13 1.58 1.73 0.14
242 1.6389 1.0616 0 0.0000 13.996 2.19 -13.13 1.58 1.73 0.14
243 1.6079 1.0211 0 0.0000 13.996 2.18 -13.13 1.58 1.73 0.14
244 1.6911 1.0611 0 0.0000 13.988 2.18 -13.12 1.58 1.72 0.14
245 1.6500 1.0357 0 0.0000 13.971 2.17 -13.10 1.58 1.72 0.14
246 1.8318 1.2267 0 0.0000 13.947 2.16 -13.08 1.58 1.72 0.14
247 1.6420 1.0708 0 0.0000 13.917 2.15 -13.05 1.59 1.72 0.13
248 1.7371 1.1747 0 0.0000 13.887 2.13 -13.02 1.59 1.72 0.13
249 1.6822 1.1137 0 0.0000 13.857 2.11 -13.00 1.59 1.72 0.13
250 1.8523 1.2781 0 0.0000 13.827 2.09 -12.97 1.59 1.72 0.13
251 1.9422 1.3485 0 0.0000 13.798 2.07 -12.95 1.59 1.72 0.13
252 1.9885 1.3881 0 0.0000 13.771 2.06 -12.92 1.59 1.72 0.13
253 1.9726 1.3548 0 0.0000 13.747 2.04 -12.90 1.59 1.72 0.13
254 2.0390 1.4166 0 0.0000 13.726 2.02 -12.89 1.59 1.72 0.13
255 2.1038 1.4387 0 0.0000 13.706 2.01 -12.87 1.59 1.71 0.13
256 2.0782 1.4058 0 0.0000 13.686 2.00 -12.85 1.59 1.71 0.12
257 2.1730 1.4554 0 0.0000 13.666 1.99 -12.84 1.59 1.71 0.12
258 2.3344 1.6362 0 0.0000 13.646 1.98 -12.82 1.59 1.71 0.12
259 2.0255 1.3867 0 0.0000 13.633 1.97 -12.81 1.59 1.71 0.12
260 2.5210 1.8084 0 0.0000 13.631 1.98 -12.80 1.59 1.71 0.12
261 1.8566 1.2832 0 0.0000 13.638 1.98 -12.80 1.59 1.71 0.13
262 2.3308 1.6494 0 0.0000 13.656 1.99 -12.81 1.59 1.71 0.12
263 2.0769 1.4473 0 0.0000 13.682 2.01 -12.83 1.59 1.72 0.12
264 2.3169 1.6612 0 0.0000 13.715 2.03 -12.85 1.59 1.72 0.12
265 1.9195 1.3579 0 0.0000 13.753 2.06 -12.87 1.59 1.72 0.13
266 1.9751 1.4088 0 0.0000 13.795 2.09 -12.90 1.59 1.72 0.13
267 2.0423 1.3797 0 0.0000 13.835 2.12 -12.93 1.59 1.72 0.13
268 1.8217 1.1876 0 0.0000 13.869 2.15 -12.96 1.59 1.72 0.13
269 1.7896 1.1565 0 0.0000 13.895 2.17 -12.97 1.59 1.73 0.14
270 1.7005 1.0896 0 0.0000 13.912 2.18 -12.99 1.59 1.73 0.14
271 1.6681 1.0794 0 0.0000 13.919 2.19 -12.99 1.59 1.73 0.14
272 1.7381 1.1605 0 0.0000 13.919 2.19 -12.99 1.59 1.73 0.14
273 1.8189 1.2414 0 0.0000 13.912 2.18 -12.98 1.59 1.73 0.14
274 1.8242 1.2468 0 0.0000 13.900 2.18 -12.97 1.59 1.73 0.14
275 1.7650 1.2096 0 0.0000 13.884 2.17 -12.96 1.59 1.73 0.14
276 1.7951 1.2149 0 0.0000 13.865 2.15 -12.94 1.59 1.73 0.13
277 1.9129 1.3127 0 0.0000 13.845 2.14 -12.93 1.59 1.72 0.13
278 1.8572 1.2764 0 0.0000 13.825 2.12 -12.91 1.59 1.72 0.13
279 1.8682 1.2416 0 0.0000 13.804 2.10 -12.89 1.59 1.72 0.13
280 2.1688 1.5076 0 0.0000 13.782 2.09 -12.87 1.59 1.72 0.13
281 2.1163 1.4710 0 0.0000 13.761 2.07 -12.86 1.59 1.72 0.13
282 2.1616 1.5394 0 0.0000 13.741 2.06 -12.84 1.59 1.72 0.12
283 1.8558 1.2693 0 0.0000 13.727 2.04 -12.83 1.59 1.72 0.13
284 1.9262 1.3510 0 0.0000 13.722 2.04 -12.82 1.59 1.72 0.13
285 2.1406 1.4750 0 0.0000 13.720 2.04 -12.81 1.59 1.72 0.12
286 2.2766 1.5870 0 0.0000 13.719 2.04 -12.81 1.59 1.72 0.12
287 1.9274 1.3831 0 0.0000 13.725 2.03 -12.81 1.59 1.72 0.13
288 2.0294 1.4737 0 0.0000 13.740 2.04 -12.82 1.59 1.72 0.12
289 2.1728 1.5289 0 0.0000 13.756 2.04 -12.84 1.59 1.72 0.12
290 1.9992 1.3852 0 0.0000 13.772 2.05 -12.85 1.59 1.72 0.12
291 2.1884 1.5183 0 0.0000 13.784 2.05 -12.86 1.59 1.72 0.13
292 2.2421 1.5259 0 0.0000 13.792 2.04 -12.87 1.59 1.72 0.12
293 2.5314 1.7326 0 0.0000 13.794 2.03 -12.88 1.59 1.72 0.12
294 2.1232 1.4820 0 0.0000 13.797 2.02 -12.88 1.60 1.72 0.12
295 2.3459 1.6674 0 0.0000 13.805 2.00 -12.89 1.60 1.71 0.12
296 2.6335 1.8624 0 0.0000 13.818 1.98 -12.89 1.60 1.71 0.12
297 2.5408 1.8525 0 0.0000 13.845 1.97 -12.91 1.59 1.71 0.12
298 2.4804 1.8641 0 0.0000 13.889 1.98 -12.94 1.59 1.71 0.12
299 2.4218 1.8314 0 0.0000 13.951 2.00 -12.98 1.59 1.71 0.12
300 2.5806 1.9195 0 0.0000 14.029 2.04 -13.03 1.59 1.72 0.12
301 2.3880 1.7551 0 0.0000 14.122 2.09 -13.09 1.60 1.72 0.12
302 2.4759 1.7937 0 0.0000 14.226 2.16 -13.16 1.60 1.72 0.13
303 2.5604 1.9621 0 0.0000 14.341 2.23 -13.24 1.60 1.73 0.13
304 2.2489 1.7158 0 0.0000 14.463 2.32 -13.33 1.60 1.73 0.13
305 2.1586 1.6297 0 0.0000 14.592 2.41 -13.42 1.60 1.74 0.14
306 1.9966 1.5553 0 0.0000 14.725 2.50 -13.51 1.60 1.74 0.14
307 1.7335 1.3597 0 0.0000 14.862 2.60 -13.60 1.60 1.75 0.15
308 1.6530 1.1800 0 0.0000 14.995 2.70 -13.70 1.60 1.76 0.16
309 1.4954 0.8795 0 0.0000 15.115 2.79 -13.78 1.58 1.76 0.18
310 1.5913 0.9176 0 0.0000 15.213 2.87 -13.85 1.58 1.77 0.18
311 1.6639 1.0181 0 0.0000 15.286 2.93 -13.90 1.59 1.77 0.18
312 1.6958 1.0701 0 0.0000 15.336 2.97 -13.93 1.59 1.77 0.18
313 1.7636 1.1915 0 0.0000 15.366 3.00 -13.95 1.60 1.77 0.18
314 1.7722 1.2112 0 0.0000 15.379 3.02 -13.95 1.60 1.78 0.18
315 1.5962 1.1108 0 0.0000 15.378 3.02 -13.95 1.60 1.78 0.18
316 1.7412 1.3005 0 0.0000 15.365 3.03 -13.93 1.60 1.78 0.18
317 1.8618 1.4643 0 0.0000 15.342 3.02 -13.90 1.60 1.78 0.18
318 1.8554 1.5302 0 0.0000 15.316 3.02 -13.87 1.60 1.78 0.18
319 1.1166 1.0411 0 0.0000 15.294 3.01 -13.85 1.60 1.78 0.18
320 1.8851 1.6111 0 0.0000 15.281 3.01 -13.83 1.60 1.78 0.17
321 1.0267 0.9846 0 0.0000 15.275 3.01 -13.81 1.60 1.78 0.18
322 1.7313 1.4719 0 0.0000 15.279 3.02 -13.80 1.60 1.78 0.17
323 1.8356 1.5130 0 0.0000 15.284 3.03 -13.79 1.61 1.78 0.17
324 1.5896 1.3126 0 0.0000 15.287 3.04 -13.79 1.60 1.78 0.17
325 1.8167 1.5125 0 0.0000 15.287 3.06 -13.78 1.60 1.78 0.18
326 1.3962 1.1117 0 0.0000 15.284 3.07 -13.78 1.60 1.78 0.18
327 1.4573 1.1449 0 0.0000 15.276 3.07 -13.77 1.60 1.78 0.18
328 1.8153 1.3859 0 0.0000 15.262 3.06 -13.75 1.60 1.78 0.18
329 1.4602 1.1237 0 0.0000 15.240 3.05 -13.73 1.60 1.78 0.18
330 1.5615 1.1986 0 0.0000 15.214 3.04 -13.71 1.60 1.78 0.18
331 1.5987 1.2361 0 0.0000 15.181 3.02 -13.68 1.60 1.78 0.18
332 1.5477 1.2816 0 0.0000 15.144 2.99 -13.64 1.61 1.78 0.17
333 1.4609 1.2132 0 0.0000 15.105 2.97 -13.61 1.61 1.78 0.17
334 1.7545 1.4481 0 0.0000 15.065 2.95 -13.57 1.61 1.78 0.17
335 1.8514 1.4855 0 0.0000 15.023 2.92 -13.53 1.61 1.77 0.16
336 1.8636 1.5117 0 0.0000 14.978 2.90 -13.49 1.61 1.77 0.16
337 1.9356 1.5492 0 0.0000 14.931 2.88 -13.45 1.61 1.77 0.16
338 1.0641 0.9336 0 0.0000 14.889 2.85 -13.40 1.61 1.77 0.17
339 1.1286 0.9953 0 0.0000 14.857 2.83 -13.37 1.61 1.77 0.17
340 1.3528 1.1268 0 0.0000 14.829 2.82 -13.34 1.61 1.77 0.16
341 1.4624 1.2819 0 0.0000 14.805 2.81 -13.31 1.61 1.77 0.16
342 1.4000 1.2178 0 0.0000 14.781 2.81 -13.28 1.61 1.77 0.16
343 1.5754 1.3055 0 0.0000 14.759 2.79 -13.26 1.61 1.77 0.16
344 1.4072 1.1775 0 0.0000 14.736 2.78 -13.24 1.61 1.77 0.16
345 1.6533 1.4156 0 0.0000 14.712 2.76 -13.22 1.61 1.77 0.16
346 1.8925 1.5845 0 0.0000 14.688 2.74 -13.20 1.61 1.77 0.16
347 1.1312 0.9438 0 0.0000 14.671 2.72 -13.18 1.60 1.76 0.16
348 1.2727 1.0902 0 0.0000 14.663 2.71 -13.17 1.61 1.76 0.16
349 1.8254 1.5373 0 0.0000 14.658 2.70 -13.16 1.61 1.76 0.16
350 1.2407 1.0102 0 0.0000 14.659 2.70 -13.16 1.60 1.76 0.16
351 1.8329 1.5017 0 0.0000 14.667 2.71 -13.16 1.61 1.76 0.15
352 1.7945 1.4527 0 0.0000 14.674 2.72 -13.16 1.61 1.77 0.15
353 1.7947 1.4138 0 0.0000 14.677 2.73 -13.16 1.61 1.77 0.16
354 1.6366 1.3309 0 0.0000 14.674 2.73 -13.15 1.61 1.77 0.16
355 1.5930 1.3417 0 0.0000 14.666 2.74 -13.14 1.61 1.77 0.16
356 1.5369 1.3084 0 0.0000 14.657 2.74 -13.13 1.61 1.77 0.16
357 1.2016 0.9927 0 0.0000 14.648 2.75 -13.12 1.61 1.77 0.16
358 1.6440 1.3168 0 0.0000 14.636 2.74 -13.11 1.61 1.77 0.16
359 1.6181 1.3160 0 0.0000 14.620 2.74 -13.09 1.61 1.77 0.16
360 1.2111 1.0069 0 0.0000 14.602 2.73 -13.08 1.61 1.77 0.16
361 1.5218 1.2832 0 0.0000 14.583 2.72 -13.06 1.61 1.77 0.15
362 1.6029 1.3408 0 0.0000 14.563 2.70 -13.05 1.61 1.77 0.15
363 1.6658 1.3547 0 0.0000 14.545 2.68 -13.03 1.61 1.76 0.15
364 1.5215 1.1942 0 0.0000 14.527 2.67 -13.02 1.61 1.76 0.15
365 1.7394 1.4436 0 0.0000 14.511 2.65 -13.01 1.61 1.76 0.15
366 1.6293 1.3333 0 0.0000 14.494 2.64 -13.00 1.61 1.76 0.15
367 1.5543 1.2993 0 0.0000 14.477 2.63 -12.98 1.61 1.76 0.15
368 1.5588 1.3037 0 0.0000 14.460 2.62 -12.97 1.61 1.76 0.15
369 1.3558 1.0793 0 0.0000 14.442 2.61 -12.96 1.61 1.76 0.15
370 1.7277 1.3948 0 0.0000 14.425 2.60 -12.94 1.61 1.76 0.15
371 1.7206 1.4174 0 0.0000 14.406 2.59 -12.93 1.61 1.76 0.15
372 1.6230 1.3014 0 0.0000 14.387 2.57 -12.92 1.61 1.76 0.15
373 1.8099 1.4749 0 0.0000 14.367 2.55 -12.90 1.61 1.76 0.14
374 1.7912 1.4647 0 0.0000 14.346 2.53 -12.89 1.61 1.75 0.14
375 1.8860 1.5064 0 0.0000 14.325 2.51 -12.88 1.61 1.75 0.14
376 1.9059 1.5389 0 0.0000 14.304 2.49 -12.86 1.61 1.75 0.14
377 1.3465 1.0877 0 0.0000 14.290 2.46 -12.85 1.61 1.75 0.14
378 1.4758 1.2420 0 0.0000 14.286 2.45 -12.84 1.61 1.75 0.14
379 1.8359 1.4716 0 0.0000 14.285 2.44 -12.84 1.61 1.75 0.14
380 1.8674 1.4707 0 0.0000 14.282 2.43 -12.84 1.61 1.75 0.14
381 1.7300 1.3091 0 0.0000 14.278 2.43 -12.84 1.61 1.75 0.14
382 1.9929 1.5625 0 0.0000 14.272 2.42 -12.83 1.61 1.75 0.13
383 1.5439 1.2366 0 0.0000 14.269 2.41 -12.82 1.61 1.75 0.14
384 1.4818 1.2153 0 0.0000 14.275 2.42 -12.82 1.61 1.75 0.14
385 1.4807 1.1659 0 0.0000 14.283 2.42 -12.83 1.61 1.75 0.14
386 2.0729 1.6534 0 0.0000 14.293 2.43 -12.84 1.61 1.75 0.14
387 1.5814 1.2237 0 0.0000 14.307 2.44 -12.84 1.61 1.75 0.14
388 1.5363 1.2259 0 0.0000 14.328 2.46 -12.86 1.61 1.75 0.14
389 1.8616 1.4295 0 0.0000 14.349 2.47 -12.87 1.61 1.75 0.14
390 1.7998 1.3903 0 0.0000 14.365 2.49 -12.88 1.61 1.75 0.14
391 1.6048 1.2279 0 0.0000 14.376 2.51 -12.89 1.61 1.75 0.14
392 1.7298 1.3509 0 0.0000 14.378 2.51 -12.89 1.61 1.75 0.14
393 1.4898 1.1566 0 0.0000 14.375 2.52 -12.89 1.61 1.75 0.14
394 1.5323 1.1772 0 0.0000 14.367 2.52 -12.88 1.61 1.75 0.14
395 1.6066 1.2693 0 0.0000 14.355 2.51 -12.87 1.61 1.75 0.14
396 1.6006 1.2422 0 0.0000 14.338 2.50 -12.86 1.61 1.75 0.14
397 1.7566 1.3776 0 0.0000 14.317 2.49 -12.84 1.61 1.75 0.14
398 1.5503 1.2624 0 0.0000 14.295 2.48 -12.82 1.61 1.75 0.14
399 1.8277 1.4987 0 0.0000 14.273 2.46 -12.80 1.61 1.75 0.14
400 1.3416 1.0528 0 0.0000 14.251 2.45 -12.78 1.61 1.75 0.14
401 1.4190 1.1005 0 0.0000 14.232 2.44 -12.76 1.61 1.75 0.14
402 1.7771 1.3330 0 0.0000 14.216 2.43 -12.75 1.61 1.75 0.13
403 1.9847 1.5401 0 0.0000 14.200 2.42 -12.74 1.61 1.75 0.14
404 1.3986 1.1135 0 0.0000 14.188 2.42 -12.72 1.61 1.75 0.14
405 1.3835 1.0683 0 0.0000 14.184 2.42 -12.72 1.61 1.75 0.14
406 1.3296 1.0635 0 0.0000 14.183 2.42 -12.71 1.61 1.75 0.14
407 1.6430 1.3040 0 0.0000 14.184 2.43 -12.71 1.61 1.75 0.14
408 1.9170 1.5214 0 0.0000 14.185 2.44 -12.71 1.61 1.75 0.14
409 1.8411 1.4686 0 0.0000 14.184 2.44 -12.71 1.61 1.75 0.14
410 1.9256 1.5673 0 0.0000 14.181 2.44 -12.71 1.61 1.75 0.14
411 1.3781 1.1433 0 0.0000 14.184 2.43 -12.71 1.61 1.75 0.14
412 1.3620 1.1095 0 0.0000 14.195 2.43 -12.72 1.61 1.75 0.14
413 1.8352 1.3812 0 0.0000 14.208 2.42 -12.73 1.61 1.75 0.14
414 2.0806 1.6460 0 0.0000 14.221 2.42 -12.74 1.61 1.75 0.14
415 1.4311 1.1273 0 0.0000 14.238 2.42 -12.75 1.61 1.75 0.14
416 1.5249 1.2220 0 0.0000 14.261 2.43 -12.77 1.61 1.75 0.14
417 1.6989 1.3786 0 0.0000 14.283 2.44 -12.79 1.61 1.75 0.14
418 1.9110 1.5256 0 0.0000 14.304 2.44 -12.81 1.61 1.75 0.14
419 1.9012 1.4829 0 0.0000 14.322 2.44 -12.83 1.61 1.75 0.14
420 1.7866 1.3405 0 0.0000 14.337 2.44 -12.84 1.61 1.75 0.14
421 1.8131 1.3477 0 0.0000 14.346 2.44 -12.85 1.61 1.75 0.14
422 1.8860 1.4215 0 0.0000 14.348 2.44 -12.86 1.61 1.75 0.14
423 1.8703 1.4162 0 0.0000 14.344 2.43 -12.85 1.61 1.75 0.14
424 1.8441 1.3881 0 0.0000 14.334 2.42 -12.85 1.61 1.75 0.14
425 1.9837 1.5146 0 0.0000 14.319 2.41 -12.84 1.61 1.75 0.13
426 2.0116 1.6136 0 0.0000 14.301 2.40 -12.82 1.61 1.75 0.13
427 1.5338 1.2610 0 0.0000 14.288 2.39 -12.81 1.61 1.75 0.14
428 1.7611 1.3941 0 0.0000 14.284 2.39 -12.80 1.61 1.75 0.14
429 1.5534 1.2116 0 0.0000 14.282 2.39 -12.79 1.61 1.75 0.14
430 1.7796 1.4471 0 0.0000 14.280 2.40 -12.79 1.61 1.75 0.14
431 2.0569 1.6370 0 0.0000 14.278 2.39 -12.79 1.61 1.75 0.14
432 1.6475 1.3432 0 0.0000 14.281 2.39 -12.79 1.61 1.75 0.14
433 1.5646 1.2729 0 0.0000 14.291 2.38 -12.79 1.61 1.75 0.13
434 1.7208 1.3565 0 0.0000 14.304 2.39 -12.80 1.61 1.74 0.14
435 1.9033 1.4518 0 0.0000 14.317 2.39 -12.81 1.61 1.74 0.14
436 2.0042 1.5663 0 0.0000 14.328 2.39 -12.82 1.61 1.74 0.13
437 1.7671 1.3690 0 0.0000 14.343 2.39 -12.83 1.61 1.74 0.14
438 1.7619 1.3777 0 0.0000 14.363 2.39 -12.85 1.61 1.75 0.13
439 2.0045 1.5845 0 0.0000 14.384 2.40 -12.86 1.61 1.75 0.13
440 1.6829 1.3098 0 0.0000 14.408 2.41 -12.88 1.61 1.75 0.13
441 1.7940 1.4178 0 0.0000 14.435 2.42 -12.90 1.61 1.75 0.13
442 1.7191 1.3073 0 0.0000 14.461 2.43 -12.91 1.61 1.75 0.14
443 2.0227 1.5038 0 0.0000 14.482 2.44 -12.93 1.61 1.75 0.14
444 2.0653 1.5566 0 0.0000 14.495 2.45 -12.94 1.61 1.75 0.14
445 1.6039 1.3123 0 0.0000 14.506 2.46 -12.94 1.61 1.75 0.14
446 1.5543 1.2603 0 0.0000 14.519 2.46 -12.95 1.61 1.75 0.14
447 1.8109 1.4027 0 0.0000 14.531 2.47 -12.95 1.61 1.75 0.14
448 1.9442 1.5916 0 0.0000 14.541 2.48 -12.96 1.61 1.75 0.14
449 1.4667 1.2278 0 0.0000 14.554 2.49 -12.96 1.61 1.75 0.14
450 1.4969 1.2781 0 0.0000 14.572 2.50 -12.97 1.61 1.75 0.14
451 1.8922 1.5074 0 0.0000 14.589 2.51 -12.98 1.61 1.75 0.15
452 1.6652 1.3329 0 0.0000 14.602 2.53 -12.98 1.61 1.75 0.15
453 1.6639 1.3491 0 0.0000 14.609 2.54 -12.99 1.61 1.75 0.15
454 1.6374 1.3528 0 0.0000 14.611 2.55 -12.99 1.60 1.75 0.15
455 1.8273 1.5128 0 0.0000 14.608 2.55 -12.98 1.61 1.75 0.15
456 1.8065 1.4922 0 0.0000 14.600 2.55 -12.97 1.61 1.76 0.15
457 1.5893 1.3224 0 0.0000 14.590 2.55 -12.96 1.61 1.76 0.15
458 1.5621 1.2877 0 0.0000 14.576 2.54 -12.95 1.61 1.75 0.15
459 1.9757 1.6098 0 0.0000 14.557 2.53 -12.94 1.61 1.75 0.14
460 1.3033 1.1431 0 0.0000 14.543 2.51 -12.92 1.61 1.75 0.14
461 1.5081 1.2390 0 0.0000 14.537 2.49 -12.91 1.61 1.75 0.14
462 1.6268 1.3001 0 0.0000 14.534 2.48 -12.91 1.62 1.75 0.14
463 1.5767 1.3046 0 0.0000 14.532 2.47 -12.90 1.62 1.75 0.13
464 1.6027 1.3008 0 0.0000 14.530 2.46 -12.90 1.62 1.75 0.13
465 1.9027 1.4883 0 0.0000 14.528 2.46 -12.90 1.62 1.75 0.13
466 1.6408 1.3135 0 0.0000 14.525 2.46 -12.90 1.62 1.75 0.13
467 2.0155 1.5558 0 0.0000 14.522 2.45 -12.90 1.62 1.75 0.13
468 1.5634 1.3521 0 0.0000 14.523 2.45 -12.90 1.62 1.75 0.13
469 1.5314 1.2079 0 0.0000 14.530 2.46 -12.90 1.62 1.75 0.13
470 1.9361 1.5437 0 0.0000 14.538 2.47 -12.90 1.62 1.75 0.13
471 1.4716 1.2670 0 0.0000 14.550 2.47 -12.91 1.62 1.75 0.13
472 1.5617 1.2752 0 0.0000 14.569 2.48 -12.92 1.62 1.75 0.13
473 1.5751 1.2779 0 0.0000 14.588 2.50 -12.93 1.62 1.75 0.13
474 2.1057 1.6281 0 0.0000 14.605 2.51 -12.94 1.62 1.75 0.13
475 1.4523 1.2119 0 0.0000 14.624 2.53 -12.95 1.62 1.75 0.14
476 1.8853 1.5424 0 0.0000 14.647 2.54 -12.96 1.62 1.75 0.14
477 1.4629 1.2393 0 0.0000 14.674 2.56 -12.98 1.62 1.76 0.14
478 1.3589 1.1622 0 0.0000 14.705 2.58 -12.99 1.62 1.76 0.14
479 1.6369 1.3476 0 0.0000 14.733 2.60 -13.01 1.62 1.76 0.14
480 1.8097 1.4794 0 0.0000 14.754 2.62 -13.02 1.62 1.76 0.14
481 1.5163 1.2903 0 0.0000 14.769 2.63 -13.03 1.62 1.76 0.14
482 1.3766 1.1918 0 0.0000 14.777 2.63 -13.04 1.62 1.76 0.14
483 1.5074 1.2770 0 0.0000 14.780 2.63 -13.04 1.62 1.76 0.14
484 1.5380 1.2801 0 0.0000 14.777 2.63 -13.04 1.62 1.76 0.14
485 1.4926 1.2584 0 0.0000 14.769 2.62 -13.03 1.62 1.76 0.14
486 1.7966 1.4274 0 0.0000 14.756 2.60 -13.02 1.62 1.76 0.14
487 1.7830 1.4454 0 0.0000 14.739 2.59 -13.00 1.62 1.76 0.14
488 1.7166 1.4227 0 0.0000 14.718 2.57 -12.99 1.62 1.76 0.14
489 1.5287 1.2872 0 0.0000 14.695 2.55 -12.97 1.62 1.76 0.14
490 1.6038 1.3565 0 0.0000 14.671 2.54 -12.95 1.62 1.75 0.14
491 1.8389 1.5318 0 0.0000 14.646 2.51 -12.93 1.62 1.75 0.14
492 1.1577 0.9896 0 0.0000 14.627 2.48 -12.91 1.62 1.75 0.13
493 1.5382 1.3562 0 0.0000 14.616 2.45 -12.90 1.62 1.75 0.13
494 1.7502 1.4394 0 0.0000 14.609 2.43 -12.89 1.62 1.75 0.13
495 1.8207 1.4929 0 0.0000 14.603 2.41 -12.88 1.62 1.75 0.12
496 1.7738 1.4483 0 0.0000 14.599 2.39 -12.88 1.62 1.74 0.12
497 1.8968 1.5329 0 0.0000 14.594 2.38 -12.88 1.63 1.74 0.12
498 1.5369 1.2952 0 0.0000 14.595 2.37 -12.88 1.62 1.74 0.12
499 1.8820 1.5309 0 0.0000 14.602 2.36 -12.88 1.62 1.74 0.12
500 1.5222 1.3130 0 0.0000 14.618 2.35 -12.89 1.62 1.74 0.12
501 1.8322 1.4810 0 0.0000 14.641 2.36 -12.90 1.62 1.74 0.12
502 2.1361 1.7049 0 0.0000 14.664 2.37 -12.92 1.62 1.74 0.12
503 1.7998 1.5804 0 0.0000 14.689 2.38 -12.93 1.62 1.74 0.12
504 1.5033 1.3974 0 0.0000 14.725 2.39 -12.95 1.62 1.74 0.13
505 1.9093 1.5944 0 0.0000 14.769 2.41 -12.98 1.62 1.74 0.12
506 1.4775 1.2745 0 0.0000 14.818 2.44 -13.01 1.62 1.75 0.13
507 1.8273 1.4167 0 0.0000 14.871 2.48 -13.04 1.62 1.75 0.13
508 1.8278 1.4883 0 0.0000 14.921 2.52 -13.08 1.62 1.75 0.13
509 2.6244 1.8410 0 0.0000 14.962 2.55 -13.11 1.62 1.75 0.14
510 1.8243 1.4987 0 0.0000 14.996 2.57 -13.13 1.62 1.75 0.14
511 1.9093 1.6049 0 0.0000 15.028 2.60 -13.14 1.62 1.76 0.14
512 1.4448 1.3097 0 0.0000 15.060 2.62 -13.16 1.62 1.76 0.14
513 1.6508 1.3460 0 0.0000 15.095 2.65 -13.17 1.62 1.76 0.14
514 1.8658 1.5606 0 0.0000 15.126 2.67 -13.19 1.62 1.76 0.14
515 1.1052 1.0007 0 0.0000 15.158 2.69 -13.21 1.62 1.76 0.15
516 1.6532 1.3629 0 0.0000 15.194 2.71 -13.23 1.62 1.76 0.15
517 1.9899 1.6447 0 0.0000 15.226 2.73 -13.25 1.62 1.76 0.15
518 1.5053 1.3034 0 0.0000 15.259 2.75 -13.27 1.62 1.77 0.15
519 1.6551 1.3281 0 0.0000 15.292 2.77 -13.29 1.62 1.77 0.15
520 2.2309 1.7083 0 0.0000 15.322 2.79 -13.30 1.62 1.77 0.15
521 1.6190 1.4075 0 0.0000 15.350 2.81 -13.32 1.62 1.77 0.15
522 1.7691 1.4434 0 0.0000 15.378 2.83 -13.33 1.62 1.77 0.15
523 2.0721 1.5615 0 0.0000 15.403 2.85 -13.34 1.62 1.77 0.16
524 1.8052 1.4723 0 0.0000 15.426 2.86 -13.35 1.61 1.77 0.16
525 1.8177 1.5174 0 0.0000 15.449 2.88 -13.36 1.61 1.77 0.16
526 1.8932 1.5879 0 0.0000 15.468 2.90 -13.36 1.61 1.78 0.16
527 1.5098 1.3198 0 0.0000 15.488 2.91 -13.37 1.61 1.78 0.17
528 1.7732 1.5012 0 0.0000 15.512 2.93 -13.37 1.61 1.78 0.17
529 1.9815 1.6543 0 0.0000 15.532 2.95 -13.38 1.61 1.78 0.16
530 1.5180 1.3186 0 0.0000 15.552 2.97 -13.38 1.61 1.78 0.17
531 1.4157 1.3263 0 0.0000 15.575 2.99 -13.39 1.62 1.78 0.17
532 1.4840 1.2910 0 0.0000 15.595 3.01 -13.40 1.62 1.78 0.17
533 2.1420 1.7545 0 0.0000 15.610 3.03 -13.40 1.61 1.78 0.17
534 1.5165 1.3125 0 0.0000 15.625 3.04 -13.40 1.61 1.78 0.17
535 1.4140 1.2675 0 0.0000 15.645 3.05 -13.41 1.62 1.79 0.17
536 1.6413 1.4073 0 0.0000 15.661 3.07 -13.42 1.61 1.79 0.17
537 1.8412 1.5992 0 0.0000 15.673 3.08 -13.42 1.61 1.79 0.17
538 1.4069 1.2495 0 0.0000 15.685 3.09 -13.42 1.62 1.79 0.17
539 1.4091 1.2662 0 0.0000 15.701 3.10 -13.42 1.61 1.79 0.17
540 1.7021 1.4218 0 0.0000 15.715 3.11 -13.43 1.61 1.79 0.18
541 1.8157 1.5697 0 0.0000 15.724 3.11 -13.43 1.61 1.79 0.18
542 1.5566 1.3691 0 0.0000 15.734 3.11 -13.43 1.61 1.79 0.18
543 1.4251 1.3131 0 0.0000 15.749 3.11 -13.44 1.61 1.79 0.18
544 2.0981 1.7563 0 0.0000 15.761 3.12 -13.44 1.61 1.79 0.18
545 1.5454 1.3629 0 0.0000 15.772 3.12 -13.44 1.61 1.79 0.18
546 1.4261 1.3052 0 0.0000 15.785 3.12 -13.44 1.61 1.79 0.18
547 1.8002 1.5430 0 0.0000 15.796 3.12 -13.44 1.61 1.79 0.18
548 1.5172 1.3551 0 0.0000 15.809 3.13 -13.44 1.61 1.79 0.18
549 1.6735 1.4036 0 0.0000 15.827 3.14 -13.45 1.61 1.79 0.18
550 2.0100 1.6463 0 0.0000 15.843 3.15 -13.45 1.61 1.79 0.18
551 1.6637 1.4411 0 0.0000 15.859 3.17 -13.45 1.61 1.79 0.18
552 1.4334 1.2831 0 0.0000 15.876 3.18 -13.45 1.61 1.79 0.19
553 1.6747 1.4695 0 0.0000 15.891 3.20 -13.45 1.61 1.80 0.19
554 1.8090 1.5343 0 0.0000 15.899 3.21 -13.45 1.61 1.80 0.19
555 1.6564 1.4541 0 0.0000 15.909 3.21 -13.45 1.61 1.80 0.19
556 1.7217 1.4889 0 0.0000 15.924 3.22 -13.45 1.61 1.80 0.18
557 1.7139 1.4912 0 0.0000 15.937 3.23 -13.45 1.61 1.80 0.19
558 1.9639 1.5999 0 0.0000 15.945 3.24 -13.45 1.61 1.80 0.19
559 1.7418 1.5099 0 0.0000 15.954 3.24 -13.45 1.61 1.80 0.19
560 1.8190 1.5469 0 0.0000 15.968 3.24 -13.45 1.61 1.80 0.19
561 1.3986 1.2473 0 0.0000 15.990 3.25 -13.45 1.61 1.80 0.19
562 1.8419 1.5348 0 0.0000 16.020 3.27 -13.47 1.61 1.80 0.19
563 1.5242 1.3537 0 0.0000 16.055 3.29 -13.48 1.61 1.80 0.19
564 1.7178 1.4279 0 0.0000 16.096 3.31 -13.50 1.61 1.80 0.19
565 1.9273 1.5258 0 0.0000 16.131 3.34 -13.52 1.61 1.80 0.19
566 2.2159 1.7687 0 0.0000 16.160 3.36 -13.54 1.61 1.81 0.20
567 1.7096 1.4778 0 0.0000 16.184 3.37 -13.55 1.61 1.81 0.19
568 2.1513 1.6959 0 0.0000 16.209 3.39 -13.56 1.61 1.81 0.19
569 1.6583 1.4467 0 0.0000 16.234 3.41 -13.56 1.61 1.81 0.20
570 1.8475 1.5527 0 0.0000 16.261 3.43 -13.57 1.61 1.81 0.20
571 1.5063 1.3377 0 0.0000 16.291 3.46 -13.58 1.61 1.81 0.20
572 1.9096 1.6164 0 0.0000 16.325 3.49 -13.59 1.61 1.81 0.20
573 1.4859 1.3119 0 0.0000 16.364 3.52 -13.60 1.61 1.82 0.20
574 1.7084 1.4230 0 0.0000 16.408 3.55 -13.62 1.61 1.82 0.21
575 2.6144 1.9117 0 0.0000 16.449 3.58 -13.65 1.60 1.82 0.21
576 2.2234 1.7780 0 0.0000 16.485 3.61 -13.66 1.61 1.82 0.22
577 1.6115 1.3704 0 0.0000 16.529 3.64 -13.68 1.60 1.82 0.22
578 2.4422 1.8256 0 0.0000 16.577 3.67 -13.70 1.61 1.82 0.21
579 2.0918 1.6960 0 0.0000 16.625 3.71 -13.72 1.61 1.83 0.22
580 1.7692 1.4398 0 0.0000 16.682 3.75 -13.74 1.60 1.83 0.23
581 2.6873 1.8749 0 0.0000 16.743 3.81 -13.77 1.61 1.83 0.22
582 2.1612 1.6527 0 0.0000 16.802 3.86 -13.79 1.61 1.84 0.23
583 1.7621 1.3743 0 0.0000 16.866 3.91 -13.81 1.61 1.84 0.23
584 2.9394 2.0925 0 0.0000 16.932 3.97 -13.84 1.61 1.84 0.23
585 1.9753 1.5201 0 0.0000 16.995 4.03 -13.87 1.61 1.85 0.23
586 3.4161 2.5132 0 0.0000 17.054 4.09 -13.89 1.61 1.85 0.24
587 2.6492 2.0011 0 0.0000 17.108 4.14 -13.90 1.62 1.85 0.24
588 1.7825 1.4802 0 0.0000 17.166 4.20 -13.92 1.61 1.86 0.24
589 2.5422 1.7931 0 0.0000 17.228 4.25 -13.94 1.62 1.86 0.24
590 2.5184 1.8042 0 0.0000 17.289 4.31 -13.96 1.62 1.86 0.25
591 1.6384 1.3007 0 0.0000 17.357 4.36 -13.98 1.61 1.87 0.25
592 2.1220 1.6416 0 0.0000 17.430 4.42 -14.01 1.62 1.87 0.25
593 2.5530 1.9293 0 0.0000 17.501 4.48 -14.04 1.62 1.87 0.26
594 1.7819 1.3888 0 0.0000 17.580 4.53 -14.08 1.62 1.88 0.26
595 2.8730 1.9666 0 0.0000 17.660 4.59 -14.12 1.62 1.88 0.26
596 2.3246 1.6522 0 0.0000 17.736 4.64 -14.15 1.62 1.88 0.26
597 1.8573 1.4534 0 0.0000 17.813 4.70 -14.18 1.62 1.88 0.27
598 2.3529 1.5680 0 0.0000 17.891 4.75 -14.22 1.62 1.89 0.27
599 2.3029 1.6782 0 0.0000 17.966 4.81 -14.25 1.62 1.89 0.27
