# step wm_danger det_logit danger fire dist_t dx dy yaw tbrg offaxis
0 1.9634 1.6397 0 0.0000 21.656 6.00 -12.00 -1.03 2.55 2.70
1 0.0468 1.7170 0 0.0000 12.044 12.23 -0.11 -3.14 3.14 0.00
2 -0.1253 1.5045 0 0.0000 12.055 12.24 -0.12 -3.13 3.14 0.01
3 -0.0185 1.5666 0 0.0000 12.076 12.26 -0.14 3.14 3.14 0.00
4 0.1702 1.8290 0 0.0000 12.097 12.27 -0.17 3.14 3.14 0.00
5 0.1900 1.7511 0 0.0000 12.121 12.29 -0.20 -3.14 3.13 0.01
6 0.1904 1.7060 0 0.0000 12.156 12.32 -0.25 -3.14 3.13 0.02
7 0.2682 1.7311 0 0.0000 12.204 12.36 -0.30 -3.14 3.13 0.02
8 0.3797 1.7937 0 0.0000 12.265 12.42 -0.37 -3.14 3.12 0.03
9 0.4980 1.8422 0 0.0000 12.339 12.48 -0.44 -3.14 3.11 0.03
10 0.5389 1.8011 0 0.0000 12.423 12.55 -0.53 -3.14 3.11 0.04
11 0.6098 1.7697 0 0.0000 12.517 12.63 -0.61 -3.14 3.10 0.04
12 0.7727 1.8241 0 0.0000 12.617 12.72 -0.70 -3.14 3.09 0.05
13 0.8372 1.7458 0 0.0000 12.724 12.81 -0.80 -3.14 3.09 0.06
14 0.8427 1.6294 0 0.0000 12.835 12.91 -0.89 -3.14 3.08 0.06
15 1.1712 1.7551 0 0.0000 12.950 13.00 -0.99 -3.14 3.07 0.07
16 1.0947 1.5762 0 0.0000 13.068 13.10 -1.09 -3.14 3.07 0.08
17 1.1317 1.4800 0 0.0000 13.188 13.20 -1.19 -3.14 3.06 0.08
18 1.6590 1.7706 0 0.0000 13.307 13.30 -1.28 -3.13 3.05 0.10
19 1.3924 1.5820 0 0.0000 13.417 13.39 -1.37 -3.14 3.05 0.10
20 1.1299 1.2933 0 0.0000 13.519 13.47 -1.45 -3.14 3.04 0.10
21 1.6214 1.6980 0 0.0000 13.616 13.55 -1.52 -3.14 3.04 0.11
22 1.1374 1.2580 0 0.0000 13.702 13.61 -1.59 -3.14 3.03 0.11
23 1.6237 1.6835 0 0.0000 13.779 13.67 -1.65 -3.14 3.03 0.12
24 1.1369 1.2215 0 0.0000 13.842 13.72 -1.70 3.14 3.02 0.11
25 1.0573 1.1569 0 0.0000 13.898 13.76 -1.75 3.14 3.02 0.12
26 1.7168 1.6122 0 0.0000 13.943 13.79 -1.79 -3.14 3.02 0.13
27 1.2690 1.2732 0 0.0000 13.975 13.81 -1.81 3.13 3.02 0.12
28 1.3121 1.2659 0 0.0000 14.001 13.83 -1.83 3.13 3.02 0.12
29 1.4201 1.3743 0 0.0000 14.021 13.84 -1.85 3.14 3.01 0.12
30 1.7505 1.5996 0 0.0000 14.030 13.84 -1.85 3.14 3.01 0.12
31 1.2135 1.1570 0 0.0000 14.029 13.83 -1.85 3.13 3.01 0.11
32 1.1694 1.1214 0 0.0000 14.027 13.82 -1.84 3.13 3.02 0.11
33 1.1972 1.2014 0 0.0000 14.024 13.82 -1.83 3.13 3.02 0.11
34 1.0515 1.0566 0 0.0000 14.018 13.81 -1.82 3.13 3.02 0.11
35 1.0824 1.0901 0 0.0000 14.006 13.79 -1.82 3.13 3.02 0.11
36 1.1478 1.1503 0 0.0000 13.988 13.77 -1.81 3.13 3.02 0.11
37 1.1347 1.1718 0 0.0000 13.965 13.75 -1.79 3.13 3.02 0.11
38 1.1398 1.1523 0 0.0000 13.937 13.72 -1.78 3.12 3.02 0.11
39 1.2680 1.2618 0 0.0000 13.906 13.69 -1.75 3.12 3.02 0.10
40 1.2360 1.2653 0 0.0000 13.874 13.66 -1.73 3.13 3.02 0.10
41 1.2261 1.2688 0 0.0000 13.838 13.63 -1.70 3.13 3.02 0.10
42 1.3104 1.3336 0 0.0000 13.800 13.60 -1.67 3.12 3.03 0.10
43 1.3964 1.3756 0 0.0000 13.761 13.56 -1.63 3.12 3.03 0.09
44 1.4151 1.4761 0 0.0000 13.723 13.53 -1.59 3.12 3.03 0.09
45 1.2836 1.4188 0 0.0000 13.685 13.49 -1.55 3.12 3.03 0.09
46 1.4081 1.4986 0 0.0000 13.646 13.46 -1.50 3.12 3.04 0.09
47 1.4132 1.5279 0 0.0000 13.605 13.43 -1.45 3.12 3.04 0.08
48 1.5628 1.6286 0 0.0000 13.564 13.39 -1.40 3.12 3.04 0.08
49 1.7789 1.6652 0 0.0000 13.529 13.36 -1.35 3.13 3.05 0.08
50 1.8026 1.6617 0 0.0000 13.511 13.34 -1.32 3.14 3.05 0.09
51 1.9046 1.7380 0 0.0000 13.515 13.33 -1.31 3.14 3.05 0.09
52 1.9907 1.8092 0 0.0000 13.542 13.35 -1.32 3.14 3.05 0.09
53 2.0168 1.8176 0 0.0000 13.591 13.38 -1.35 3.14 3.05 0.09
54 2.1727 1.9586 0 0.0000 13.658 13.43 -1.40 3.13 3.04 0.09
55 2.1765 1.9929 0 0.0000 13.740 13.49 -1.46 3.13 3.04 0.09
56 2.0480 1.9249 0 0.0000 13.836 13.56 -1.53 3.13 3.04 0.09
57 1.6698 1.5484 0 0.0000 13.941 13.64 -1.61 3.13 3.03 0.10
58 1.4435 1.3315 0 0.0000 14.055 13.73 -1.70 3.12 3.02 0.10
59 1.5300 1.5327 0 0.0000 14.170 13.82 -1.79 3.13 3.02 0.11
60 1.3528 1.3249 0 0.0000 14.275 13.90 -1.87 3.12 3.01 0.11
61 1.4187 1.3439 0 0.0000 14.370 13.97 -1.94 3.13 3.01 0.12
62 1.7027 1.5250 0 0.0000 14.449 14.03 -2.00 3.14 3.01 0.13
63 1.8347 1.6037 0 0.0000 14.506 14.07 -2.04 3.13 3.00 0.13
64 1.7820 1.5689 0 0.0000 14.545 14.10 -2.06 3.12 3.00 0.11
65 1.8151 1.5034 0 0.0000 14.580 14.12 -2.08 3.11 3.00 0.11
66 2.0177 1.7203 0 0.0000 14.618 14.14 -2.10 3.11 3.00 0.11
67 2.0249 1.6821 0 0.0000 14.655 14.16 -2.12 3.11 3.00 0.11
68 2.3263 1.9342 0 0.0000 14.699 14.19 -2.15 3.12 3.00 0.12
69 2.3137 1.8831 0 0.0000 14.755 14.22 -2.19 3.12 2.99 0.13
70 2.4408 1.9407 0 0.0000 14.825 14.27 -2.24 3.12 2.99 0.13
71 2.4955 1.9532 0 0.0000 14.909 14.32 -2.30 3.12 2.99 0.13
72 2.4096 1.8950 0 0.0000 15.005 14.39 -2.37 3.12 2.98 0.14
73 2.3858 1.8561 0 0.0000 15.111 14.46 -2.45 3.12 2.98 0.14
74 2.2990 1.7268 0 0.0000 15.226 14.54 -2.54 3.12 2.97 0.14
75 2.5686 1.8451 0 0.0000 15.348 14.63 -2.63 3.12 2.97 0.15
76 2.1896 1.5816 0 0.0000 15.476 14.72 -2.73 3.12 2.96 0.15
77 1.9391 1.4279 0 0.0000 15.607 14.81 -2.82 3.12 2.96 0.16
78 2.0270 1.4970 0 0.0000 15.737 14.90 -2.92 3.12 2.95 0.17
79 2.5058 1.6989 0 0.0000 15.849 14.98 -3.01 3.13 2.95 0.18
80 1.7380 1.2662 0 0.0000 15.939 15.04 -3.09 3.11 2.94 0.17
81 1.7485 1.2830 0 0.0000 16.014 15.09 -3.16 3.11 2.94 0.18
82 2.3368 1.6381 0 0.0000 16.072 15.12 -3.21 3.12 2.94 0.18
83 1.8526 1.3614 0 0.0000 16.115 15.15 -3.26 3.11 2.93 0.17
84 2.1116 1.5133 0 0.0000 16.150 15.16 -3.31 3.11 2.93 0.18
85 2.1590 1.4608 0 0.0000 16.175 15.17 -3.34 3.11 2.93 0.18
86 1.9619 1.3300 0 0.0000 16.185 15.16 -3.38 3.11 2.93 0.18
87 1.9014 1.2829 0 0.0000 16.181 15.14 -3.40 3.11 2.92 0.19
88 1.8722 1.2842 0 0.0000 16.163 15.12 -3.41 3.11 2.92 0.19
89 2.0018 1.4094 0 0.0000 16.132 15.08 -3.41 3.11 2.92 0.19
90 1.8466 1.3341 0 0.0000 16.091 15.03 -3.42 3.11 2.92 0.19
91 1.4850 1.1271 0 0.0000 16.039 14.98 -3.41 3.11 2.92 0.19
92 1.7728 1.3526 0 0.0000 15.980 14.91 -3.40 3.10 2.92 0.18
93 1.7194 1.3134 0 0.0000 15.919 14.85 -3.38 3.10 2.92 0.18
94 1.7016 1.2998 0 0.0000 15.857 14.79 -3.36 3.10 2.92 0.18
95 1.7784 1.3166 0 0.0000 15.793 14.73 -3.34 3.11 2.92 0.18
96 1.5818 1.1700 0 0.0000 15.727 14.66 -3.32 3.11 2.92 0.18
97 1.7581 1.3264 0 0.0000 15.658 14.60 -3.29 3.11 2.92 0.19
98 1.5371 1.2633 0 0.0000 15.589 14.53 -3.26 3.11 2.92 0.19
99 1.4576 1.2042 0 0.0000 15.522 14.47 -3.24 3.11 2.93 0.18
100 1.4989 1.2137 0 0.0000 15.457 14.41 -3.21 3.11 2.93 0.18
101 1.3503 1.1690 0 0.0000 15.395 14.35 -3.18 3.11 2.93 0.18
102 1.4296 1.1562 0 0.0000 15.336 14.29 -3.15 3.11 2.93 0.18
103 1.3867 1.1528 0 0.0000 15.280 14.24 -3.12 3.11 2.93 0.18
104 1.4925 1.1424 0 0.0000 15.225 14.19 -3.09 3.11 2.93 0.18
105 1.3351 1.0586 0 0.0000 15.171 14.14 -3.06 3.11 2.93 0.18
106 1.4445 1.1236 0 0.0000 15.118 14.09 -3.03 3.11 2.93 0.18
107 1.1140 0.9072 0 0.0000 15.066 14.05 -3.01 3.11 2.94 0.17
108 1.0472 0.8967 0 0.0000 15.017 14.00 -2.99 3.11 2.94 0.17
109 1.0068 0.8278 0 0.0000 14.970 13.96 -2.96 3.11 2.94 0.17
110 1.5389 1.2495 0 0.0000 14.925 13.92 -2.95 3.11 2.94 0.17
111 1.3797 1.1360 0 0.0000 14.879 13.87 -2.93 3.11 2.94 0.17
112 1.1713 0.9402 0 0.0000 14.835 13.83 -2.91 3.11 2.94 0.17
113 1.3597 1.0776 0 0.0000 14.791 13.79 -2.89 3.11 2.94 0.17
114 1.3236 1.0556 0 0.0000 14.745 13.75 -2.87 3.11 2.94 0.16
115 1.6011 1.2857 0 0.0000 14.699 13.71 -2.85 3.10 2.94 0.16
116 1.4267 1.1573 0 0.0000 14.653 13.67 -2.82 3.10 2.94 0.16
117 1.6045 1.2890 0 0.0000 14.610 13.63 -2.80 3.10 2.94 0.16
118 1.2471 1.0113 0 0.0000 14.570 13.60 -2.78 3.10 2.94 0.16
119 1.4699 1.1842 0 0.0000 14.531 13.56 -2.75 3.10 2.95 0.16
120 1.2901 1.0272 0 0.0000 14.492 13.53 -2.73 3.10 2.95 0.15
121 1.5827 1.2917 0 0.0000 14.453 13.49 -2.71 3.10 2.95 0.16
122 1.2808 1.0407 0 0.0000 14.416 13.46 -2.69 3.10 2.95 0.15
123 1.1634 0.9280 0 0.0000 14.382 13.43 -2.66 3.10 2.95 0.15
124 1.3160 1.0724 0 0.0000 14.350 13.41 -2.65 3.10 2.95 0.15
125 1.3571 1.1011 0 0.0000 14.318 13.38 -2.63 3.10 2.95 0.15
126 1.5835 1.3205 0 0.0000 14.285 13.35 -2.61 3.10 2.95 0.15
127 1.3543 1.1242 0 0.0000 14.251 13.32 -2.59 3.10 2.95 0.15
128 1.3206 1.0696 0 0.0000 14.220 13.30 -2.56 3.10 2.96 0.14
129 1.1167 0.8465 0 0.0000 14.190 13.28 -2.54 3.10 2.96 0.14
130 1.4088 1.0807 0 0.0000 14.162 13.25 -2.52 3.10 2.96 0.14
131 1.4477 1.1168 0 0.0000 14.132 13.23 -2.50 3.10 2.96 0.14
132 1.1918 0.9478 0 0.0000 14.102 13.20 -2.48 3.10 2.96 0.14
133 1.1614 0.9222 0 0.0000 14.073 13.18 -2.46 3.10 2.96 0.14
134 1.1259 0.8721 0 0.0000 14.045 13.16 -2.44 3.10 2.96 0.14
135 1.1474 0.8822 0 0.0000 14.019 13.14 -2.42 3.10 2.96 0.14
136 1.1690 0.9198 0 0.0000 13.994 13.12 -2.41 3.10 2.97 0.13
137 1.2958 0.9844 0 0.0000 13.971 13.10 -2.39 3.10 2.97 0.13
138 1.3762 1.0457 0 0.0000 13.949 13.08 -2.37 3.10 2.97 0.13
139 1.3595 1.0448 0 0.0000 13.927 13.07 -2.35 3.10 2.97 0.13
140 1.2680 0.9779 0 0.0000 13.904 13.05 -2.33 3.10 2.97 0.13
141 1.3422 1.0761 0 0.0000 13.879 13.03 -2.31 3.10 2.97 0.13
142 1.3255 1.0619 0 0.0000 13.854 13.01 -2.29 3.10 2.97 0.13
143 1.3326 1.0467 0 0.0000 13.828 12.99 -2.26 3.10 2.97 0.12
144 1.4134 1.1359 0 0.0000 13.800 12.97 -2.24 3.10 2.98 0.12
145 1.4878 1.2309 0 0.0000 13.772 12.94 -2.21 3.10 2.98 0.12
146 1.4133 1.1629 0 0.0000 13.744 12.92 -2.17 3.09 2.98 0.11
147 1.4576 1.1806 0 0.0000 13.718 12.90 -2.14 3.09 2.98 0.11
148 1.5073 1.2122 0 0.0000 13.695 12.89 -2.11 3.09 2.99 0.11
149 1.4429 1.1706 0 0.0000 13.674 12.88 -2.08 3.09 2.99 0.11
150 1.5259 1.2342 0 0.0000 13.655 12.86 -2.05 3.09 2.99 0.10
151 1.5613 1.2747 0 0.0000 13.636 12.85 -2.03 3.09 2.99 0.10
152 1.6105 1.3223 0 0.0000 13.616 12.83 -2.01 3.09 2.99 0.10
153 1.4880 1.2333 0 0.0000 13.595 12.82 -1.99 3.10 2.99 0.10
154 1.4890 1.2431 0 0.0000 13.576 12.80 -1.98 3.10 2.99 0.10
155 1.5406 1.2801 0 0.0000 13.558 12.79 -1.96 3.10 3.00 0.10
156 1.5683 1.3148 0 0.0000 13.543 12.78 -1.94 3.10 3.00 0.10
157 1.8208 1.5212 0 0.0000 13.528 12.77 -1.92 3.10 3.00 0.10
158 1.6367 1.3683 0 0.0000 13.515 12.77 -1.90 3.10 3.00 0.10
159 1.5705 1.2630 0 0.0000 13.503 12.76 -1.88 3.09 3.00 0.09
160 1.7398 1.3964 0 0.0000 13.492 12.75 -1.87 3.10 3.00 0.09
161 1.9391 1.5774 0 0.0000 13.482 12.75 -1.86 3.10 3.00 0.09
162 1.8713 1.5467 0 0.0000 13.477 12.74 -1.85 3.10 3.00 0.09
163 2.0691 1.7292 0 0.0000 13.487 12.75 -1.84 3.10 3.00 0.10
164 2.2345 1.8338 0 0.0000 13.516 12.76 -1.86 3.11 3.00 0.10
165 2.2523 1.8387 0 0.0000 13.564 12.79 -1.89 3.11 3.00 0.10
166 2.1720 1.7925 0 0.0000 13.631 12.84 -1.93 3.10 3.00 0.11
167 2.2519 1.8399 0 0.0000 13.714 12.89 -1.99 3.10 2.99 0.11
168 2.2628 1.8871 0 0.0000 13.810 12.96 -2.06 3.10 2.99 0.11
169 2.0714 1.7423 0 0.0000 13.918 13.03 -2.14 3.10 2.98 0.11
170 1.8775 1.6048 0 0.0000 14.034 13.11 -2.23 3.10 2.98 0.12
171 1.8299 1.5967 0 0.0000 14.157 13.20 -2.32 3.10 2.97 0.12
172 1.8566 1.6032 0 0.0000 14.286 13.29 -2.42 3.10 2.97 0.13
173 1.8917 1.6256 0 0.0000 14.419 13.38 -2.52 3.10 2.96 0.14
174 1.6426 1.4200 0 0.0000 14.555 13.47 -2.62 3.10 2.95 0.14
175 1.4357 1.1723 0 0.0000 14.688 13.57 -2.72 3.10 2.95 0.15
176 1.2537 0.9906 0 0.0000 14.805 13.65 -2.81 3.11 2.94 0.17
177 1.2275 0.9753 0 0.0000 14.900 13.71 -2.89 3.11 2.94 0.18
178 1.1638 0.9294 0 0.0000 14.970 13.76 -2.96 3.11 2.93 0.18
179 1.0743 0.8587 0 0.0000 15.016 13.79 -3.00 3.11 2.93 0.18
180 1.3852 1.1342 0 0.0000 15.041 13.80 -3.04 3.10 2.93 0.17
181 1.2559 1.0332 0 0.0000 15.050 13.80 -3.06 3.10 2.93 0.17
182 1.2834 1.0187 0 0.0000 15.042 13.78 -3.07 3.10 2.93 0.17
183 1.4073 1.2212 0 0.0000 15.022 13.76 -3.07 3.09 2.93 0.17
184 1.4732 1.3079 0 0.0000 14.996 13.73 -3.07 3.09 2.93 0.17
185 0.9586 0.9197 0 0.0000 14.965 13.69 -3.06 3.09 2.93 0.16
186 0.8104 0.7460 0 0.0000 14.931 13.66 -3.05 3.09 2.93 0.17
187 1.0187 0.9217 0 0.0000 14.894 13.62 -3.05 3.09 2.93 0.17
188 1.2356 1.1161 0 0.0000 14.855 13.58 -3.04 3.09 2.93 0.16
189 1.6138 1.4182 0 0.0000 14.817 13.55 -3.02 3.09 2.93 0.16
190 1.1643 1.0674 0 0.0000 14.780 13.51 -3.01 3.09 2.93 0.16
191 1.0678 0.9849 0 0.0000 14.744 13.48 -3.00 3.09 2.93 0.16
192 1.2755 1.1623 0 0.0000 14.708 13.45 -2.99 3.09 2.93 0.16
193 1.3958 1.2701 0 0.0000 14.675 13.42 -2.97 3.09 2.93 0.16
194 1.3298 1.2364 0 0.0000 14.642 13.39 -2.96 3.09 2.93 0.16
195 1.1947 1.0706 0 0.0000 14.611 13.36 -2.94 3.09 2.93 0.16
196 1.1229 0.9894 0 0.0000 14.578 13.33 -2.92 3.09 2.93 0.16
197 1.2334 1.0640 0 0.0000 14.543 13.30 -2.90 3.09 2.93 0.16
198 1.2370 1.0917 0 0.0000 14.507 13.27 -2.89 3.09 2.93 0.15
199 1.3327 1.1992 0 0.0000 14.471 13.23 -2.87 3.09 2.93 0.15
200 1.1179 0.9750 0 0.0000 14.434 13.20 -2.85 3.09 2.93 0.15
201 1.2077 1.0629 0 0.0000 14.395 13.17 -2.83 3.09 2.93 0.15
202 1.3420 1.1816 0 0.0000 14.355 13.13 -2.81 3.09 2.94 0.15
203 1.1439 0.9998 0 0.0000 14.316 13.10 -2.79 3.09 2.94 0.15
204 1.1478 1.0004 0 0.0000 14.277 13.06 -2.76 3.09 2.94 0.15
205 0.8972 0.7817 0 0.0000 14.240 13.03 -2.74 3.09 2.94 0.15
206 0.9433 0.7963 0 0.0000 14.204 13.00 -2.72 3.09 2.94 0.15
207 0.7816 0.6588 0 0.0000 14.172 12.97 -2.70 3.09 2.94 0.15
208 0.9692 0.8169 0 0.0000 14.142 12.94 -2.69 3.09 2.94 0.14
209 1.0246 0.8674 0 0.0000 14.114 12.92 -2.67 3.09 2.94 0.14
210 1.0224 0.8745 0 0.0000 14.088 12.90 -2.66 3.09 2.94 0.14
211 1.1966 1.0277 0 0.0000 14.063 12.88 -2.65 3.09 2.94 0.14
212 1.2363 1.0417 0 0.0000 14.039 12.85 -2.64 3.09 2.94 0.14
213 1.0253 0.8769 0 0.0000 14.015 12.83 -2.63 3.09 2.94 0.14
214 1.0170 0.8771 0 0.0000 13.993 12.82 -2.61 3.09 2.95 0.14
215 1.0248 0.8766 0 0.0000 13.974 12.80 -2.59 3.09 2.95 0.14
216 0.8050 0.6689 0 0.0000 13.958 12.79 -2.58 3.09 2.95 0.14
217 0.9173 0.7503 0 0.0000 13.944 12.78 -2.56 3.08 2.95 0.13
218 1.1439 0.9176 0 0.0000 13.930 12.78 -2.55 3.08 2.95 0.13
219 1.0386 0.8185 0 0.0000 13.917 12.77 -2.53 3.08 2.95 0.13
220 1.0452 0.8215 0 0.0000 13.903 12.76 -2.52 3.08 2.95 0.13
221 1.0509 0.8159 0 0.0000 13.887 12.75 -2.51 3.08 2.95 0.13
222 1.0071 0.8166 0 0.0000 13.870 12.74 -2.50 3.09 2.95 0.13
223 1.1016 0.8917 0 0.0000 13.853 12.73 -2.49 3.08 2.95 0.13
224 1.0567 0.8556 0 0.0000 13.838 12.72 -2.48 3.08 2.95 0.13
225 1.2098 0.9825 0 0.0000 13.824 12.71 -2.47 3.08 2.96 0.13
226 0.8294 0.6740 0 0.0000 13.811 12.70 -2.46 3.08 2.96 0.13
227 1.0010 0.8351 0 0.0000 13.801 12.69 -2.45 3.08 2.96 0.13
228 1.2337 1.0119 0 0.0000 13.795 12.69 -2.44 3.08 2.96 0.12
229 1.4603 1.1965 0 0.0000 13.790 12.69 -2.43 3.08 2.96 0.12
230 1.3096 1.0560 0 0.0000 13.785 12.70 -2.42 3.08 2.96 0.12
231 1.1778 0.9343 0 0.0000 13.781 12.70 -2.40 3.08 2.96 0.12
232 1.0349 0.8125 0 0.0000 13.775 12.70 -2.39 3.08 2.96 0.12
233 0.9679 0.7549 0 0.0000 13.768 12.70 -2.37 3.08 2.96 0.11
234 1.0575 0.8297 0 0.0000 13.759 12.70 -2.35 3.08 2.96 0.11
235 1.6303 1.3312 0 0.0000 13.749 12.69 -2.32 3.08 2.97 0.11
236 1.6200 1.2958 0 0.0000 13.739 12.69 -2.30 3.08 2.97 0.11
237 1.4762 1.1811 0 0.0000 13.730 12.69 -2.28 3.08 2.97 0.11
238 1.5332 1.2317 0 0.0000 13.720 12.68 -2.26 3.08 2.97 0.11
239 1.6660 1.3413 0 0.0000 13.711 12.68 -2.24 3.08 2.97 0.10
240 1.7417 1.4165 0 0.0000 13.701 12.68 -2.22 3.08 2.97 0.10
241 1.7089 1.4096 0 0.0000 13.692 12.67 -2.21 3.08 2.97 0.10
242 1.6701 1.3872 0 0.0000 13.683 12.67 -2.19 3.08 2.98 0.10
243 1.8680 1.5607 0 0.0000 13.674 12.67 -2.18 3.08 2.98 0.10
244 1.7693 1.5032 0 0.0000 13.672 12.67 -2.16 3.08 2.98 0.10
245 2.4634 2.0408 0 0.0000 13.679 12.67 -2.15 3.08 2.98 0.10
246 1.6170 1.3926 0 0.0000 13.695 12.68 -2.15 3.08 2.98 0.10
247 2.0600 1.7329 0 0.0000 13.720 12.70 -2.15 3.08 2.98 0.10
248 1.7167 1.4727 0 0.0000 13.754 12.72 -2.16 3.08 2.98 0.10
249 1.6463 1.4682 0 0.0000 13.795 12.76 -2.18 3.08 2.98 0.10
250 2.1234 1.8083 0 0.0000 13.837 12.79 -2.20 3.08 2.98 0.10
251 1.9445 1.6532 0 0.0000 13.883 12.83 -2.22 3.08 2.98 0.10
252 1.5897 1.4136 0 0.0000 13.940 12.87 -2.25 3.08 2.97 0.11
253 2.0076 1.7228 0 0.0000 14.002 12.91 -2.28 3.08 2.97 0.10
254 1.5272 1.3669 0 0.0000 14.067 12.96 -2.32 3.08 2.97 0.11
255 1.8538 1.5941 0 0.0000 14.133 13.01 -2.36 3.07 2.97 0.11
256 1.7125 1.5143 0 0.0000 14.198 13.05 -2.40 3.08 2.97 0.11
257 1.7765 1.5486 0 0.0000 14.263 13.10 -2.44 3.08 2.96 0.11
258 1.8756 1.6400 0 0.0000 14.326 13.14 -2.48 3.08 2.96 0.11
259 1.8547 1.6548 0 0.0000 14.394 13.19 -2.51 3.08 2.96 0.12
260 1.4592 1.3626 0 0.0000 14.472 13.24 -2.56 3.08 2.96 0.12
261 1.9340 1.6410 0 0.0000 14.554 13.29 -2.61 3.07 2.95 0.12
262 1.4674 1.3104 0 0.0000 14.631 13.35 -2.66 3.07 2.95 0.12
263 1.7109 1.4846 0 0.0000 14.704 13.39 -2.71 3.07 2.95 0.12
264 1.7570 1.4625 0 0.0000 14.765 13.43 -2.76 3.07 2.94 0.13
265 1.4102 1.2326 0 0.0000 14.811 13.46 -2.80 3.08 2.94 0.13
266 1.4608 1.2762 0 0.0000 14.840 13.48 -2.83 3.07 2.94 0.13
267 1.4823 1.3248 0 0.0000 14.854 13.48 -2.84 3.07 2.94 0.13
268 1.8624 1.5770 0 0.0000 14.858 13.48 -2.85 3.07 2.94 0.13
269 1.3985 1.2824 0 0.0000 14.860 13.47 -2.85 3.06 2.94 0.12
270 1.3898 1.2751 0 0.0000 14.865 13.47 -2.84 3.06 2.94 0.12
271 1.3468 1.2768 0 0.0000 14.871 13.47 -2.84 3.06 2.94 0.12
272 1.7150 1.5086 0 0.0000 14.876 13.47 -2.84 3.06 2.94 0.13
273 1.8573 1.6042 0 0.0000 14.875 13.46 -2.84 3.06 2.94 0.12
274 1.7156 1.5889 0 0.0000 14.872 13.45 -2.84 3.07 2.94 0.13
275 1.3059 1.2708 0 0.0000 14.879 13.45 -2.84 3.07 2.94 0.14
276 1.3344 1.3068 0 0.0000 14.897 13.45 -2.86 3.07 2.94 0.13
277 2.0925 1.7710 0 0.0000 14.913 13.45 -2.88 3.06 2.94 0.13
278 1.3991 1.3592 0 0.0000 14.929 13.45 -2.90 3.06 2.93 0.13
279 1.4217 1.3342 0 0.0000 14.949 13.45 -2.93 3.06 2.93 0.13
280 1.5659 1.4427 0 0.0000 14.968 13.46 -2.95 3.06 2.93 0.13
281 1.5411 1.4274 0 0.0000 14.982 13.46 -2.97 3.06 2.93 0.14
282 1.8229 1.6187 0 0.0000 14.989 13.46 -2.98 3.06 2.93 0.13
283 1.1680 1.1498 0 0.0000 14.998 13.46 -2.99 3.06 2.93 0.13
284 1.6611 1.5253 0 0.0000 15.013 13.46 -3.00 3.06 2.93 0.13
285 2.2609 1.8561 0 0.0000 15.027 13.47 -3.01 3.06 2.93 0.13
286 1.1027 1.1192 0 0.0000 15.042 13.47 -3.03 3.06 2.93 0.14
287 1.8792 1.6276 0 0.0000 15.061 13.48 -3.04 3.06 2.92 0.14
288 1.5780 1.4719 0 0.0000 15.084 13.48 -3.07 3.06 2.92 0.14
289 1.7570 1.5595 0 0.0000 15.112 13.49 -3.10 3.06 2.92 0.14
290 1.4549 1.4143 0 0.0000 15.145 13.51 -3.13 3.06 2.92 0.14
291 0.9475 1.0637 0 0.0000 15.181 13.52 -3.16 3.06 2.92 0.14
292 1.6498 1.5639 0 0.0000 15.215 13.54 -3.20 3.06 2.91 0.15
293 1.5323 1.4557 0 0.0000 15.249 13.55 -3.23 3.06 2.91 0.15
294 1.9391 1.6658 0 0.0000 15.286 13.57 -3.26 3.06 2.91 0.15
295 1.1676 1.1846 0 0.0000 15.323 13.59 -3.29 3.06 2.91 0.15
296 1.9596 1.7027 0 0.0000 15.363 13.61 -3.32 3.06 2.91 0.15
297 1.6640 1.4943 0 0.0000 15.403 13.63 -3.35 3.06 2.90 0.15
298 1.4786 1.4194 0 0.0000 15.445 13.65 -3.38 3.06 2.90 0.16
299 2.0358 1.7060 0 0.0000 15.481 13.67 -3.42 3.06 2.90 0.16
300 1.4944 1.4168 0 0.0000 15.511 13.68 -3.44 3.06 2.90 0.16
301 2.3521 1.9302 0 0.0000 15.540 13.69 -3.46 3.06 2.90 0.16
302 1.9702 1.6636 0 0.0000 15.567 13.69 -3.48 3.06 2.90 0.16
303 1.9360 1.6159 0 0.0000 15.601 13.70 -3.51 3.07 2.89 0.17
304 1.6641 1.4136 0 0.0000 15.650 13.71 -3.55 3.07 2.89 0.18
305 1.6557 1.4512 0 0.0000 15.708 13.74 -3.60 3.06 2.89 0.17
306 2.3993 1.9754 0 0.0000 15.762 13.77 -3.65 3.07 2.89 0.18
307 1.8472 1.5815 0 0.0000 15.812 13.79 -3.70 3.07 2.88 0.18
308 2.2787 1.8812 0 0.0000 15.866 13.81 -3.75 3.07 2.88 0.19
309 1.9573 1.5322 0 0.0000 15.932 13.84 -3.80 3.07 2.88 0.19
310 2.1278 1.6362 0 0.0000 16.012 13.88 -3.86 3.07 2.87 0.20
311 2.4596 1.8444 0 0.0000 16.106 13.93 -3.93 3.07 2.87 0.20
312 2.0786 1.5687 0 0.0000 16.212 13.99 -4.01 3.07 2.87 0.20
313 2.3078 1.6842 0 0.0000 16.329 14.05 -4.10 3.07 2.86 0.21
314 2.2958 1.7237 0 0.0000 16.455 14.13 -4.19 3.07 2.86 0.21
315 2.1942 1.6175 0 0.0000 16.588 14.21 -4.29 3.07 2.85 0.21
316 1.9837 1.5445 0 0.0000 16.727 14.29 -4.39 3.07 2.85 0.22
317 1.4997 1.2426 0 0.0000 16.870 14.38 -4.49 3.07 2.84 0.22
318 2.8911 1.9883 0 0.0000 17.009 14.47 -4.59 3.07 2.84 0.23
319 2.3623 1.7627 0 0.0000 17.136 14.54 -4.69 3.07 2.83 0.23
320 2.1188 1.5856 0 0.0000 17.254 14.61 -4.78 3.06 2.83 0.24
321 1.8229 1.4718 0 0.0000 17.372 14.67 -4.86 3.06 2.82 0.24
322 3.3584 2.3420 0 0.0000 17.487 14.74 -4.95 3.07 2.82 0.25
323 2.5989 1.7977 0 0.0000 17.590 14.79 -5.03 3.07 2.82 0.25
324 2.4210 1.8063 0 0.0000 17.687 14.84 -5.10 3.06 2.81 0.25
325 1.4917 1.1992 0 0.0000 17.788 14.89 -5.17 3.06 2.81 0.26
326 3.0462 2.1303 0 0.0000 17.887 14.94 -5.25 3.06 2.81 0.26
327 1.8497 1.2864 0 0.0000 17.978 14.99 -5.32 3.06 2.80 0.26
328 3.2136 2.2730 0 0.0000 18.062 15.02 -5.39 3.06 2.80 0.26
329 2.4350 1.7263 0 0.0000 18.137 15.06 -5.45 3.06 2.80 0.26
330 1.9278 1.4720 0 0.0000 18.213 15.09 -5.51 3.06 2.79 0.27
331 3.1519 1.9235 0 0.0000 18.289 15.12 -5.58 3.06 2.79 0.27
332 2.7791 1.9007 0 0.0000 18.360 15.14 -5.64 3.06 2.79 0.27
333 2.2466 1.6469 0 0.0000 18.434 15.17 -5.71 3.06 2.78 0.28
334 2.2511 1.6558 0 0.0000 18.518 15.20 -5.77 3.06 2.78 0.28
335 2.3265 1.6545 0 0.0000 18.614 15.24 -5.85 3.06 2.78 0.28
336 2.6107 1.8023 0 0.0000 18.721 15.29 -5.93 3.06 2.77 0.29
337 2.5913 1.7699 0 0.0000 18.840 15.35 -6.02 3.06 2.77 0.29
338 2.7407 1.8867 0 0.0000 18.968 15.42 -6.11 3.06 2.77 0.29
339 2.7379 1.9366 0 0.0000 19.104 15.49 -6.21 3.06 2.76 0.30
340 2.7031 1.9033 0 0.0000 19.246 15.57 -6.31 3.06 2.76 0.30
341 2.4381 1.7438 0 0.0000 19.393 15.66 -6.42 3.06 2.75 0.30
342 2.2951 1.6706 0 0.0000 19.544 15.74 -6.52 3.06 2.75 0.31
343 2.3789 1.6794 0 0.0000 19.697 15.83 -6.63 3.06 2.75 0.31
344 2.2445 1.6797 0 0.0000 19.853 15.92 -6.73 3.06 2.74 0.32
345 2.1610 1.6315 0 0.0000 20.010 16.01 -6.84 3.06 2.74 0.32
346 2.1647 1.6533 0 0.0000 20.168 16.10 -6.95 3.06 2.74 0.32
347 2.2233 1.6599 0 0.0000 20.327 16.19 -7.06 3.06 2.73 0.33
348 2.7643 1.9974 0 0.0000 20.486 16.28 -7.16 3.06 2.73 0.33
349 2.9743 2.2071 0 0.0000 20.646 16.37 -7.27 3.06 2.72 0.33
350 3.0963 2.3067 0 0.0000 20.807 16.47 -7.38 3.06 2.72 0.34
351 2.9981 2.2263 0 0.0000 20.967 16.56 -7.49 3.06 2.72 0.34
352 2.9712 2.1802 0 0.0000 21.128 16.65 -7.60 3.06 2.71 0.34
353 2.9424 2.2342 0 0.0000 21.289 16.74 -7.70 3.06 2.71 0.35
354 2.8850 2.1848 0 0.0000 21.451 16.83 -7.81 3.06 2.71 0.35
355 2.7877 2.1053 0 0.0000 21.612 16.92 -7.92 3.06 2.70 0.35
356 2.6388 2.0121 0 0.0000 21.774 17.01 -8.03 3.06 2.70 0.36
357 2.5874 1.9775 0 0.0000 21.936 17.11 -8.14 3.06 2.70 0.36
358 2.6347 2.0366 0 0.0000 22.098 17.20 -8.24 3.06 2.69 0.36
359 2.7934 2.1643 0 0.0000 22.261 17.29 -8.35 3.06 2.69 0.37
360 2.7764 2.1686 0 0.0000 22.423 17.38 -8.46 3.06 2.69 0.37
361 2.7138 2.1032 0 0.0000 22.586 17.47 -8.57 3.06 2.69 0.37
362 2.9704 2.2208 0 0.0000 22.748 17.56 -8.68 3.06 2.68 0.38
363 2.6290 2.0305 0 0.0000 22.911 17.65 -8.78 3.06 2.68 0.38
364 2.2278 1.7750 0 0.0000 23.075 17.74 -8.89 3.06 2.68 0.38
365 2.3028 1.8238 0 0.0000 23.238 17.84 -9.00 3.06 2.67 0.38
366 2.2150 1.7432 0 0.0000 23.401 17.93 -9.11 3.06 2.67 0.39
367 1.9552 1.5944 0 0.0000 23.565 18.02 -9.22 3.06 2.67 0.39
368 1.8191 1.5434 0 0.0000 23.728 18.11 -9.32 3.06 2.67 0.39
369 2.0277 1.6763 0 0.0000 23.892 18.20 -9.43 3.06 2.66 0.40
370 2.1632 1.7657 0 0.0000 24.056 18.29 -9.54 3.06 2.66 0.40
371 2.2688 1.8231 0 0.0000 24.220 18.38 -9.65 3.06 2.66 0.40
372 2.3141 1.8450 0 0.0000 24.385 18.48 -9.75 3.06 2.66 0.40
373 2.4694 1.9302 0 0.0000 24.549 18.57 -9.86 3.06 2.65 0.41
374 2.6201 2.0178 0 0.0000 24.713 18.66 -9.97 3.06 2.65 0.41
375 2.6865 2.0534 0 0.0000 24.878 18.75 -10.08 3.06 2.65 0.41
376 2.1797 1.7758 0 0.0000 25.043 18.84 -10.19 3.06 2.65 0.41
377 1.8101 1.5769 0 0.0000 25.208 18.93 -10.29 3.06 2.64 0.42
378 1.8317 1.5793 0 0.0000 25.372 19.02 -10.40 3.06 2.64 0.42
379 1.8849 1.6039 0 0.0000 25.538 19.11 -10.51 3.06 2.64 0.42
380 1.8418 1.5902 0 0.0000 25.703 19.21 -10.62 3.06 2.64 0.42
381 1.8531 1.5880 0 0.0000 25.868 19.30 -10.73 3.06 2.63 0.42
382 1.8679 1.5826 0 0.0000 26.033 19.39 -10.83 3.06 2.63 0.43
383 1.9177 1.6075 0 0.0000 26.199 19.48 -10.94 3.06 2.63 0.43
384 1.9927 1.6416 0 0.0000 26.364 19.57 -11.05 3.06 2.63 0.43
385 2.0215 1.6422 0 0.0000 26.530 19.66 -11.16 3.06 2.62 0.43
386 1.9964 1.6235 0 0.0000 26.696 19.75 -11.27 3.06 2.62 0.44
387 1.9921 1.6285 0 0.0000 26.862 19.85 -11.37 3.06 2.62 0.44
388 2.0913 1.6736 0 0.0000 27.027 19.94 -11.48 3.06 2.62 0.44
389 2.1719 1.7019 0 0.0000 27.193 20.03 -11.59 3.06 2.62 0.44
390 2.2335 1.7179 0 0.0000 27.360 20.12 -11.70 3.06 2.61 0.44
391 2.4181 1.7824 0 0.0000 27.526 20.21 -11.81 3.06 2.61 0.45
392 2.4434 1.8119 0 0.0000 27.692 20.30 -11.91 3.06 2.61 0.45
393 2.2174 1.7612 0 0.0000 27.858 20.39 -12.02 3.06 2.61 0.45
394 2.2226 1.8090 0 0.0000 28.025 20.48 -12.13 3.06 2.61 0.45
395 2.3365 1.8745 0 0.0000 28.191 20.58 -12.24 3.06 2.60 0.45
396 2.4032 1.9154 0 0.0000 28.358 20.67 -12.35 3.06 2.60 0.46
397 2.4557 1.9680 0 0.0000 28.525 20.76 -12.45 3.06 2.60 0.46
398 2.5378 1.9986 0 0.0000 28.692 20.85 -12.56 3.06 2.60 0.46
399 2.6352 2.0363 0 0.0000 28.858 20.94 -12.67 3.06 2.60 0.46
400 2.5312 2.0014 0 0.0000 29.025 21.03 -12.78 3.06 2.59 0.46
401 2.6187 2.0392 0 0.0000 29.192 21.12 -12.89 3.06 2.59 0.47
402 2.5524 2.0125 0 0.0000 29.359 21.22 -12.99 3.06 2.59 0.47
403 2.6131 2.0134 0 0.0000 29.526 21.31 -13.10 3.06 2.59 0.47
404 2.6025 2.0031 0 0.0000 29.694 21.40 -13.21 3.06 2.59 0.47
405 2.6129 1.9975 0 0.0000 29.861 21.49 -13.32 3.06 2.59 0.47
406 2.5729 1.9667 0 0.0000 30.028 21.58 -13.43 3.06 2.58 0.47
407 2.5536 1.9609 0 0.0000 30.196 21.67 -13.53 3.06 2.58 0.48
408 2.4958 1.9260 0 0.0000 30.363 21.76 -13.64 3.06 2.58 0.48
409 2.3768 1.8721 0 0.0000 30.531 21.85 -13.75 3.06 2.58 0.48
410 2.2715 1.8130 0 0.0000 30.698 21.95 -13.86 3.06 2.58 0.48
411 2.1378 1.7501 0 0.0000 30.866 22.04 -13.97 3.06 2.58 0.48
412 1.9772 1.6590 0 0.0000 31.034 22.13 -14.07 3.06 2.57 0.48
413 1.9588 1.6304 0 0.0000 31.202 22.22 -14.18 3.06 2.57 0.49
414 1.8946 1.5893 0 0.0000 31.369 22.31 -14.29 3.06 2.57 0.49
415 1.7841 1.5543 0 0.0000 31.537 22.40 -14.40 3.06 2.57 0.49
416 1.6962 1.5563 0 0.0000 31.705 22.49 -14.50 3.06 2.57 0.49
417 1.6960 1.5599 0 0.0000 31.873 22.59 -14.61 3.06 2.57 0.49
418 1.8181 1.6403 0 0.0000 32.041 22.68 -14.72 3.06 2.56 0.49
419 1.9846 1.7389 0 0.0000 32.209 22.77 -14.83 3.06 2.56 0.50
420 1.9398 1.7336 0 0.0000 32.378 22.86 -14.94 3.06 2.56 0.50
421 1.9296 1.7464 0 0.0000 32.546 22.95 -15.04 3.06 2.56 0.50
422 1.9865 1.7589 0 0.0000 32.714 23.04 -15.15 3.06 2.56 0.50
423 1.9517 1.7440 0 0.0000 32.882 23.13 -15.26 3.06 2.56 0.50
424 1.6620 1.6167 0 0.0000 33.051 23.22 -15.37 3.06 2.56 0.50
425 1.5829 1.5798 0 0.0000 33.219 23.32 -15.48 3.06 2.55 0.50
426 1.5255 1.5498 0 0.0000 33.388 23.41 -15.58 3.06 2.55 0.51
427 1.4876 1.5308 0 0.0000 33.556 23.50 -15.69 3.06 2.55 0.51
428 1.4758 1.5273 0 0.0000 33.725 23.59 -15.80 3.06 2.55 0.51
429 2.9840 2.5127 0 0.0000 33.886 23.68 -15.91 3.06 2.55 0.51
430 2.1095 1.7813 0 0.0000 34.033 23.76 -16.00 3.05 2.55 0.51
431 2.0736 1.7869 0 0.0000 34.169 23.83 -16.09 3.05 2.55 0.51
432 2.0383 1.7710 0 0.0000 34.304 23.89 -16.18 3.05 2.55 0.51
433 2.2663 1.8599 0 0.0000 34.441 23.96 -16.27 3.05 2.54 0.51
434 2.3359 1.8365 0 0.0000 34.582 24.03 -16.36 3.05 2.54 0.51
435 2.2960 1.8212 0 0.0000 34.728 24.10 -16.45 3.05 2.54 0.51
436 2.2778 1.8449 0 0.0000 34.879 24.18 -16.55 3.05 2.54 0.51
437 2.2071 1.8268 0 0.0000 35.034 24.26 -16.65 3.05 2.54 0.51
438 2.0580 1.7627 0 0.0000 35.192 24.34 -16.75 3.05 2.54 0.51
439 2.1198 1.7917 0 0.0000 35.353 24.43 -16.86 3.05 2.54 0.52
440 2.0070 1.7227 0 0.0000 35.517 24.52 -16.96 3.05 2.54 0.52
441 1.8936 1.6515 0 0.0000 35.682 24.60 -17.07 3.05 2.53 0.52
442 2.0945 1.7767 0 0.0000 35.848 24.69 -17.18 3.05 2.53 0.52
443 2.0326 1.7439 0 0.0000 36.015 24.78 -17.28 3.05 2.53 0.52
444 1.9179 1.6819 0 0.0000 36.183 24.87 -17.39 3.05 2.53 0.52
445 1.7986 1.6151 0 0.0000 36.351 24.96 -17.50 3.05 2.53 0.52
446 1.7817 1.5941 0 0.0000 36.520 25.05 -17.61 3.05 2.53 0.52
447 1.8150 1.6040 0 0.0000 36.689 25.14 -17.72 3.05 2.53 0.52
448 1.7876 1.5790 0 0.0000 36.858 25.24 -17.83 3.05 2.53 0.53
449 1.7146 1.5365 0 0.0000 37.027 25.33 -17.93 3.05 2.52 0.53
450 1.6402 1.5112 0 0.0000 37.196 25.42 -18.04 3.05 2.52 0.53
451 1.6029 1.4609 0 0.0000 37.358 25.51 -18.15 3.07 2.52 0.54
452 2.1326 1.7464 0 0.0000 37.499 25.58 -18.25 3.07 2.52 0.55
453 2.1388 1.7984 0 0.0000 37.614 25.64 -18.33 3.05 2.52 0.54
454 2.1409 1.8538 0 0.0000 37.716 25.68 -18.40 3.05 2.52 0.53
455 1.6966 1.5153 0 0.0000 37.817 25.72 -18.47 3.05 2.52 0.53
456 2.4431 2.0696 0 0.0000 37.917 25.76 -18.54 3.05 2.52 0.53
457 2.1738 1.9160 0 0.0000 38.010 25.80 -18.60 3.05 2.52 0.53
458 1.7525 1.5827 0 0.0000 38.103 25.83 -18.67 3.05 2.51 0.53
459 1.7692 1.4832 0 0.0000 38.204 25.87 -18.73 3.05 2.51 0.54
460 1.6714 1.4911 0 0.0000 38.306 25.91 -18.80 3.05 2.51 0.54
461 2.4709 1.9826 0 0.0000 38.395 25.95 -18.87 3.06 2.51 0.55
462 1.7353 1.5195 0 0.0000 38.468 25.97 -18.92 3.05 2.51 0.54
463 2.7437 2.3360 0 0.0000 38.531 25.99 -18.97 3.05 2.51 0.54
464 1.9491 1.7240 0 0.0000 38.585 26.00 -19.01 3.05 2.51 0.54
465 1.6994 1.4574 0 0.0000 38.641 26.01 -19.05 3.05 2.51 0.54
466 1.1362 1.3779 0 0.0000 38.702 26.02 -19.09 3.05 2.51 0.54
467 2.0778 1.7537 0 0.0000 38.752 26.02 -19.14 3.05 2.51 0.54
468 2.3158 1.8491 0 0.0000 38.792 26.02 -19.17 3.04 2.51 0.54
469 1.7504 1.4350 0 0.0000 38.834 26.01 -19.20 3.05 2.50 0.54
