# step wm_danger det_logit danger fire dist_t dx dy yaw tbrg offaxis
0 -3.2436 -1.5001 0 0.0000 13.454 12.00 -12.00 1.77 2.68 0.91
1 0.2769 0.1523 0 0.0000 12.042 -0.06 12.05 -1.57 -1.57 0.00
2 -0.0738 0.2112 0 0.0000 12.044 -0.06 12.05 -1.57 -1.57 0.00
3 -0.3506 0.1356 0 0.0000 12.043 -0.05 12.05 -1.57 -1.57 0.00
4 -0.3255 0.2490 0 0.0000 12.036 -0.04 12.04 -1.57 -1.57 0.00
5 -0.2828 0.2485 0 0.0000 12.020 -0.04 12.03 -1.57 -1.57 0.00
6 -0.2911 0.2523 0 0.0000 11.992 -0.03 12.00 -1.57 -1.57 0.00
7 -0.2881 0.2749 0 0.0000 11.952 -0.02 11.96 -1.58 -1.57 0.00
8 -0.5615 0.0738 0 0.0000 11.899 -0.01 11.91 -1.58 -1.58 0.00
9 -0.9022 -0.0976 0 0.0000 11.839 -0.00 11.85 -1.57 -1.58 0.00
10 -1.0325 -0.1969 0 0.0000 11.772 0.00 11.78 -1.57 -1.58 0.00
11 -1.2403 -0.4118 0 0.0000 11.701 0.01 11.71 -1.57 -1.58 0.00
12 -1.4153 -0.5219 0 0.0000 11.629 0.01 11.63 -1.57 -1.58 0.00
13 -1.4871 -0.6115 0 0.0000 11.555 0.02 11.56 -1.57 -1.58 0.01
14 -1.6138 -0.7323 0 0.0000 11.477 0.02 11.48 -1.57 -1.58 0.01
15 -1.6928 -0.8402 0 0.0000 11.395 0.03 11.40 -1.57 -1.58 0.01
16 -1.8926 -1.0331 0 0.0000 11.310 0.03 11.31 -1.57 -1.58 0.01
17 -2.0704 -1.1963 0 0.0000 11.222 0.03 11.23 -1.57 -1.58 0.01
18 -2.1876 -1.3438 0 0.0000 11.133 0.03 11.14 -1.57 -1.58 0.01
19 -2.2823 -1.4778 0 0.0000 11.043 0.04 11.05 -1.57 -1.58 0.01
20 -2.3726 -1.6321 0 0.0000 10.952 0.04 10.96 -1.57 -1.58 0.01
21 -2.4022 -1.7306 0 0.0000 10.860 0.04 10.86 -1.57 -1.58 0.01
22 -2.2758 -1.8097 0 0.0000 10.766 0.03 10.77 -1.57 -1.58 0.01
23 -2.1796 -1.8340 0 0.0000 10.671 0.03 10.67 -1.57 -1.58 0.01
24 -2.0440 -1.9740 0 0.0000 10.579 0.03 10.58 -1.57 -1.58 0.01
25 -1.8651 -2.0331 0 0.0000 10.490 0.03 10.49 -1.57 -1.58 0.01
26 -1.7820 -2.1794 0 0.0000 10.402 0.03 10.40 -1.57 -1.58 0.01
27 -1.6511 -2.2206 0 0.0000 10.316 0.02 10.32 -1.57 -1.58 0.01
28 -1.5274 -2.2680 0 0.0000 10.230 0.02 10.23 -1.57 -1.58 0.01
29 -1.4173 -2.3129 0 0.0000 10.143 0.02 10.14 -1.57 -1.58 0.01
30 -1.1737 -2.2770 0 0.0000 10.053 0.02 10.05 -1.57 -1.58 0.01
31 -1.0189 -2.2675 0 0.0000 9.963 0.02 9.96 -1.57 -1.58 0.01
32 -0.8475 -2.2108 0 0.0000 9.873 0.02 9.87 -1.57 -1.58 0.01
33 -0.6552 -2.1736 0 0.0000 9.781 0.02 9.78 -1.57 -1.58 0.01
34 -0.4273 -2.1075 0 0.0000 9.689 0.02 9.69 -1.57 -1.58 0.01
35 -0.3405 -2.0574 0 0.0000 9.597 0.02 9.59 -1.57 -1.58 0.01
36 -0.1201 -1.9627 0 0.0000 9.503 0.02 9.50 -1.57 -1.58 0.01
37 0.1288 -1.8439 0 0.0000 9.410 0.02 9.41 -1.57 -1.58 0.01
38 0.5590 -1.6276 0 0.0000 9.315 0.02 9.31 -1.57 -1.58 0.01
39 0.6836 -1.4930 0 0.0000 9.221 0.02 9.22 -1.57 -1.58 0.01
40 0.7379 -1.3876 0 0.0000 9.128 0.02 9.12 -1.57 -1.58 0.01
41 0.8469 -1.2963 0 0.0000 9.033 0.02 9.03 -1.57 -1.58 0.01
42 1.0549 -1.1383 0 0.0000 8.939 0.02 8.93 -1.57 -1.58 0.01
43 1.2324 -0.9653 0 0.0000 8.843 0.02 8.84 -1.58 -1.58 0.01
44 1.3275 -0.7564 0 0.0000 8.747 0.02 8.74 -1.57 -1.58 0.01
45 1.4447 -0.5514 0 0.0000 8.650 0.02 8.64 -1.57 -1.58 0.01
46 1.5698 -0.3182 0 0.0000 8.554 0.02 8.54 -1.57 -1.58 0.01
47 1.7444 -0.0368 0 0.0000 8.456 0.02 8.45 -1.58 -1.58 0.01
48 1.9119 0.2473 0 0.0000 8.359 0.02 8.35 -1.57 -1.58 0.01
49 2.2864 0.7828 0 0.0000 8.261 0.02 8.25 -1.58 -1.58 0.00
50 2.2722 0.9112 0 0.0000 8.165 0.02 8.15 -1.58 -1.58 0.00
51 2.4852 1.2976 0 0.0000 8.071 0.02 8.06 -1.58 -1.58 0.00
52 2.4991 1.4714 1 0.0500 7.979 0.02 7.96 -1.57 -1.58 0.01
53 2.3989 1.4376 1 0.1000 7.888 0.02 7.87 -1.58 -1.58 0.00
54 2.5001 1.5755 1 0.1500 7.798 0.01 7.78 -1.58 -1.58 0.00
55 3.4640 3.2335 1 0.2000 7.711 0.01 7.69 -1.58 -1.58 0.00
56 3.0656 2.9270 1 0.2500 7.641 -0.00 7.62 -1.59 -1.58 0.01
57 3.0977 2.9792 1 0.3000 7.597 -0.03 7.57 -1.60 -1.58 0.02
58 3.1270 3.0226 1 0.3500 7.582 -0.06 7.54 -1.59 -1.57 0.02
59 3.1077 2.9940 1 0.4000 7.595 -0.11 7.55 -1.59 -1.56 0.03
60 2.9716 2.8274 1 0.4500 7.632 -0.17 7.57 -1.59 -1.56 0.03
61 3.0238 2.8444 1 0.5000 7.691 -0.25 7.62 -1.59 -1.55 0.04
62 3.0165 2.7550 1 0.5500 7.768 -0.32 7.68 -1.58 -1.54 0.05
63 2.8906 2.6116 1 0.6000 7.858 -0.41 7.75 -1.58 -1.53 0.06
64 2.8546 2.5465 1 0.6500 7.959 -0.50 7.84 -1.58 -1.52 0.07
65 2.8738 2.5123 0 0.0000 8.069 -0.59 7.93 -1.58 -1.50 0.08
66 2.8100 2.4215 0 0.0000 8.185 -0.68 8.02 -1.58 -1.49 0.09
67 2.8087 2.2729 0 0.0000 8.307 -0.78 8.12 -1.58 -1.48 0.10
68 2.6914 2.1953 0 0.0000 8.432 -0.88 8.21 -1.58 -1.47 0.11
69 2.8309 1.8084 0 0.0000 8.561 -0.97 8.31 -1.58 -1.46 0.12
70 2.4901 0.8300 0 0.0000 8.692 -1.07 8.41 -1.58 -1.45 0.13
71 1.1238 0.3176 0 0.0000 8.821 -1.17 8.51 -1.59 -1.44 0.15
72 0.2113 0.0573 0 0.0000 8.935 -1.25 8.60 -1.62 -1.43 0.18
73 0.2465 -0.1375 0 0.0000 9.022 -1.32 8.67 -1.63 -1.43 0.20
74 0.2510 -0.3144 0 0.0000 9.077 -1.37 8.70 -1.62 -1.42 0.20
75 0.2155 -0.2718 0 0.0000 9.099 -1.39 8.71 -1.60 -1.42 0.18
76 0.0766 -0.3250 0 0.0000 9.095 -1.40 8.70 -1.59 -1.42 0.17
77 -0.0369 -0.2555 0 0.0000 9.071 -1.38 8.67 -1.59 -1.42 0.17
78 -0.2250 -0.3187 0 0.0000 9.028 -1.35 8.62 -1.58 -1.42 0.16
79 -0.5198 -0.3126 0 0.0000 8.971 -1.31 8.57 -1.58 -1.43 0.16
80 -0.4774 -0.0646 0 0.0000 8.902 -1.27 8.50 -1.58 -1.43 0.15
81 0.0960 0.0250 0 0.0000 8.823 -1.21 8.42 -1.58 -1.43 0.15
82 0.9523 0.2055 0 0.0000 8.736 -1.16 8.34 -1.58 -1.44 0.14
83 1.9782 0.9829 0 0.0000 8.644 -1.10 8.25 -1.58 -1.45 0.14
84 2.1285 1.6533 0 0.0000 8.550 -1.04 8.16 -1.58 -1.45 0.13
85 0.4759 0.3925 0 0.0000 8.461 -0.98 8.07 -1.60 -1.46 0.14
86 0.9396 0.8997 0 0.0000 8.385 -0.94 7.99 -1.59 -1.46 0.13
87 1.5455 1.3440 0 0.0000 8.314 -0.91 7.91 -1.59 -1.46 0.13
88 1.5427 1.6032 0 0.0000 8.244 -0.87 7.84 -1.59 -1.47 0.12
89 0.7740 0.8392 0 0.0000 8.176 -0.84 7.77 -1.59 -1.47 0.12
90 1.2555 1.3629 0 0.0000 8.119 -0.81 7.70 -1.59 -1.47 0.12
91 1.6432 1.7047 0 0.0000 8.065 -0.79 7.64 -1.59 -1.48 0.11
92 0.9337 0.9469 0 0.0000 8.014 -0.77 7.58 -1.59 -1.48 0.11
93 1.8301 1.7145 1 0.0500 7.973 -0.76 7.53 -1.59 -1.48 0.11
94 1.3816 1.3380 1 0.1000 7.940 -0.75 7.48 -1.59 -1.48 0.11
95 1.4534 1.5971 1 0.1500 7.916 -0.75 7.45 -1.58 -1.48 0.11
96 1.2806 1.2445 1 0.2000 7.899 -0.75 7.41 -1.59 -1.48 0.11
97 1.3886 1.5638 1 0.2500 7.890 -0.76 7.39 -1.58 -1.48 0.11
98 1.2659 1.1981 1 0.3000 7.885 -0.78 7.37 -1.58 -1.47 0.11
99 1.5409 1.8060 1 0.3500 7.886 -0.79 7.35 -1.58 -1.47 0.11
100 1.2662 1.2730 1 0.4000 7.890 -0.80 7.33 -1.58 -1.47 0.11
101 1.1374 1.3663 1 0.4500 7.897 -0.82 7.32 -1.58 -1.47 0.11
102 1.4766 1.5195 1 0.5000 7.898 -0.83 7.31 -1.58 -1.47 0.12
103 1.0638 1.3475 1 0.5500 7.890 -0.84 7.29 -1.58 -1.46 0.12
104 1.1889 1.4149 1 0.6000 7.869 -0.84 7.25 -1.58 -1.46 0.12
105 1.1817 1.4209 1 0.6500 7.837 -0.83 7.21 -1.58 -1.46 0.12
106 1.2164 1.4723 1 0.7000 7.794 -0.81 7.16 -1.58 -1.47 0.12
107 1.2564 1.5039 1 0.7500 7.739 -0.79 7.10 -1.58 -1.47 0.12
108 1.1718 1.4728 1 0.8000 7.674 -0.77 7.03 -1.58 -1.47 0.11
109 1.2879 1.6981 1 0.8500 7.601 -0.74 6.95 -1.58 -1.47 0.10
110 1.4275 1.4818 1 0.9000 7.529 -0.71 6.87 -1.58 -1.48 0.10
111 1.3887 1.3972 1 0.9500 7.466 -0.69 6.79 -1.58 -1.48 0.10
112 1.8100 1.7991 0 1.0000 7.407 -0.67 6.72 -1.57 -1.48 0.09
113 1.7839 1.9979 0 1.0000 7.331 -0.65 6.66 -1.56 -1.48 0.08
114 1.7128 2.0546 0 1.0000 7.225 -0.63 6.59 -1.54 -1.48 0.05
115 1.3368 1.8096 0 1.0000 7.088 -0.61 6.52 -1.51 -1.49 0.02
116 0.6774 1.3724 0 1.0000 6.924 -0.59 6.45 -1.49 -1.49 0.00
117 0.9706 1.3362 0 1.0000 6.740 -0.56 6.38 -1.47 -1.49 0.02
118 0.6720 1.0655 0 1.0000 6.545 -0.53 6.31 -1.48 -1.50 0.02
119 0.5301 0.8774 0 1.0000 6.353 -0.50 6.24 -1.47 -1.50 0.03
120 0.8601 1.0578 0 1.0000 6.181 -0.45 6.16 -1.45 -1.51 0.05
121 2.1999 2.2078 0 1.0000 6.052 -0.40 6.09 -1.45 -1.51 0.07
122 -1.0290 -0.6230 0 1.0000 5.992 -0.34 6.01 -1.43 -1.52 0.10
123 -1.1128 0.3232 0 1.0000 6.033 -0.28 5.94 -1.39 -1.53 0.14
124 -1.1911 0.0613 0 1.0000 6.210 -0.22 5.86 -1.36 -1.54 0.18
125 -1.0550 0.0947 0 1.0000 6.550 -0.15 5.79 -1.33 -1.56 0.23
126 -1.0670 0.0666 0 1.0000 7.069 -0.08 5.71 -1.29 -1.57 0.28
127 -0.9401 0.0361 0 1.0000 7.772 -0.02 5.64 -1.25 -1.58 0.33
128 -0.5330 0.0285 0 1.0000 8.653 0.06 5.56 -1.21 -1.59 0.38
129 -0.1955 0.1048 0 1.0000 9.700 0.13 5.49 -1.17 -1.61 0.43
130 0.1909 0.2413 0 1.0000 10.902 0.20 5.42 -1.13 -1.62 0.49
131 0.5285 0.4841 0 1.0000 12.248 0.28 5.35 -1.08 -1.64 0.55
