# step wm_danger det_logit danger fire dist_t
0 nan nan 0 0.0000 8.544
1 nan nan 0 0.0000 19.000
2 nan nan 0 0.0000 18.995
3 nan nan 0 0.0000 18.982
4 nan nan 0 0.0000 18.960
5 nan nan 0 0.0000 18.930
6 nan nan 0 0.0000 18.894
7 nan nan 0 0.0000 18.854
8 nan nan 0 0.0000 18.813
9 nan nan 0 0.0000 18.774
10 nan nan 0 0.0000 18.737
11 nan nan 0 0.0000 18.705
12 nan nan 0 0.0000 18.678
13 nan nan 0 0.0000 18.656
14 nan nan 0 0.0000 18.641
15 nan nan 0 0.0000 18.631
16 nan nan 0 0.0000 18.627
17 nan nan 0 0.0000 18.627
18 nan nan 0 0.0000 18.632
19 nan nan 0 0.0000 18.641
20 nan nan 0 0.0000 18.653
21 nan nan 0 0.0000 18.668
22 nan nan 0 0.0000 18.685
23 nan nan 0 0.0000 18.704
24 nan nan 0 0.0000 18.725
25 nan nan 0 0.0000 18.748
26 nan nan 0 0.0000 18.771
27 nan nan 0 0.0000 18.796
28 nan nan 0 0.0000 18.821
29 nan nan 0 0.0000 18.847
30 nan nan 0 0.0000 18.873
31 nan nan 0 0.0000 18.900
32 nan nan 0 0.0000 18.928
33 nan nan 0 0.0000 18.956
34 nan nan 0 0.0000 18.985
35 nan nan 0 0.0000 19.014
36 nan nan 0 0.0000 19.044
37 nan nan 0 0.0000 19.074
38 nan nan 0 0.0000 19.105
39 nan nan 0 0.0000 19.137
40 nan nan 0 0.0000 19.170
41 nan nan 0 0.0000 19.203
42 nan nan 0 0.0000 19.237
43 nan nan 0 0.0000 19.272
44 nan nan 0 0.0000 19.308
45 nan nan 0 0.0000 19.344
46 nan nan 0 0.0000 19.381
47 nan nan 0 0.0000 19.418
48 nan nan 0 0.0000 19.456
49 nan nan 0 0.0000 19.494
50 nan nan 0 0.0000 19.533
51 nan nan 0 0.0000 19.573
52 nan nan 0 0.0000 19.613
53 nan nan 0 0.0000 19.653
54 nan nan 0 0.0000 19.693
55 nan nan 0 0.0000 19.734
56 nan nan 0 0.0000 19.775
57 nan nan 0 0.0000 19.816
58 nan nan 0 0.0000 19.857
59 nan nan 0 0.0000 19.899
60 nan nan 0 0.0000 19.940
61 nan nan 0 0.0000 19.981
62 nan nan 0 0.0000 20.023
63 nan nan 0 0.0000 20.064
64 nan nan 0 0.0000 20.105
65 nan nan 0 0.0000 20.146
66 nan nan 0 0.0000 20.186
67 nan nan 0 0.0000 20.226
68 nan nan 0 0.0000 20.266
69 nan nan 0 0.0000 20.305
70 nan nan 0 0.0000 20.344
71 nan nan 0 0.0000 20.383
72 nan nan 0 0.0000 20.421
73 nan nan 0 0.0000 20.458
74 nan nan 0 0.0000 20.495
75 nan nan 0 0.0000 20.532
76 nan nan 0 0.0000 20.567
77 nan nan 0 0.0000 20.602
78 nan nan 0 0.0000 20.637
79 nan nan 0 0.0000 20.672
80 nan nan 0 0.0000 20.706
81 nan nan 0 0.0000 20.740
82 nan nan 0 0.0000 20.775
83 nan nan 0 0.0000 20.809
84 nan nan 0 0.0000 20.843
85 nan nan 0 0.0000 20.877
86 nan nan 0 0.0000 20.911
87 nan nan 0 0.0000 20.946
88 nan nan 0 0.0000 20.980
89 nan nan 0 0.0000 21.015
90 nan nan 0 0.0000 21.049
91 nan nan 0 0.0000 21.084
92 nan nan 0 0.0000 21.119
93 nan nan 0 0.0000 21.154
94 nan nan 0 0.0000 21.189
95 nan nan 0 0.0000 21.224
96 nan nan 0 0.0000 21.260
97 nan nan 0 0.0000 21.295
98 nan nan 0 0.0000 21.331
99 nan nan 0 0.0000 21.366
100 nan nan 0 0.0000 21.402
101 nan nan 0 0.0000 21.438
102 nan nan 0 0.0000 21.474
103 nan nan 0 0.0000 21.510
104 nan nan 0 0.0000 21.546
105 nan nan 0 0.0000 21.582
106 nan nan 0 0.0000 21.618
107 nan nan 0 0.0000 21.654
108 nan nan 0 0.0000 21.691
109 nan nan 0 0.0000 21.727
110 nan nan 0 0.0000 21.764
111 nan nan 0 0.0000 21.800
112 nan nan 0 0.0000 21.837
113 nan nan 0 0.0000 21.874
114 nan nan 0 0.0000 21.910
115 nan nan 0 0.0000 21.947
116 nan nan 0 0.0000 21.984
117 nan nan 0 0.0000 22.021
118 nan nan 0 0.0000 22.058
119 nan nan 0 0.0000 22.095
120 nan nan 0 0.0000 22.132
121 nan nan 0 0.0000 22.169
122 nan nan 0 0.0000 22.206
123 nan nan 0 0.0000 22.243
124 nan nan 0 0.0000 22.280
125 nan nan 0 0.0000 22.317
126 nan nan 0 0.0000 22.354
127 nan nan 0 0.0000 22.391
128 nan nan 0 0.0000 22.428
129 nan nan 0 0.0000 22.465
130 nan nan 0 0.0000 22.502
131 nan nan 0 0.0000 22.539
132 nan nan 0 0.0000 22.576
133 nan nan 0 0.0000 22.613
134 nan nan 0 0.0000 22.650
135 nan nan 0 0.0000 22.686
136 nan nan 0 0.0000 22.723
137 nan nan 0 0.0000 22.760
138 nan nan 0 0.0000 22.796
139 nan nan 0 0.0000 22.833
140 nan nan 0 0.0000 22.869
141 nan nan 0 0.0000 22.906
142 nan nan 0 0.0000 22.942
143 nan nan 0 0.0000 22.978
144 nan nan 0 0.0000 23.014
145 nan nan 0 0.0000 23.050
146 nan nan 0 0.0000 23.086
147 nan nan 0 0.0000 23.121
148 nan nan 0 0.0000 23.157
149 nan nan 0 0.0000 23.192
150 nan nan 0 0.0000 23.228
151 nan nan 0 0.0000 23.263
152 nan nan 0 0.0000 23.298
153 nan nan 0 0.0000 23.333
154 nan nan 0 0.0000 23.368
155 nan nan 0 0.0000 23.403
156 nan nan 0 0.0000 23.438
157 nan nan 0 0.0000 23.473
158 nan nan 0 0.0000 23.508
159 nan nan 0 0.0000 23.542
160 nan nan 0 0.0000 23.576
161 nan nan 0 0.0000 23.610
162 nan nan 0 0.0000 23.643
163 nan nan 0 0.0000 23.677
164 nan nan 0 0.0000 23.709
165 nan nan 0 0.0000 23.742
166 nan nan 0 0.0000 23.774
167 nan nan 0 0.0000 23.805
168 nan nan 0 0.0000 23.837
169 nan nan 0 0.0000 23.867
170 nan nan 0 0.0000 23.898
171 nan nan 0 0.0000 23.928
172 nan nan 0 0.0000 23.957
173 nan nan 0 0.0000 23.986
174 nan nan 0 0.0000 24.015
175 nan nan 0 0.0000 24.044
176 nan nan 0 0.0000 24.072
177 nan nan 0 0.0000 24.099
178 nan nan 0 0.0000 24.127
179 nan nan 0 0.0000 24.154
180 nan nan 0 0.0000 24.180
181 nan nan 0 0.0000 24.207
182 nan nan 0 0.0000 24.233
183 nan nan 0 0.0000 24.258
184 nan nan 0 0.0000 24.283
185 nan nan 0 0.0000 24.308
186 nan nan 0 0.0000 24.333
187 nan nan 0 0.0000 24.357
188 nan nan 0 0.0000 24.380
189 nan nan 0 0.0000 24.404
190 nan nan 0 0.0000 24.427
191 nan nan 0 0.0000 24.449
192 nan nan 0 0.0000 24.472
193 nan nan 0 0.0000 24.495
194 nan nan 0 0.0000 24.520
195 nan nan 0 0.0000 24.545
196 nan nan 0 0.0000 24.569
197 nan nan 0 0.0000 24.591
198 nan nan 0 0.0000 24.609
199 nan nan 0 0.0000 24.622
200 nan nan 0 0.0000 24.630
201 nan nan 0 0.0000 24.632
202 nan nan 0 0.0000 24.628
203 nan nan 0 0.0000 24.618
204 nan nan 0 0.0000 24.604
205 nan nan 0 0.0000 24.584
206 nan nan 0 0.0000 24.561
207 nan nan 0 0.0000 24.534
208 nan nan 0 0.0000 24.504
209 nan nan 0 0.0000 24.472
210 nan nan 0 0.0000 24.438
211 nan nan 0 0.0000 24.402
212 nan nan 0 0.0000 24.365
213 nan nan 0 0.0000 24.326
214 nan nan 0 0.0000 24.287
215 nan nan 0 0.0000 24.248
216 nan nan 0 0.0000 24.208
217 nan nan 0 0.0000 24.167
218 nan nan 0 0.0000 24.127
219 nan nan 0 0.0000 24.086
220 nan nan 0 0.0000 24.046
221 nan nan 0 0.0000 24.006
222 nan nan 0 0.0000 23.966
223 nan nan 0 0.0000 23.928
224 nan nan 0 0.0000 23.890
225 nan nan 0 0.0000 23.853
226 nan nan 0 0.0000 23.817
227 nan nan 0 0.0000 23.781
228 nan nan 0 0.0000 23.747
229 nan nan 0 0.0000 23.714
230 nan nan 0 0.0000 23.681
231 nan nan 0 0.0000 23.649
232 nan nan 0 0.0000 23.618
233 nan nan 0 0.0000 23.587
234 nan nan 0 0.0000 23.557
235 nan nan 0 0.0000 23.528
236 nan nan 0 0.0000 23.499
237 nan nan 0 0.0000 23.470
238 nan nan 0 0.0000 23.442
239 nan nan 0 0.0000 23.413
240 nan nan 0 0.0000 23.385
241 nan nan 0 0.0000 23.357
242 nan nan 0 0.0000 23.329
243 nan nan 0 0.0000 23.301
244 nan nan 0 0.0000 23.273
245 nan nan 0 0.0000 23.245
246 nan nan 0 0.0000 23.217
247 nan nan 0 0.0000 23.188
248 nan nan 0 0.0000 23.160
249 nan nan 0 0.0000 23.131
250 nan nan 0 0.0000 23.101
251 nan nan 0 0.0000 23.071
252 nan nan 0 0.0000 23.041
253 nan nan 0 0.0000 23.011
254 nan nan 0 0.0000 22.980
255 nan nan 0 0.0000 22.948
256 nan nan 0 0.0000 22.916
257 nan nan 0 0.0000 22.884
258 nan nan 0 0.0000 22.851
259 nan nan 0 0.0000 22.818
260 nan nan 0 0.0000 22.784
261 nan nan 0 0.0000 22.750
262 nan nan 0 0.0000 22.715
263 nan nan 0 0.0000 22.680
264 nan nan 0 0.0000 22.645
265 nan nan 0 0.0000 22.608
266 nan nan 0 0.0000 22.572
267 nan nan 0 0.0000 22.535
268 nan nan 0 0.0000 22.498
269 nan nan 0 0.0000 22.461
270 nan nan 0 0.0000 22.424
271 nan nan 0 0.0000 22.386
272 nan nan 0 0.0000 22.349
273 nan nan 0 0.0000 22.312
274 nan nan 0 0.0000 22.275
275 nan nan 0 0.0000 22.238
276 nan nan 0 0.0000 22.201
277 nan nan 0 0.0000 22.164
278 nan nan 0 0.0000 22.127
279 nan nan 0 0.0000 22.090
280 nan nan 0 0.0000 22.054
281 nan nan 0 0.0000 22.018
282 nan nan 0 0.0000 21.981
283 nan nan 0 0.0000 21.945
284 nan nan 0 0.0000 21.909
285 nan nan 0 0.0000 21.874
286 nan nan 0 0.0000 21.838
287 nan nan 0 0.0000 21.803
288 nan nan 0 0.0000 21.767
289 nan nan 0 0.0000 21.732
290 nan nan 0 0.0000 21.697
291 nan nan 0 0.0000 21.663
292 nan nan 0 0.0000 21.628
293 nan nan 0 0.0000 21.593
294 nan nan 0 0.0000 21.559
295 nan nan 0 0.0000 21.525
296 nan nan 0 0.0000 21.491
297 nan nan 0 0.0000 21.457
298 nan nan 0 0.0000 21.424
299 nan nan 0 0.0000 21.390
