# step wm_danger det_logit danger fire dist_t
0 nan nan 0 0.0000 12.042
1 nan nan 0 0.0000 13.454
2 nan nan 0 0.0000 13.458
3 nan nan 0 0.0000 13.465
4 nan nan 0 0.0000 13.477
5 nan nan 0 0.0000 13.491
6 nan nan 0 0.0000 13.506
7 nan nan 0 0.0000 13.520
8 nan nan 0 0.0000 13.531
9 nan nan 0 0.0000 13.537
10 nan nan 0 0.0000 13.537
11 nan nan 0 0.0000 13.531
12 nan nan 0 0.0000 13.517
13 nan nan 0 0.0000 13.497
14 nan nan 0 0.0000 13.471
15 nan nan 0 0.0000 13.439
16 nan nan 0 0.0000 13.402
17 nan nan 0 0.0000 13.361
18 nan nan 0 0.0000 13.318
19 nan nan 0 0.0000 13.271
20 nan nan 0 0.0000 13.224
21 nan nan 0 0.0000 13.175
22 nan nan 0 0.0000 13.126
23 nan nan 0 0.0000 13.077
24 nan nan 0 0.0000 13.028
25 nan nan 0 0.0000 12.979
26 nan nan 0 0.0000 12.931
27 nan nan 0 0.0000 12.883
28 nan nan 0 0.0000 12.836
29 nan nan 0 0.0000 12.790
30 nan nan 0 0.0000 12.744
31 nan nan 0 0.0000 12.698
32 nan nan 0 0.0000 12.653
33 nan nan 0 0.0000 12.609
34 nan nan 0 0.0000 12.565
35 nan nan 0 0.0000 12.521
36 nan nan 0 0.0000 12.477
37 nan nan 0 0.0000 12.434
38 nan nan 0 0.0000 12.391
39 nan nan 0 0.0000 12.348
40 nan nan 0 0.0000 12.306
41 nan nan 0 0.0000 12.263
42 nan nan 0 0.0000 12.221
43 nan nan 0 0.0000 12.179
44 nan nan 0 0.0000 12.138
45 nan nan 0 0.0000 12.096
46 nan nan 0 0.0000 12.055
47 nan nan 0 0.0000 12.014
48 nan nan 0 0.0000 11.973
49 nan nan 0 0.0000 11.932
50 nan nan 0 0.0000 11.892
51 nan nan 0 0.0000 11.852
52 nan nan 0 0.0000 11.813
53 nan nan 0 0.0000 11.774
54 nan nan 0 0.0000 11.735
55 nan nan 0 0.0000 11.698
56 nan nan 0 0.0000 11.660
57 nan nan 0 0.0000 11.624
58 nan nan 0 0.0000 11.588
59 nan nan 0 0.0000 11.552
60 nan nan 0 0.0000 11.517
61 nan nan 0 0.0000 11.482
62 nan nan 0 0.0000 11.448
63 nan nan 0 0.0000 11.414
64 nan nan 0 0.0000 11.381
65 nan nan 0 0.0000 11.348
66 nan nan 0 0.0000 11.315
67 nan nan 0 0.0000 11.283
68 nan nan 0 0.0000 11.251
69 nan nan 0 0.0000 11.219
70 nan nan 0 0.0000 11.188
71 nan nan 0 0.0000 11.156
72 nan nan 0 0.0000 11.125
73 nan nan 0 0.0000 11.094
74 nan nan 0 0.0000 11.063
75 nan nan 0 0.0000 11.033
76 nan nan 0 0.0000 11.002
77 nan nan 0 0.0000 10.972
78 nan nan 0 0.0000 10.942
79 nan nan 0 0.0000 10.912
80 nan nan 0 0.0000 10.882
81 nan nan 0 0.0000 10.852
82 nan nan 0 0.0000 10.822
83 nan nan 0 0.0000 10.792
84 nan nan 0 0.0000 10.762
85 nan nan 0 0.0000 10.733
86 nan nan 0 0.0000 10.703
87 nan nan 0 0.0000 10.674
88 nan nan 0 0.0000 10.645
89 nan nan 0 0.0000 10.615
90 nan nan 0 0.0000 10.586
91 nan nan 0 0.0000 10.557
92 nan nan 0 0.0000 10.528
93 nan nan 0 0.0000 10.499
94 nan nan 0 0.0000 10.470
95 nan nan 0 0.0000 10.441
96 nan nan 0 0.0000 10.413
97 nan nan 0 0.0000 10.384
98 nan nan 0 0.0000 10.356
99 nan nan 0 0.0000 10.328
100 nan nan 0 0.0000 10.300
101 nan nan 0 0.0000 10.272
102 nan nan 0 0.0000 10.244
103 nan nan 0 0.0000 10.216
104 nan nan 0 0.0000 10.189
105 nan nan 0 0.0000 10.162
106 nan nan 0 0.0000 10.135
107 nan nan 0 0.0000 10.108
108 nan nan 0 0.0000 10.081
109 nan nan 0 0.0000 10.055
110 nan nan 0 0.0000 10.029
111 nan nan 0 0.0000 10.003
112 nan nan 0 0.0000 9.978
113 nan nan 0 0.0000 9.953
114 nan nan 0 0.0000 9.928
115 nan nan 0 0.0000 9.904
116 nan nan 0 0.0000 9.880
117 nan nan 0 0.0000 9.856
118 nan nan 0 0.0000 9.832
119 nan nan 0 0.0000 9.809
120 nan nan 0 0.0000 9.787
121 nan nan 0 0.0000 9.764
122 nan nan 0 0.0000 9.742
123 nan nan 0 0.0000 9.720
124 nan nan 0 0.0000 9.699
125 nan nan 0 0.0000 9.678
126 nan nan 0 0.0000 9.657
127 nan nan 0 0.0000 9.636
128 nan nan 0 0.0000 9.616
129 nan nan 0 0.0000 9.597
130 nan nan 0 0.0000 9.576
131 nan nan 0 0.0000 9.551
132 nan nan 0 0.0000 9.523
133 nan nan 0 0.0000 9.490
134 nan nan 0 0.0000 9.454
135 nan nan 0 0.0000 9.413
136 nan nan 0 0.0000 9.370
137 nan nan 0 0.0000 9.325
138 nan nan 0 0.0000 9.279
139 nan nan 0 0.0000 9.232
140 nan nan 0 0.0000 9.184
141 nan nan 0 0.0000 9.137
142 nan nan 0 0.0000 9.091
143 nan nan 0 0.0000 9.045
144 nan nan 0 0.0000 9.000
145 nan nan 0 0.0000 8.956
146 nan nan 0 0.0000 8.912
147 nan nan 0 0.0000 8.870
148 nan nan 0 0.0000 8.829
149 nan nan 0 0.0000 8.788
150 nan nan 0 0.0000 8.748
151 nan nan 0 0.0000 8.709
152 nan nan 0 0.0000 8.670
153 nan nan 0 0.0000 8.632
154 nan nan 0 0.0000 8.595
155 nan nan 0 0.0000 8.558
156 nan nan 0 0.0000 8.521
157 nan nan 0 0.0000 8.485
158 nan nan 0 0.0000 8.449
159 nan nan 0 0.0000 8.413
160 nan nan 0 0.0000 8.378
161 nan nan 0 0.0000 8.342
162 nan nan 0 0.0000 8.307
163 nan nan 0 0.0000 8.273
164 nan nan 0 0.0000 8.238
165 nan nan 0 0.0000 8.203
166 nan nan 0 0.0000 8.169
167 nan nan 0 0.0000 8.134
168 nan nan 0 0.0000 8.100
169 nan nan 0 0.0000 8.066
170 nan nan 0 0.0000 8.031
171 nan nan 0 0.0000 7.997
172 nan nan 0 0.0000 7.962
173 nan nan 0 0.0000 7.928
174 nan nan 0 0.0000 7.893
175 nan nan 0 0.0000 7.859
176 nan nan 0 0.0000 7.825
177 nan nan 0 0.0000 7.790
178 nan nan 0 0.0000 7.756
179 nan nan 0 0.0000 7.721
180 nan nan 0 0.0000 7.687
181 nan nan 0 0.0000 7.653
182 nan nan 0 0.0000 7.619
183 nan nan 0 0.0000 7.584
184 nan nan 0 0.0000 7.551
185 nan nan 0 0.0000 7.517
186 nan nan 0 0.0000 7.483
187 nan nan 0 0.0000 7.450
188 nan nan 0 0.0000 7.416
189 nan nan 0 0.0000 7.383
190 nan nan 0 0.0000 7.351
191 nan nan 0 0.0000 7.318
192 nan nan 0 0.0000 7.286
193 nan nan 0 0.0000 7.254
194 nan nan 0 0.0000 7.222
195 nan nan 0 0.0000 7.191
196 nan nan 0 0.0000 7.161
197 nan nan 0 0.0000 7.130
198 nan nan 0 0.0000 7.100
199 nan nan 0 0.0000 7.071
200 nan nan 0 0.0000 7.042
201 nan nan 0 0.0000 7.013
202 nan nan 0 0.0000 6.985
203 nan nan 0 0.0000 6.958
204 nan nan 0 0.0000 6.931
205 nan nan 0 0.0000 6.905
206 nan nan 0 0.0000 6.879
207 nan nan 0 0.0000 6.854
208 nan nan 0 0.0000 6.830
209 nan nan 0 0.0000 6.806
210 nan nan 0 0.0000 6.783
211 nan nan 0 0.0000 6.760
212 nan nan 0 0.0000 6.738
213 nan nan 0 0.0000 6.717
214 nan nan 0 0.0000 6.697
215 nan nan 0 0.0000 6.677
216 nan nan 0 0.0000 6.658
217 nan nan 0 0.0000 6.639
218 nan nan 0 0.0000 6.621
219 nan nan 0 0.0000 6.604
220 nan nan 0 0.0000 6.588
221 nan nan 0 0.0000 6.572
222 nan nan 0 0.0000 6.557
223 nan nan 0 0.0000 6.543
224 nan nan 0 0.0000 6.529
225 nan nan 0 0.0000 6.516
226 nan nan 0 0.0000 6.503
227 nan nan 0 0.0000 6.491
228 nan nan 1 0.0500 6.479
229 nan nan 1 0.1000 6.467
230 nan nan 1 0.1500 6.456
231 nan nan 1 0.2000 6.445
232 nan nan 1 0.2500 6.435
233 nan nan 1 0.3000 6.425
234 nan nan 1 0.3500 6.415
235 nan nan 1 0.4000 6.405
236 nan nan 1 0.4500 6.396
237 nan nan 1 0.5000 6.387
238 nan nan 1 0.5500 6.378
239 nan nan 1 0.6000 6.369
240 nan nan 1 0.6500 6.361
241 nan nan 1 0.7000 6.353
242 nan nan 1 0.7500 6.345
243 nan nan 1 0.8000 6.337
244 nan nan 1 0.8500 6.330
245 nan nan 1 0.9000 6.322
246 nan nan 1 0.9500 6.316
247 nan nan 0 1.0000 6.310
248 nan nan 0 1.0000 6.298
249 nan nan 0 1.0000 6.275
250 nan nan 0 1.0000 6.247
251 nan nan 0 1.0000 6.221
252 nan nan 0 1.0000 6.206
253 nan nan 0 1.0000 6.205
254 nan nan 0 1.0000 6.154
255 nan nan 0 1.0000 6.147
256 nan nan 0 1.0000 6.165
257 nan nan 0 1.0000 6.167
258 nan nan 0 1.0000 6.167
259 nan nan 0 1.0000 6.167
260 nan nan 0 1.0000 6.167
261 nan nan 0 1.0000 6.167
262 nan nan 0 1.0000 6.167
